score,gc_multi,rsi,macd_buy_like,vol_surge,vol_quiet,vol_down,hurst,close,close_adj,adv20,adv20_m,hh252,pct_of_52w_high,max_dd_252,dev200,atr14,natr14,pullback_20d,pullback_60d,adx14,plus_di14,minus_di14,skip_reason,sell_score,sell_reason,sell_trend_break,sell_cross_sma25_down,sell_macd_sell_like,sell_rsi_reversal,sell_trailing_stop,sell_ext_dev200,sell_di_bear,sell_vol_distribution,sell_natr_spike,ticker,skip_reason_yahoo,mkt_price,pe_ttm,pbr,eps_ttm,bps,market_cap,earn_ts,earn_start_ts,earn_end_ts,market_risk_on,market_close,market_ma200,fund_ok,earn_ts_pick,next_earn_date,days_to_earnings
3,False,39.33333333333333,True,False,True,False,0.4941124879056409,4280.0,4280.0,299394225.0,299.394225,5282.16650390625,0.8102735869524123,-0.21149778279046805,-0.09652887661976328,91.62122215708054,2.140682760679452,-0.05622932745314224,-0.16893203883495145,31.970219448734987,18.811453018740114,30.06338904873274,,2,trend_break;di_bear,True,False,False,False,False,False,True,False,False,1301.T,,4280.0,7.427976,0.65732354,576.2,6511.253,50834771968.0,,1754274600.0,1754620200.0,True,,,True,1754274600.0,2025-08-04,-222.0
6,True,49.312714776632305,False,False,False,True,0.2632938543734361,4120.0,4120.0,917632801.0,917.632801,4287.0,0.9610450198273851,-0.11398467432950188,0.10921306448377854,70.25380561312255,1.7051894566291883,-0.038954980172614895,-0.038954980172614895,13.988267194760468,27.665200153687262,29.69415067352614,fund_small_mcap,1,macd_sell_like,False,False,True,False,False,False,False,False,False,1305.T,,4120.0,17.213419,,239.34814,,,,,,True,,,False,,,
1,False,49.05660486000509,False,False,False,True,0.49740034748157874,407.79998779296875,407.79998779296875,8151753355.584259,8151.753355584259,4131.0,0.09871701471628389,-0.9100944096111149,-0.8536928080554477,16.269381204893765,3.989549213315175,-0.03775365847300638,-0.8956232434622553,66.52484614633086,15.629430474913839,59.969256991576835,fund_small_mcap,2,trend_break;di_bear,True,False,False,False,False,False,True,False,False,1306.T,,407.8,17.323477,,23.540308,,,,,,True,,,False,,,
6,True,48.93203883495146,False,False,True,True,0.264293145450991,4027.0,4027.0,1561249797.05,1561.2497970499999,4180.0,0.9633971291866029,-0.11698482623592754,0.10865172313164506,68.68226099230709,1.7055441021183781,-0.03660287081339708,-0.03660287081339708,13.94788832922043,27.465663980572515,29.631278813593347,fund_small_mcap,1,macd_sell_like,False,False,True,False,False,False,False,False,False,1308.T,,4027.0,17.238083,,233.61066,,,,,,True,,,False,,,
6,True,38.29431438127091,False,False,True,True,0.3811037120040496,53200.0,53200.0,6673841.0,6.673841,57490.0,0.925378326665507,-0.45868945868945865,0.0048732575271051015,970.3073628551152,1.823886020404352,-0.04881101376720898,-0.05506216696269983,17.691373312221994,13.122219822559739,28.45747313121305,"fund_low_adv20,fund_small_mcap",1,macd_sell_like,False,False,True,False,False,False,False,False,False,1309.T,,53200.0,13.464418,,3951.1548,,,,,,True,,,False,,,
5,True,48.64864864864865,False,False,True,True,0.26886820013092355,2034.0,2034.0,64161944.6,64.1619446,2090.0,0.9732057416267943,-0.10214250124564028,0.11106407327341916,35.90025940006274,1.7650078367779123,-0.026794258373205704,-0.026794258373205704,19.418821210518512,25.13112885005534,27.878532607550436,"fund_low_adv20,fund_small_mcap",1,macd_sell_like,False,False,True,False,False,False,False,False,False,1311.T,,2034.0,17.803019,,114.25028,,,,,,True,,,False,,,
5,True,59.02062139471668,False,False,True,True,0.21718633313302158,740.0,740.0,2224100.003051758,2.224100003051758,750.0,0.9866666666666667,-0.09737164808473209,0.12415451152240053,6.670439608979168,0.9014107579701579,-0.013333333333333308,-0.013333333333333308,27.821749763158405,52.35698402099464,30.313245440878315,"fund_low_adv20,fund_small_mcap",1,macd_sell_like,False,False,True,False,False,False,False,False,False,1319.T,,740.0,18.336727,,40.356167,,,,,,True,,,False,,,
4,True,58.55143031040779,False,False,True,True,0.3374660555249721,67070.0,67070.0,3593304153.5,3593.3041535,71400.0,0.9393557422969188,-0.12551271534044295,0.22974189538301304,1659.4649558550186,2.4742283522514072,-0.06064425770308124,-0.06064425770308124,32.25549272640452,31.805213918613706,26.45293749642964,fund_small_mcap,1,macd_sell_like;ext_dev200,False,False,True,False,False,True,False,False,False,1320.T,,67070.0,21.790104,,3078.0027,,,,,,True,,,False,,,
4,True,58.46724351050679,False,False,False,True,0.33745613856749784,67270.0,67270.0,30902281654.0,30902.281654,71580.0,0.939787650181615,-0.125,0.2289676087472825,1650.9350905477759,2.4541921964438473,-0.06021234981838497,-0.06021234981838497,32.25149343638637,31.90563565089216,26.90004700951414,fund_small_mcap,1,macd_sell_like;ext_dev200,False,False,True,False,False,True,False,False,False,1321.T,,67270.0,21.845022,,3079.4202,,,,,,True,,,False,,,
6,True,46.10591900311527,False,False,True,True,0.3819785575053038,11935.0,11935.0,6460947.0,6.460947,12480.0,0.9563301282051282,-0.4462975778546713,0.08601591852742252,268.63196178442024,2.2507914686587367,-0.043669871794871806,-0.043669871794871806,17.06120352103265,21.79459852471556,22.40360466345338,"fund_low_adv20,fund_small_mcap",1,macd_sell_like,False,False,True,False,False,False,False,False,False,1322.T,,11935.0,15.856123,,752.70605,,,,,,True,,,False,,,
4,True,18.750093293948083,False,False,True,True,0.3590502518448622,285.0,285.0,10708338.06072998,10.70833806072998,351.8999938964844,0.8098891871076195,-0.19295252933837215,0.047942450617187715,6.033125326065176,2.116886079321114,-0.0836012861736335,-0.19011081289238052,30.75716396391148,17.05429452885615,38.17859547154192,"fund_low_adv20,fund_small_mcap",2,trailing_stop;di_bear,False,False,False,False,True,False,True,False,False,1325.T,,285.0,11.697038,,24.365143,,,,,,True,,,False,,,
3,True,29.770992366412216,False,True,False,True,0.0807696031256318,61950.0,61950.0,819997291.5,819.9972915,78570.0,0.7884688812523865,-0.9935746394210125,0.031217374113768903,1159.6377259670749,1.8718930201244144,-0.08856848609680745,-0.1774000796706945,24.93437928897683,15.131711680312018,50.005063116382246,"fund_neg_eps,fund_small_mcap",4,macd_sell_like;trailing_stop;di_bear;vol_distribution,False,False,True,False,True,False,True,True,False,1326.T,,61950.0,-53.3225684005037,364.37534,-1161.797,170.017,,,,,True,,,False,,,
1,False,29.595588235294116,False,True,False,True,0.46172104820792936,15970.0,15970.0,658845867.25,658.84586725,20285.0,0.787281242297264,-0.21271875770273596,-0.011419436410035066,299.97718722954875,1.8783793815250391,-0.08925007128599938,-0.17849794238683125,27.159290305108428,14.44923939165014,50.4512050706309,"fund_neg_eps,fund_small_mcap",5,trend_break;macd_sell_like;trailing_stop;di_bear;vol_distribution,True,False,True,False,True,False,True,True,False,1328.T,,15970.0,,,,,,,,,True,,,False,,,
4,True,58.68893011750154,False,False,False,True,0.33668043552632915,6700.0,6700.0,5432128786.75,5432.12878675,7129.0,0.9398232571188105,-0.12465055089623422,0.23061391278497978,166.92665802149082,2.4914426570371764,-0.06017674288118946,-0.06017674288118946,32.10273752341506,31.465053631055596,26.487548671687623,fund_small_mcap,1,macd_sell_like;ext_dev200,False,False,True,False,False,True,False,False,False,1329.T,,6700.0,21.922607,,305.62057,,,,,,True,,,False,,,
4,True,58.11138014527845,False,True,False,True,0.3384246957405633,67360.0,67360.0,3368596291.0,3368.596291,71680.0,0.9397321428571429,-0.12450980392156863,0.22904120736512446,1667.8633379799398,2.4760441478324524,-0.060267857142857095,-0.060267857142857095,32.47566793741026,31.789559899134034,26.26272750538779,fund_small_mcap,2,macd_sell_like;ext_dev200;vol_distribution,False,False,True,False,False,True,False,True,False,1330.T,,67360.0,21.848812,,3083.0051,,,,,,True,,,False,,,
5,True,39.46280991735538,False,False,True,False,0.47991120942330356,1285.0,1285.0,2290697835.0,2290.697835,1539.71826171875,0.8345682661226514,-0.23005394592342154,0.0645444251148668,36.03910359777661,2.8045995017724987,-0.05653450807635829,-0.08181493390496608,17.36889817812426,19.755615064244562,22.347992457716437,,0,,False,False,False,False,False,False,False,False,False,1332.T,,1285.0,14.247699,1.2984992,90.19,989.604,389704318976.0,1785997800.0,1785997800.0,1785997800.0,True,,,True,1785997800.0,2026-08-06,41.0
6,True,45.23076923076923,True,False,True,True,0.5834257970988697,1277.5,1277.5,734073467.5,734.0734675,1555.943359375,0.8210453113879115,-0.23326257809332407,0.0035537880751035367,29.335087262143876,2.296288631087583,-0.028517110266159662,-0.14804934978326112,25.893898462255084,19.32942566908861,21.89252869080431,,1,di_bear,False,False,False,False,False,False,True,False,False,1333.T,,1277.5,8.815208,0.78116834,144.92,1635.371,193136656384.0,1778481000.0,1785738600.0,1785738600.0,True,,,True,1785738600.0,2026-08-03,38.0
4,False,40.7103825136612,True,False,True,True,0.5582257964755636,1918.0,1918.0,1927612229.75,1927.61222975,2185.23876953125,0.8777072907284293,-0.13922449746601895,-0.06620547493518747,22.996704698894913,1.198993988472102,-0.029106555302455095,-0.0965813128543368,43.979322075517835,13.527156019464414,28.301328396591202,fund_small_mcap,2,trend_break;di_bear,True,False,False,False,False,False,True,False,False,1343.T,,1918.0,20.45404,,93.7712,,,,,,True,,,False,,,
4,False,39.583333333333336,True,False,True,True,0.5526486756438447,1807.0,1807.0,79436454.1,79.43645409999999,2062.346435546875,0.876186449014729,-0.1369054348388392,-0.06785337124664603,21.0373128621984,1.1642121119091533,-0.026925148088314477,-0.09655045509848537,40.78557636271834,15.393678300342694,30.48306853761752,"fund_low_adv20,fund_small_mcap",2,trend_break;di_bear,True,False,False,False,False,False,True,False,False,1345.T,,1807.0,20.446249,,88.37807,,,,,,True,,,False,,,
4,True,58.91373801916932,False,False,True,True,0.3409404226837706,66900.0,66900.0,1832692017.5,1832.6920175,71110.0,0.9407959499367178,-0.12746710526315785,0.22905101476552825,1640.8484507750431,2.4526882672272694,-0.05920405006328222,-0.05920405006328222,32.33888066957178,32.24981219861541,26.947351064863895,fund_small_mcap,1,macd_sell_like;ext_dev200,False,False,True,False,False,True,False,False,False,1346.T,,66900.0,21.87401,,3058.424,,,,,,True,,,False,,,
6,True,49.52919020715631,False,True,False,True,0.27058366671440814,4032.0,4032.0,325948424.5,325.9484245,4180.0,0.9645933014354067,-0.11437668381092336,0.11080942156476903,68.4963302326894,1.6988177141043999,-0.03540669856459333,-0.03540669856459333,13.396494120546413,26.576398045492596,30.11841421568542,fund_small_mcap,2,macd_sell_like;vol_distribution,False,False,True,False,False,False,False,True,False,1348.T,,4032.0,17.331282,,232.64291,,,,,,True,,,False,,,
6,True,49.78354978354978,False,False,True,False,0.03712833090828762,17760.0,17760.0,261563.75,0.26156375,18200.0,0.9758241758241758,-0.9934778641893591,0.02293786980609469,135.2656327174096,0.7616308148502793,-0.004205214465937801,-0.0241758241758242,18.62724028087674,22.17252034326255,42.85380946546245,"fund_neg_eps,fund_low_adv20,fund_small_mcap",0,,False,False,False,False,False,False,False,False,False,1349.T,,17760.0,-19.695146632362807,147.9667,-901.745,120.027,,,,,True,,,False,,,
2,False,50.0,True,False,False,True,0.2164377434154783,122.80000305175781,122.80000305175781,977664221.1460915,977.6642211460914,278.3999938964844,0.4410919746550631,-0.7056216623401992,-0.25261855748433526,4.173199552506404,3.398370886641983,-0.03230889223657707,-0.21882948196118934,14.702085369738176,28.8723861391343,28.626944095962546,"fund_neg_eps,fund_small_mcap",1,trend_break,True,False,False,False,False,False,False,False,False,1356.T,,122.8,,,,,,,,,True,,,False,,,
2,False,38.74915023793338,True,False,True,True,0.32989572420650637,3123.0,3123.0,30130164642.2,30130.1646422,11500.0,0.27156521739130435,-0.9953290870488323,-0.4370878534085205,163.95250555651563,5.249840075456793,-0.15066630405221648,-0.4079620853080569,34.017409506687144,24.629501701295588,34.38423382688346,"fund_neg_eps,fund_small_mcap",3,trend_break;trailing_stop;di_bear,True,False,False,False,True,False,True,False,False,1357.T,,3123.0,,,,,,,,,True,,,False,,,
4,True,57.02290076335877,False,False,True,True,0.34235760117948794,128400.0,128400.0,2257798160.0,2257.79816,146600.0,0.8758526603001364,-0.26188559484511253,0.4289052849464161,6304.95358335127,4.910399987033699,-0.12414733969986358,-0.12414733969986358,31.363193719696543,31.68656797080278,27.79391156454581,fund_small_mcap,2,macd_sell_like;trailing_stop;ext_dev200,False,False,True,False,True,True,False,False,False,1358.T,,128400.0,20.941793,,6131.2803,,,,,,True,,,False,,,
2,False,39.024389235324286,True,False,True,True,0.33023815687784447,76.69999694824219,76.69999694824219,15823937411.68626,15823.93741168626,282.5,0.27150441397607855,-0.786605077307439,-0.43710555593540146,4.08642658876188,5.327805412455799,-0.1506091433432225,-0.40817906376501656,34.34839033134322,24.112656455239506,34.143658315701146,"fund_neg_eps,fund_small_mcap",3,trend_break;trailing_stop;di_bear,True,False,False,False,True,False,True,False,False,1360.T,,76.7,,,,,,,,,True,,,False,,,
6,True,48.94736842105263,False,False,True,True,0.2394014027504093,3599.0,3599.0,35787468.75,35.78746875,3765.0,0.9559096945551129,-0.907126289005177,0.11313838774088492,64.36419008397037,1.7883909442614718,-0.04409030544488712,-0.04409030544488712,14.064645462920426,26.713714926517483,31.35259058810242,"fund_low_adv20,fund_small_mcap",1,macd_sell_like,False,False,True,False,False,False,False,False,False,1364.T,,3599.0,17.39309,,206.92126,,,,,,True,,,False,,,
0,False,57.29468599033816,False,False,False,True,0.46658818186581896,4148.0,4148.0,2078631450.4,2078.6314504,89330.0,0.046434568454046796,-0.9613343781484384,-0.9247020553089544,860.7751830414151,20.75157143301386,-0.12248783583668288,-0.951485380116959,54.61048912350347,18.080530760341297,59.100230156044816,"fund_neg_eps,fund_small_mcap",3,trend_break;trailing_stop;di_bear,True,False,False,False,True,False,True,False,False,1365.T,,4148.0,,,,,,,,,True,,,False,,,
2,False,38.888888888888886,True,False,True,True,0.32977463233990856,79.0,79.0,839837591.8,839.8375917999999,290.0,0.27241379310344827,-0.7855530474040632,-0.4333261602467542,4.634947292157384,5.867021888806815,-0.14130434782608692,-0.4015151515151515,37.23180011211861,20.88369635485492,31.951687735939196,"fund_neg_eps,fund_small_mcap",3,trend_break;trailing_stop;di_bear,True,False,False,False,True,False,True,False,False,1366.T,,79.0,,,,,,,,,True,,,False,,,
1,False,46.40804597701149,False,False,True,True,0.47798152997496407,2750.0,2750.0,243624947.45,243.62494744999998,72830.0,0.0377591651791844,-0.9644240010984484,-0.9399434747984803,575.2898674584137,20.919631543942316,-0.07345013477088946,-0.9589552238805971,66.12759236133536,13.29138651702278,66.72146131071706,"fund_neg_eps,fund_small_mcap",2,trend_break;di_bear,True,False,False,False,False,False,True,False,False,1367.T,,2750.0,,,,,,,,,True,,,False,,,
2,False,50.98039215686275,True,False,True,True,0.214721140675023,179.0,179.0,42598679.75,42.59867975,406.0,0.4408866995073892,-0.702922077922078,-0.24955455402997595,6.361705746459975,3.5540255566815504,-0.032432432432432434,-0.2149122807017544,16.581533479941523,27.579051267140343,25.174931735771374,"fund_neg_eps,fund_low_adv20,fund_small_mcap",1,trend_break,True,False,False,False,False,False,False,False,False,1368.T,,179.0,,,,,,,,,True,,,False,,,
4,True,59.45548197203826,False,False,True,True,0.33927162381577736,64880.0,64880.0,358800525.5,358.8005255,69130.0,0.9385216259221756,-0.1252115059221658,0.22624200731072652,1557.5045269390157,2.4005926740736987,-0.061478374077824416,-0.061478374077824416,30.706391015554576,32.36687022059492,28.673622160002733,fund_small_mcap,1,macd_sell_like;ext_dev200,False,False,True,False,False,True,False,False,False,1369.T,,64880.0,21.769379,,2980.333,,,,,,True,,,False,,,
6,True,48.760330578512395,True,False,True,False,0.3822246902702602,1075.0,1075.0,46719240.0,46.71924,1121.6326904296875,0.9584242766570731,-0.17335106740585082,0.02666892166440249,12.943131205472024,1.2040122051601883,-0.017367458866544783,-0.017367458866544783,16.242752599995452,23.387849720726326,14.831700003826064,fund_low_adv20,0,,False,False,False,False,False,False,False,False,False,1375.T,,1075.0,14.495685,2.9027772,74.16,370.335,42874036224.0,,1754460000.0,1754978400.0,True,,,False,1754460000.0,2025-08-06,-220.0
3,False,64.72177576134305,True,False,True,False,0.5069058828314253,1440.0,1440.0,39909750.0,39.90975,1751.0362548828125,0.8223701799346076,-0.22468733462725654,-0.0230131803356598,24.847383034597975,1.7255127107359707,0.0,-0.01949028702347866,12.767134243467966,26.76401312167759,19.66998621698577,"fund_low_adv20,fund_small_mcap",1,trend_break,True,False,False,False,False,False,False,False,False,1376.T,,1440.0,12.388163,0.61798143,116.24,2330.167,15791110144.0,,1751954400.0,1752472800.0,True,,,False,1751954400.0,2025-07-08,-241.0
5,True,57.46489206257986,False,False,True,True,0.30632803257719804,4185.0,4185.0,1035478550.0,1035.47855,4576.05224609375,0.9145437540780782,-0.12770558982815916,0.04390138117905695,77.86394380478491,1.8605482390629609,-0.005938242280285055,-0.0854562459219218,13.671142935076915,18.58776824869937,14.145636135141537,,0,,False,False,False,False,False,False,False,False,False,1377.T,,4185.0,15.643691,1.0218801,267.52,4095.392,176856825856.0,1783924200.0,1783924200.0,1783924200.0,True,,,True,1783924200.0,2026-07-13,23.0
5,False,46.91358024691358,True,False,True,False,0.3923318166039449,1871.0,1871.0,210382505.0,210.382505,2053.91162109375,0.9109447460079388,-0.12946595090208735,-0.015402758687679263,31.776720880180996,1.698381661153447,-0.03705609881626348,-0.044433094994892786,18.690122967045852,20.731590137446517,19.135268939083364,,1,trend_break,True,False,False,False,False,False,False,False,False,1379.T,,1871.0,9.749361,0.90291864,191.91,2072.169,58649067520.0,,1754546400.0,1754892000.0,True,,,True,1754546400.0,2025-08-07,-219.0
3,False,35.44303797468355,False,False,True,True,0.3600339911470775,999.0,999.0,1248085.0,1.248085,1080.0,0.925,-0.08022386880424293,-0.010442977141846499,9.472723784639651,0.9482205990630281,-0.025365853658536608,-0.07499999999999996,17.70583449545971,15.857203998344788,26.68051561265371,"fund_low_adv20,fund_small_mcap",2,trend_break;macd_sell_like,True,False,True,False,False,False,False,False,False,1380.T,,999.0,192.48555,1.9140425,5.19,521.932,4164952832.0,,1747206000.0,1747206000.0,True,,,False,1747206000.0,2025-05-14,-280.0
5,True,24.74226804123711,False,False,True,True,0.5137772211550449,3730.0,3730.0,26488275.0,26.488275,4490.0,0.8307349665924276,-0.2394209354120267,0.0037607389616591824,83.34959967303908,2.2345737177758465,-0.07673267326732669,-0.08466257668711652,29.13486624150959,9.593734445093812,24.783028992224853,"fund_low_adv20,fund_small_mcap",1,di_bear,False,False,False,False,False,False,True,False,False,1381.T,,3730.0,9.359631,0.8996458,398.52,4146.076,20946448384.0,,1745562600.0,1745562600.0,True,,,False,1745562600.0,2025-04-25,-293.0
0,False,27.683615819209038,False,False,True,True,0.30346838658886965,1475.0,1475.0,2338710.0,2.33871,3165.0,0.4660347551342812,-0.5339652448657188,-0.20346264239792855,27.937058424967603,1.8940378593198373,-0.05083655083655081,-0.18282548476454297,43.01246783339253,10.640943126026867,32.0093628054612,"fund_neg_eps,fund_low_adv20,fund_small_mcap",2,trend_break;di_bear,True,False,False,False,False,False,True,False,False,1382.T,,1475.0,-156.58174097664545,1.547364,-9.42,953.234,1123389440.0,,1746684000.0,1746684000.0,True,,,False,1746684000.0,2025-05-08,-284.0
2,False,21.978021978021985,True,False,True,True,0.43453312070325056,2858.0,2858.0,11272600.0,11.2726,3360.0,0.8505952380952381,-0.18597577684974265,-0.07120971193555614,30.26480211479581,1.0589503889011829,-0.034459459459459496,-0.14940476190476193,33.38711815371843,18.652736128999063,33.18102406117542,"fund_low_adv20,fund_small_mcap",2,trend_break;di_bear,True,False,False,False,False,False,True,False,False,1383.T,,2858.0,94.60444,2.4419732,30.21,1170.365,4573817344.0,,1749796200.0,1749796200.0,True,,,False,1749796200.0,2025-06-13,-258.0
3,False,42.708333333333336,True,False,True,False,0.6276900675612747,2074.0,2074.0,78606635.0,78.606635,3186.655517578125,0.6508390971535734,-0.3692446551211752,-0.21376613596805893,63.92717719330287,3.082313268722414,-0.1720558882235529,-0.31197013946465857,58.93687148103646,12.51128921212176,31.139371442350377,"fund_low_adv20,fund_small_mcap",3,trend_break;trailing_stop;di_bear,True,False,False,False,True,False,True,False,False,1384.T,,2074.0,4.5414734,1.7719288,456.68,1170.476,17543630848.0,,1754548200.0,1754893800.0,True,,,False,1754548200.0,2025-08-07,-219.0
4,True,60.77717061323618,False,False,True,True,0.3352774758566819,65800.0,65800.0,129217400.0,129.2174,69300.0,0.9494949494949495,-0.1260503784749547,0.24446588840470884,1522.0854725434958,2.313199806297106,-0.0505050505050505,-0.0505050505050505,29.88709765342882,35.053598913185404,28.612704801747775,"fund_low_adv20,fund_small_mcap",1,macd_sell_like;ext_dev200,False,False,True,False,False,True,False,False,False,1397.T,,65800.0,22.084646,,2979.4456,,,,,,True,,,False,,,
4,False,44.58071397850971,True,True,False,True,0.5215072244100704,1821.5,1821.5,3683717415.25,3683.71741525,2073.048583984375,0.8786576513798333,-0.14555786945248184,-0.06637651816181833,27.485137881119616,1.5089287884227076,-0.030584505440961474,-0.09554656150198504,32.016719550194225,9.932184626794086,29.608191966443272,fund_small_mcap,2,trend_break;di_bear,True,False,False,False,False,False,True,False,False,1398.T,,1821.5,19.995327,,91.09628,,,,,,True,,,False,,,
7,True,50.96952908587258,False,False,True,True,0.3883008953048493,2937.0,2937.0,1647844.55,1.64784455,3208.702392578125,0.9153232804617265,-0.12723356320492252,0.07553074712746843,45.86786113109978,1.5617249278549465,-0.027483443708609223,-0.033245556287030964,25.912381502770558,27.45657872650064,17.28159512963158,"fund_low_adv20,fund_small_mcap",1,macd_sell_like,False,False,True,False,False,False,False,False,False,1399.T,,2937.0,14.508677,,202.43059,,,,,,True,,,False,,,
3,False,44.469718778958956,True,False,True,True,0.34283247767942704,1290.0,1290.0,3573970.0,3.57397,1655.7470703125,0.7791045040209733,-0.23582087131410778,-0.06425340501051702,25.55364355883882,1.980902601460374,-0.01879699457555095,-0.10185821032520381,22.821073888624824,15.671102924503305,20.32161861893203,"fund_low_adv20,fund_small_mcap",2,trend_break;di_bear,True,False,False,False,False,False,True,False,False,1401.T,,1290.0,17.649473,2.3984694,73.09,537.843,8942153728.0,,1744347600.0,1744347600.0,True,,,False,1744347600.0,2025-04-11,-303.0
3,True,27.153284671532845,False,False,True,True,0.5162482932829594,2297.0,2297.0,1903252955.0,1903.252955,3115.0,0.7373996789727126,-0.5290365846375271,0.26166504548469005,184.83402826177283,8.046757869472042,-0.26260032102728736,-0.26260032102728736,27.139542227342208,17.3110364363219,32.54276455761653,,3,macd_sell_like;trailing_stop;ext_dev200;di_bear,False,False,True,False,True,True,True,False,False,1407.T,,2297.0,17.62855,2.6504815,130.3,866.635,91097071616.0,,1752109200.0,1752454800.0,True,,,True,1752109200.0,2025-07-10,-239.0
4,False,51.372549019607845,True,False,True,True,0.5344969702582976,1263.5,1263.5,1105007115.0,1105.007115,1531.0,0.82527759634226,-0.1979122151951631,-0.03569000048351101,22.14879513192154,1.7529715181576206,-0.04244031830238726,-0.13131660364386388,29.159319279884446,17.796444435543727,24.911714360266064,,2,trend_break;di_bear,True,False,False,False,False,False,True,False,False,1414.T,,1263.5,17.536432,2.4461641,72.05,516.523,254444945408.0,1778481000.0,1786516200.0,1786516200.0,True,,,True,1786516200.0,2026-08-12,45.0
6,True,50.51020408163265,False,False,True,True,0.3914509446871756,3872.0,3872.0,1147888035.0,1147.888035,4181.0,0.9260942358287491,-0.15225742737399128,0.13306196618485977,99.14147573340234,2.560471997246961,-0.04182133135362531,-0.07390576417125094,27.080969917763607,15.568853035724088,26.81869299181767,,1,di_bear,False,False,False,False,False,False,True,False,False,1417.T,,3872.0,14.792175,1.2285823,261.76,3151.6,341910781952.0,1778567400.0,1786516200.0,1786516200.0,True,,,True,1786516200.0,2026-08-12,45.0
2,False,39.655172413793096,False,False,True,True,0.49074404449210135,511.0,511.0,30449650.0,30.44965,702.5899047851562,0.7273090554243842,-0.31254349555777383,-0.020470632104405584,10.532395783740654,2.061134204254531,-0.03402646502835538,-0.10193321616871709,27.233697072044272,14.77486356426887,25.628240347199423,"fund_low_adv20,fund_small_mcap",2,trend_break;di_bear,True,False,False,False,False,False,True,False,False,1418.T,,511.0,9.535361,1.6673301,53.59,306.478,7794767872.0,,1744614000.0,1744614000.0,True,,,False,1744614000.0,2025-04-14,-302.0
0,False,29.253269925016582,False,False,True,False,0.3891584011742782,2990.0,2990.0,838279630.0,838.27963,3935.4453125,0.7597615422333479,-0.3124030992363078,-0.15712960327553438,107.83576876052516,3.6065474501847876,-0.15177304964539007,-0.2402384577666521,52.46768441868668,12.971676613901412,39.43791445293502,,3,trend_break;trailing_stop;di_bear,True,False,False,False,True,False,True,False,False,1419.T,,2990.0,35.765553,3.352984,83.6,891.743,86674595840.0,,1752040800.0,1752472800.0,True,,,True,1752040800.0,2025-07-09,-240.0
2,False,60.0,True,False,True,False,0.5838288549285011,624.0,624.0,26805675.0,26.805675,712.644775390625,0.8756115550808105,-0.1524529178384464,-0.0685371673116626,8.56623176406014,1.3727935519327148,0.0,-0.10003205992124276,18.70935751562658,22.61203488016463,17.909691819708797,"fund_low_adv20,fund_small_mcap",1,trend_break,True,False,False,False,False,False,False,False,False,1420.T,,624.0,5.14088,0.44572383,121.38,1399.97,7738653696.0,,1754287200.0,1754632800.0,True,,,False,1754287200.0,2025-08-04,-222.0
3,False,56.800000000000004,True,False,True,True,0.6063541607448817,715.0,715.0,111505790.0,111.50579,925.0,0.772972972972973,-0.2583783783783784,-0.12310967232451919,17.561434270153185,2.456144653168278,-0.020547945205479423,-0.07263294422827493,20.844003905422202,21.485577158254507,16.542896492642015,"fund_low_adv20,fund_small_mcap",1,trend_break,True,False,False,False,False,False,False,False,False,1429.T,,715.0,12.030961,2.1209946,59.43,337.106,23009935360.0,,1754546400.0,1754978400.0,True,,,False,1754546400.0,2025-08-07,-219.0
2,False,33.23739262353706,False,False,True,False,0.46442000538033984,911.0,911.0,88715970.0,88.71597,1096.1766357421875,0.8310704409268767,-0.21910395451876352,-0.05019561307556286,24.756691314296088,2.7175292331828858,-0.10583988809867007,-0.15792685307359755,40.71246754639063,18.29084365454248,37.49417593537323,"fund_low_adv20,fund_small_mcap",3,trend_break;trailing_stop;di_bear,True,False,False,False,True,False,True,False,False,1430.T,,911.0,8.643264,1.0646591,105.4,855.673,10923402240.0,,1752116400.0,1752462000.0,True,,,False,1752116400.0,2025-07-10,-239.0
3,False,66.66666666666666,True,False,True,True,0.5187179943803439,645.0,645.0,10886790.0,10.88679,785.6153564453125,0.8210124645710118,-0.19499115955362545,-0.06016347295466162,5.250959332937331,0.8141022221608264,-0.007692307692307665,-0.026198791760662532,14.437188331525993,14.226660497154453,16.826334092424204,"fund_low_adv20,fund_small_mcap",1,trend_break,True,False,False,False,False,False,False,False,False,1431.T,,645.0,66.15385,3.4529095,9.75,186.799,15006458880.0,,1747117800.0,1747117800.0,True,,,False,1747117800.0,2025-05-13,-281.0
3,False,,False,False,True,False,,174.0,174.0,0.0,0.0,174.0,1.0,0.0,0.0,0.0,0.0,0.0,0.0,,,,"fund_neg_eps,fund_low_adv20,fund_small_mcap",0,,False,False,False,False,False,False,False,False,False,1432.T,,174.0,,,,,,,1747290600.0,1747290600.0,True,,,False,1747290600.0,2025-05-15,-279.0
3,False,69.66292134831461,True,True,False,False,0.5015846226320843,1120.0,1120.0,92960600.0,92.9606,1354.0,0.827178729689808,-0.258493353028065,-0.015076062467144102,32.74086908649535,2.923291882722799,0.0,-0.11741528762805353,26.7145015897613,44.4953440018996,14.788333556313221,"fund_low_adv20,fund_small_mcap",1,trend_break,True,False,False,False,False,False,False,False,False,1433.T,,1120.0,13.765978,1.8391802,81.36,608.967,9924218880.0,,1749448800.0,1749448800.0,True,,,False,1749448800.0,2025-06-09,-262.0
4,True,40.67567567567568,False,False,True,True,0.2272546660460343,1848.0,1848.0,123549950.0,123.54995,2562.0,0.7213114754098361,-0.2786885245901639,0.10914642886216663,108.96086969154858,5.89615095733488,-0.27014218009478674,-0.2786885245901639,22.69773534435142,19.210192752127693,32.511586284755786,"fund_low_adv20,fund_small_mcap",3,macd_sell_like;trailing_stop;di_bear,False,False,True,False,True,False,True,False,False,1434.T,,1848.0,8.4,1.587378,220.0,1164.184,12859344896.0,,1752129000.0,1752474600.0,True,,,False,1752129000.0,2025-07-10,-239.0
2,False,57.142857142857146,True,False,True,True,0.382417104155387,160.0,160.0,104246160.0,104.24616,227.0,0.7048458149779736,-0.31718061674008813,-0.14075791695585338,6.543762487242338,4.0898515545264615,-0.13043478260869568,-0.2951541850220264,32.41299697645478,17.975514516663765,27.1051398513203,"fund_low_adv20,fund_small_mcap",3,trend_break;trailing_stop;di_bear,True,False,False,False,True,False,True,False,False,1435.T,,160.0,7.230005,1.3152379,22.13,121.651,14217119744.0,,,,True,,,False,,,
3,True,28.733191790516628,False,True,False,False,0.4108730931837289,1390.0,1390.0,363072105.0,363.072105,2000.0,0.695,-0.30500000000000005,0.37331186690916063,177.06637768720412,12.73858832282044,-0.30500000000000005,-0.30500000000000005,31.4132403923097,20.492609678844545,26.83568520972464,fund_small_mcap,5,macd_sell_like;trailing_stop;ext_dev200;di_bear;vol_distribution;natr_spike,False,False,True,False,True,True,True,True,True,1436.T,,1390.0,35.861713,3.1064508,38.76,447.456,17191096320.0,,1749553140.0,1749553140.0,True,,,False,1749553140.0,2025-06-10,-261.0
3,False,39.99999999999999,False,False,True,False,0.38705188425784437,1823.0,1823.0,2406260.0,2.40626,1989.3587646484375,0.9163756846654874,-0.17885214685175654,-0.018196723354134914,31.24645541790461,1.714012913763281,-0.06512820512820516,-0.06512820512820516,11.436457152598837,26.618465511365986,26.324999025235662,"fund_low_adv20,fund_small_mcap",2,trend_break;macd_sell_like,True,False,True,False,False,False,False,False,False,1438.T,,1823.0,11.858454,1.315143,153.73,1386.161,5914200064.0,,1754548200.0,1754980200.0,True,,,False,1754548200.0,2025-08-07,-219.0
1,False,28.0,False,False,True,True,0.5553594326564734,226.0,226.0,32628865.0,32.628865,361.6278381347656,0.6249518874588907,-0.37504811254110926,-0.15589578044111296,9.38349562987025,4.151989216756748,-0.204225352112676,-0.30197682344921606,38.64745799801819,10.59068707462762,29.107618315519023,"fund_low_adv20,fund_small_mcap",3,trend_break;trailing_stop;di_bear,True,False,False,False,True,False,True,False,False,1443.T,,226.0,5.978836,0.28392708,37.8,795.979,3668906240.0,,1747722900.0,1747722900.0,True,,,False,1747722900.0,2025-05-20,-276.0
4,False,60.24844720496895,False,False,True,True,0.31933159802270616,2846.0,2846.0,3853250.0,3.85325,2998.0,0.9492995330220146,-0.18169717138103159,0.02639930755914599,51.488107024260685,1.8091393894680494,-0.009052924791086325,-0.009052924791086325,25.14533968407498,26.605505988326232,19.444945271524826,"fund_neg_eps,fund_low_adv20,fund_small_mcap",1,trend_break,True,False,False,False,False,False,False,False,False,1444.T,,2846.0,-70.95487409623536,1.9147177,-40.11,1486.381,3096098048.0,,1757572200.0,1757917800.0,True,,,False,1757572200.0,2025-09-11,-194.0
3,False,,False,False,True,False,,2900.0,2900.0,0.0,0.0,2900.0,1.0,0.0,0.0,0.0,0.0,0.0,0.0,,,,"fund_neg_eps,fund_low_adv20,fund_small_mcap",0,,False,False,False,False,False,False,False,False,False,1445.T,,2900.0,-9.551098376313275,4.048662,-303.63,716.286,1242940032.0,,1744707600.0,1744707600.0,True,,,False,1744707600.0,2025-04-15,-301.0
3,False,50.0,False,False,True,True,0.5476436203883726,524.0,524.0,2858915.0,2.858915,596.0,0.8791946308724832,-0.15473401158537248,-0.05015348372883688,4.045331107084088,0.7720097532603222,-0.009451795841209809,-0.11035653650254673,21.48103627319409,16.200884653092114,11.413220121916085,"fund_low_adv20,fund_small_mcap",1,trend_break,True,False,False,False,False,False,False,False,False,1446.T,,524.0,18.97863,1.5504335,27.61,337.97,4874562560.0,,1754546400.0,1754978400.0,True,,,False,1754546400.0,2025-08-07,-219.0
2,False,52.0408163265306,False,False,True,True,0.5544528037130909,284.0,284.0,39296680.0,39.29668,460.9591369628906,0.616106672429108,-0.39474027602915096,-0.06089957657310596,13.344044750488191,4.698607306509926,-0.07491856677524433,-0.33540346544428845,15.901845095688738,19.22657522382975,18.712954705844997,"fund_low_adv20,fund_small_mcap",1,trend_break,True,False,False,False,False,False,False,False,False,1447.T,,284.0,15.0503435,6.361437,18.87,44.644,6919282688.0,,1747292400.0,1747292400.0,True,,,False,1747292400.0,2025-05-15,-279.0
2,False,20.792079207920793,False,True,False,True,0.43592220072542526,1326.0,1326.0,9870040.0,9.87004,1572.1612548828125,0.8434249323227591,-0.15657506767724094,-0.06060516153056017,30.853815428346234,2.3268337427108774,-0.09979633401221999,-0.1497942930528,41.11997805091027,5.237886975243999,31.927193036911667,"fund_low_adv20,fund_small_mcap",5,trend_break;macd_sell_like;trailing_stop;di_bear;vol_distribution,True,False,True,False,True,False,True,True,False,1450.T,,1326.0,7.6780543,1.2369484,172.7,1071.993,11534542848.0,,1746772800.0,1746772800.0,True,,,False,1746772800.0,2025-05-09,-283.0
3,False,,False,False,True,False,,18530.0,18530.0,0.0,0.0,18530.0,1.0,0.0,0.0,0.0,0.0,0.0,0.0,,,,"fund_low_adv20,fund_small_mcap",0,,False,False,False,False,False,False,False,False,False,1452.T,,18530.0,6.876818,0.9063795,2694.56,20443.975,0.0,,1744696800.0,1744696800.0,True,,,False,1744696800.0,2025-04-15,-301.0
2,False,39.81762917933131,True,True,False,True,0.3327314539551214,1323.0,1323.0,120588807.15,120.58880715000001,2464.0,0.5369318181818182,-0.5184692179700499,-0.22775189997548417,33.96011653585426,2.566902232490874,-0.07547169811320753,-0.22176470588235297,33.76114242198234,25.12968422520643,33.45278109238198,"fund_neg_eps,fund_low_adv20,fund_small_mcap",2,trend_break;di_bear,True,False,False,False,False,False,True,False,False,1456.T,,1323.0,,,,,,,,,True,,,False,,,
2,False,49.57627118644068,True,False,True,True,0.23178687532258357,1890.0,1890.0,33185669.05,33.18566905,2800.0,0.675,-0.4447368421052632,-0.12304105235073726,31.187163516796346,1.6501144717881666,-0.01970954356846477,-0.11309244486156733,15.27924386777113,30.021084081275966,29.57781037511496,"fund_neg_eps,fund_low_adv20,fund_small_mcap",1,trend_break,True,False,False,False,False,False,False,False,False,1457.T,,1890.0,,,,,,,,,True,,,False,,,
4,True,57.13579025476132,False,False,False,True,0.34175267866099157,80350.0,80350.0,17456358495.0,17456.358495,91580.0,0.8773749727014633,-0.27201217964983504,0.42810550740402054,4001.5819039199823,4.980189052794004,-0.12262502729853675,-0.12262502729853675,31.099739581054987,31.000574733879443,27.62222179515553,"fund_neg_eps,fund_small_mcap",2,macd_sell_like;trailing_stop;ext_dev200,False,False,True,False,True,True,False,False,False,1458.T,,80350.0,,,,,,,,,True,,,False,,,
2,False,37.93103448275862,True,False,False,True,0.3342690535188526,125.0,125.0,2231786240.5,2231.7862405,463.0,0.26997840172786175,-0.7862165963431786,-0.4411409666025842,7.206196119541961,5.764956895633568,-0.15540540540540537,-0.41314553990610325,34.28541603458217,22.494560013066707,31.60187305909037,"fund_neg_eps,fund_small_mcap",3,trend_break;trailing_stop;di_bear,True,False,False,False,True,False,True,False,False,1459.T,,125.0,,,,,,,,,True,,,False,,,
2,False,51.388888888888886,True,False,True,True,0.1880541918065856,230.0,230.0,997313.95,0.99731395,518.0,0.444015444015444,-0.7024265644955301,-0.2530406118571684,8.501860904503438,3.696461262827582,-0.017094017094017144,-0.2068965517241379,18.880411121278158,25.86100447960996,31.611726557282417,"fund_neg_eps,fund_low_adv20,fund_small_mcap",1,trend_break,True,False,False,False,False,False,False,False,False,1466.T,,230.0,,,,,,,,,True,,,False,,,
2,False,50.487018134186236,True,True,False,True,0.19487199874428096,215.3000030517578,215.3000030517578,2329034.401626587,2.3290344016265867,503.3999938964844,0.4276917077119206,-0.7038318076979984,-0.269450075351097,6.6883885333549085,3.106543631468054,-0.027551901593902528,-0.21992752517479053,15.783872628001708,31.603187080641383,30.7499182266083,"fund_neg_eps,fund_low_adv20,fund_small_mcap",1,trend_break,True,False,False,False,False,False,False,False,False,1469.T,,215.3,,,,,,,,,True,,,False,,,
2,False,43.75,True,False,True,True,0.18513325706563616,86.0,86.0,722893.35,0.72289335,202.0,0.42574257425742573,-0.7101910828025477,-0.28796158304355024,3.5463238595774,4.123632394857442,-0.05494505494505497,-0.2321428571428571,18.17726379263188,19.65733663410512,20.65652297593813,"fund_neg_eps,fund_low_adv20,fund_small_mcap",1,trend_break,True,False,False,False,False,False,False,False,False,1472.T,,86.0,,,,,,,,,True,,,False,,,
6,True,49.21190893169877,False,False,True,True,0.25650679788821273,3959.0,3959.0,109447430.5,109.4474305,4118.0,0.9613890237979602,-0.11427145708582831,0.11086062271119368,63.27911198042865,1.5983609997582384,-0.03861097620203979,-0.03861097620203979,14.898829169071238,28.725234125378446,32.089591536611366,"fund_low_adv20,fund_small_mcap",1,macd_sell_like,False,False,True,False,False,False,False,False,False,1473.T,,3959.0,17.279833,,229.11102,,,,,,True,,,False,,,
6,True,47.79771615008156,False,True,False,True,0.23120996397899365,35390.0,35390.0,16756202.5,16.7562025,37220.0,0.9508328855454057,-0.11284046692607008,0.10703492370649936,536.5770618265464,1.516182712140566,-0.04916711445459432,-0.04916711445459432,17.897083277840025,36.405253133345816,40.12916948411725,"fund_low_adv20,fund_small_mcap",2,macd_sell_like;vol_distribution,False,False,True,False,False,False,False,True,False,1474.T,,35390.0,17.366283,,2037.8568,,,,,,True,,,False,,,
6,True,50.08666042916085,False,True,False,True,0.2596632379914336,398.8999938964844,398.8999938964844,1953288864.4263306,1953.2888644263305,414.6000061035156,0.9621321467054891,-0.11435646585898829,0.11126854816543252,6.978701681713444,1.749486535094918,-0.03786785329451092,-0.03786785329451092,14.712078652347651,26.89763956695639,28.51184853952272,fund_small_mcap,2,macd_sell_like;vol_distribution,False,False,True,False,False,False,False,True,False,1475.T,,398.9,17.30337,,23.053314,,,,,,True,,,False,,,
4,False,39.39393939393939,True,False,True,True,0.5561044337547361,1840.0,1840.0,366676447.55,366.67644755000003,2097.5009765625,0.8772343949109827,-0.13945212890525882,-0.06518022606703167,21.24400425412871,1.1545654485939516,-0.028511087645195388,-0.0963765751443969,46.18345565700058,14.39394789143609,29.150234108516333,fund_small_mcap,2,trend_break;di_bear,True,False,False,False,False,False,True,False,False,1476.T,,1840.0,20.485104,,89.821365,,,,,,True,,,False,,,
6,True,42.36111111111111,False,True,False,True,0.28737112653009034,3162.0,3162.0,5811084.6,5.8110846,3329.0,0.949834785220787,-0.09161910483628721,0.049805934731317336,55.782007845466204,1.7641368705081026,-0.02226345083487946,-0.023772769373263336,22.695642824791733,11.632927739768062,27.60794937702767,"fund_low_adv20,fund_small_mcap",3,macd_sell_like;di_bear;vol_distribution,False,False,True,False,False,False,True,True,False,1477.T,,3162.0,16.639303,,190.032,,,,,,True,,,False,,,
6,True,43.97905759162304,False,False,True,True,0.33037688050033376,4969.0,4969.0,342606721.05,342.60672105000003,5259.0,0.944856436584902,-0.10363186917664957,0.07116689179530078,77.24021382002614,1.5544418156575999,-0.03043902439024393,-0.03757505326360644,13.205444421917676,21.050760877309273,25.82972764308194,fund_small_mcap,0,,False,False,False,False,False,False,False,False,False,1478.T,,4969.0,12.907673,,384.9648,,,,,,True,,,False,,,
4,True,64.39842209072978,False,True,False,False,0.20851413391064652,52620.0,52620.0,162624.5,0.1626245,53790.0,0.9782487451199108,-0.12927966425769066,0.18332603530168345,887.1840269601587,1.6860205757509665,-0.02175125488008922,-0.02175125488008922,36.49101071363425,55.643394302786476,32.78135095692836,"fund_low_adv20,fund_small_mcap",1,ext_dev200;natr_spike,False,False,False,False,False,True,False,False,True,1479.T,,52620.0,21.220938,,2479.6265,,,,,,True,,,False,,,
5,True,62.22222222222222,False,False,True,True,0.13814600497682078,38510.0,38510.0,322283.0,0.322283,39510.0,0.9746899519109087,-0.17605277478400327,0.14110899459100645,270.60893638266884,0.7026978353224327,-0.02531004808909132,-0.02531004808909132,21.422830822329832,52.48710205153839,42.17448931294225,"fund_low_adv20,fund_small_mcap",1,macd_sell_like,False,False,True,False,False,False,False,False,False,1480.T,,38510.0,19.719198,,1952.9192,,,,,,True,,,False,,,
5,True,81.51515151515152,True,True,False,True,0.26672701454443165,3700.0,3700.0,203827.1,0.2038271,3700.0,1.0,-0.11424810703825883,0.12461396530353408,42.43084691531593,1.14677964635989,0.0,0.0,13.045084805640947,68.43642640818967,22.284378303109868,"fund_low_adv20,fund_small_mcap",0,,False,False,False,False,False,False,False,False,False,1481.T,,3700.0,17.650192,,209.62944,,,,,,True,,,False,,,
3,False,54.385964912280706,False,False,True,True,0.3161071780379851,1567.0,1567.0,73440941.0,73.440941,1630.37890625,0.961126271931611,-0.06642591106597151,-0.019937217583398947,6.239708404666389,0.3981945376302737,-0.006341154090044432,-0.022874731929004355,23.877761565416705,21.685211460318236,36.43417862448762,"fund_neg_eps,fund_low_adv20,fund_small_mcap",2,trend_break;di_bear,True,False,False,False,False,False,True,False,False,1482.T,,1567.0,,,,,,,,,True,,,False,,,
7,True,50.352112676056336,False,False,True,True,0.24681029543822275,3463.0,3463.0,40941.3,0.0409413,3520.0,0.9838068181818181,-0.09375,0.06287137138733367,26.97780395655606,0.7790298572496696,-0.00972261938804686,-0.010571428571428565,21.36088448827589,51.218255750249384,35.77411643663143,"fund_low_adv20,fund_small_mcap",1,macd_sell_like,False,False,True,False,False,False,False,False,False,1483.T,,3463.0,16.657608,,207.893,,,,,,True,,,False,,,
5,True,51.59010600706714,False,False,True,False,0.27869405541447545,3512.0,3512.0,1289758.5,1.2897585,3550.0,0.9892957746478873,-0.09690140845070427,0.07937367434044829,44.55514076593131,1.2686543498272014,-0.0036879432624113972,-0.0036879432624113972,17.848694827517864,57.880724086461925,33.969473847445464,"fund_low_adv20,fund_small_mcap",0,,False,False,False,False,False,False,False,False,False,1484.T,,3512.0,16.741926,,209.77275,,,,,,True,,,False,,,
5,True,60.362694300518136,True,False,True,True,0.17664010645976586,52000.0,52000.0,535906.5,0.5359065,61990.0,0.8388449749959671,-0.2767240756566268,0.07279444532889001,886.342167203509,1.7045041676990558,-0.015151515151515138,-0.1611550250040329,11.573897283853347,51.753769520579716,29.60998143430029,"fund_low_adv20,fund_small_mcap",0,,False,False,False,False,False,False,False,False,False,1485.T,,52000.0,21.704832,,2395.7798,,,,,,True,,,False,,,
5,True,70.11494252873563,False,False,True,True,0.37064120052714294,24570.0,24570.0,49218565.0,49.218565,24795.0,0.9909255898366606,-0.08556991679368509,0.027851275060474023,90.77456060456244,0.36945283111340027,-0.0024360535931789995,-0.006670709520921747,17.311520671899338,31.202552285912006,26.007430163067006,"fund_neg_eps,fund_low_adv20,fund_small_mcap",0,,False,False,False,False,False,False,False,False,False,1486.T,,24570.0,,,,,,,,,True,,,False,,,
3,False,54.08163265306122,False,False,True,True,0.29619571857342075,12135.0,12135.0,11384060.25,11.38406025,12625.0,0.9611881188118812,-0.07699680097787454,-0.02007844189964536,45.647024872087066,0.3761600731115539,-0.007361963190184007,-0.025301204819277112,15.542550211181101,28.485212808983185,37.68512456518749,"fund_neg_eps,fund_low_adv20,fund_small_mcap",1,trend_break,True,False,False,False,False,False,False,False,False,1487.T,,12135.0,,,,,,,,,True,,,False,,,
4,False,39.38845587096414,True,False,True,True,0.5478875207304146,1833.0,1833.0,245258470.3,245.2584703,2106.01708984375,0.8703633075152274,-0.14483125104477657,-0.06764397321621674,21.812483125165137,1.189988168312337,-0.028835733616319192,-0.09541900302893758,43.93966167816862,12.22251807950576,27.22651248909907,fund_small_mcap,2,trend_break;di_bear,True,False,False,False,False,False,True,False,False,1488.T,,1833.0,20.218826,,90.65808,,,,,,True,,,False,,,
6,True,43.43163538873995,False,True,False,True,0.39354994396593407,3161.0,3161.0,2266099174.05,2266.0991740500003,3357.137939453125,0.9415758473466015,-0.11683339712338969,0.10054267469831424,54.60818677568527,1.727560480091277,-0.03155637254901966,-0.03716113310996039,9.12632380891607,25.305904296837856,31.678049088548416,fund_small_mcap,2,macd_sell_like;vol_distribution,False,False,True,False,False,False,False,True,False,1489.T,,3161.0,14.07053,,224.65395,,,,,,True,,,False,,,
6,True,67.06408345752608,True,False,True,False,0.18734548894029557,7850.0,7850.0,12833.85,0.01283385,9304.0908203125,0.8437148939756737,-0.22819148037305914,0.027718601087592498,62.67160344412579,0.798364375084405,0.0,-0.0036753600899745997,28.59169554004637,58.20743245279467,38.33736538397666,"fund_low_adv20,fund_small_mcap",0,,False,False,False,False,False,False,False,False,False,1490.T,,7850.0,15.604994,,503.0441,,,,,,True,,,False,,,
0,False,32.718894009216584,False,False,True,True,0.5215299490298045,659.0,659.0,57482215.0,57.482215,1391.1376953125,0.4737129920499816,-0.5899347697909508,-0.29270976086573897,33.34506929938196,5.059949817812134,-0.21360381861575184,-0.4063127046992605,42.30295126637975,11.37479813465122,33.65097961874513,"fund_low_adv20,fund_small_mcap",4,trend_break;macd_sell_like;trailing_stop;di_bear,True,False,True,False,True,False,True,False,False,1491.T,,659.0,6.266641,1.0111316,105.16,651.745,9469616128.0,,1747292400.0,1747292400.0,True,,,False,1747292400.0,2025-05-15,-279.0
6,True,43.897637795275585,False,False,False,False,0.30753203054243805,24670.0,24670.0,11797768.0,11.797768,26380.0,0.9351781652767248,-0.10614101592115244,0.07987777561239118,524.5705997401299,2.1263502218894605,-0.0467542503863988,-0.0467542503863988,15.379727840878221,18.97119058432899,31.104184516837435,"fund_low_adv20,fund_small_mcap",1,macd_sell_like,False,False,True,False,False,False,False,False,False,1493.T,,24670.0,14.345309,,1719.726,,,,,,True,,,False,,,
7,True,49.739583333333336,False,False,True,True,0.4744947499222086,42000.0,42000.0,63826710.0,63.82671,45043.265625,0.9324368341688147,-0.1196506726692288,0.07812102877172311,597.7371968851861,1.423183802107586,-0.013389711064129672,-0.013389711064129672,8.590494916912183,25.556138270433266,27.006535072834208,"fund_low_adv20,fund_small_mcap",0,,False,False,False,False,False,False,False,False,False,1494.T,,42000.0,12.883771,,3259.915,,,,,,True,,,False,,,
6,True,41.83673469387755,False,False,True,False,0.340196368430184,11405.0,11405.0,3730504.0,3.730504,11985.0,0.9516061743846475,-0.0987584584148693,0.0071480799769585435,192.63114038211836,1.6890060533285258,-0.025213675213675235,-0.04839382561535255,33.705934799070384,11.315940964186936,25.8874435979538,"fund_low_adv20,fund_small_mcap",1,di_bear,False,False,False,False,False,False,True,False,False,1495.T,,11405.0,7.5642557,,1507.7491,,,,,,True,,,False,,,
4,False,59.701492537313435,False,True,False,True,0.3019181874784293,1681.0,1681.0,50032002.45,50.03200245,1740.576416015625,0.9657720192762337,-0.06549112890603914,-0.011944203932803932,9.362643576973081,0.5569686839365308,-0.007088009450679222,-0.012338425381903662,13.82894237001451,29.24573200031818,29.970444416654686,"fund_neg_eps,fund_low_adv20,fund_small_mcap",2,trend_break;macd_sell_like,True,False,True,False,False,False,False,False,False,1496.T,,1681.0,,,,,,,,,True,,,False,,,
6,True,47.82608695652174,False,True,False,True,0.25202009423493626,1755.0,1755.0,37043920.3,37.043920299999996,1769.513427734375,0.9917980686063753,-0.02561249582121894,0.0005963318788066996,5.768124842606457,0.3286680821997981,-0.004537719795802642,-0.006228765571913875,11.564710393084145,21.48531704271523,26.350952466195004,"fund_low_adv20,fund_small_mcap",1,macd_sell_like,False,False,True,False,False,False,False,False,False,1497.T,,1755.0,10.470042,,167.6211,,,,,,True,,,False,,,
7,True,49.02309058614565,False,False,True,True,0.2605210312450317,31480.0,31480.0,7760459.0,7.760459,32910.0,0.9565481616529931,-0.1189214463840399,0.1156713624599297,527.4550924597762,1.6755244360221608,-0.043451838347006944,-0.043451838347006944,20.43026224653956,34.7952590237575,29.100212637113348,"fund_low_adv20,fund_small_mcap",1,macd_sell_like,False,False,True,False,False,False,False,False,False,1498.T,,31480.0,17.358187,,1813.5535,,,,,,True,,,False,,,
2,False,21.311475409836063,False,False,True,False,0.4853828076837919,8730.0,8730.0,1919042.85,1.91904285,9580.85546875,0.9111921193754309,-0.09193912502104828,-0.02813612199751314,97.65522922916838,1.1186166005632117,-0.04590163934426228,-0.08880788062456912,11.251530358486987,24.616497846677653,28.994619764798212,"fund_low_adv20,fund_small_mcap",2,trend_break;macd_sell_like,True,False,True,False,False,False,False,False,False,1499.T,,8730.0,14.263765,,612.04034,,,,,,True,,,False,,,
1,False,35.81081081081081,False,False,True,True,0.533182378819191,555.0,555.0,345753580.0,345.75358,1337.9434814453125,0.41481572853919185,-0.7088679582245982,-0.18552402631906084,28.0130578056761,5.0473978028245226,-0.21610169491525422,-0.5024398347550791,37.74814604505615,13.718259747416282,34.19084059720759,,3,trend_break;trailing_stop;di_bear,True,False,False,False,True,False,True,False,False,1514.T,,555.0,12.5793295,1.1389779,44.12,487.279,33201846272.0,,1747290600.0,1747290600.0,True,,,True,1747290600.0,2025-05-15,-279.0
2,False,51.55951623169955,False,False,True,False,0.6211801902047798,2235.0,2235.0,2208914990.0,2208.91499,4418.4287109375,0.5058359308745708,-0.5097804804141743,-0.05251417929707336,160.81940233232888,7.195498985786528,-0.15083586626139822,-0.23896304125484114,12.566710978978298,20.48235676996152,29.162812978016927,,3,trend_break;macd_sell_like;trailing_stop,True,False,True,False,True,False,False,False,False,1515.T,,2235.0,12.524517,1.1179125,178.45,1999.262,175854321664.0,1778653800.0,1784788200.0,1784788200.0,True,,,True,1784788200.0,2026-07-23,31.0
5,True,53.50553505535056,False,False,True,False,0.4589133517898084,1432.0,1432.0,391271910.0,391.27191,1526.093994140625,0.9383432511353199,-0.19101893998975839,0.06631549914556323,37.96870809958699,2.6514460963398734,-0.019178082191780854,-0.019178082191780854,11.372875242543229,21.975930625486743,16.842749257295715,,0,,False,False,False,False,False,False,False,False,False,1518.T,,1432.0,9.658708,0.98541623,148.26,1453.193,53024038912.0,,1754542800.0,1754888400.0,True,,,True,1754542800.0,2025-08-07,-219.0
1,False,28.548387096774192,False,True,False,True,0.4369205866429515,20160.0,20160.0,9677755833.5,9677.7558335,26500.0,0.7607547169811321,-0.23924528301886794,-0.029855055725587665,395.57281857105386,1.9621667587849894,-0.09004739336492895,-0.18463094034378158,30.5421664405317,13.05597438153786,46.32667318178313,"fund_neg_eps,fund_small_mcap",5,trend_break;macd_sell_like;trailing_stop;di_bear;vol_distribution,True,False,True,False,True,False,True,True,False,1540.T,,20160.0,,,,,,,,,True,,,False,,,
1,False,21.909090909090907,False,True,False,True,0.431900385251042,7813.0,7813.0,414503731.4,414.5037314,15000.0,0.5208666666666667,-0.4791333333333333,-0.11419141764519813,255.07926326819552,3.2648056222730775,-0.20332415621494848,-0.23401960784313725,25.400981110383533,14.139438833137518,49.38975194778401,"fund_neg_eps,fund_small_mcap",5,trend_break;macd_sell_like;trailing_stop;di_bear;vol_distribution,True,False,True,False,True,False,True,True,False,1541.T,,7813.0,,,,,,,,,True,,,False,,,
1,False,28.16773017319963,False,False,False,True,0.47587122732509474,30380.0,30380.0,4082493562.5,4082.4935625,62980.0,0.48237535725627184,-0.5525563671006668,-0.013743635026709722,1404.8444764779142,4.624241199729803,-0.24839188520534394,-0.24969128179797484,16.664111862803225,17.531501387725314,45.779718888797554,"fund_neg_eps,fund_small_mcap",3,trend_break;macd_sell_like;trailing_stop,True,False,True,False,True,False,False,False,False,1542.T,,30380.0,,,,,,,,,True,,,False,,,
1,False,19.377162629757777,False,True,False,True,0.4514145574629099,55510.0,55510.0,45313559.5,45.3135595,93860.0,0.5914127423822715,-0.4085872576177285,-0.16548025851921233,1515.8681511015056,2.7308019295649535,-0.18247422680412373,-0.25897743959417974,36.542406522721095,9.905655182599332,46.85287634709988,"fund_neg_eps,fund_low_adv20,fund_small_mcap",5,trend_break;macd_sell_like;trailing_stop;di_bear;vol_distribution,True,False,True,False,True,False,True,True,False,1543.T,,55510.0,,,,,,,,,True,,,False,,,
0,False,0.5303299732657649,False,False,True,False,0.1553020574975079,234.60000610351562,234.60000610351562,1400791903.802927,1400.791903802927,47130.0,0.0049777213261938385,-0.9999738277105068,-0.9935929172670273,1487.9395411778582,634.2453122193506,-0.9950222786738062,-0.9950222786738062,71.04803495170353,8.093998845640673,87.70680432985708,fund_small_mcap,3,trend_break;trailing_stop;di_bear,True,False,False,False,True,False,True,False,False,1545.T,,234.6,3.4467366,,68.064384,,,,,,True,,,False,,,
5,True,65.74074074074073,False,False,True,False,0.4041452684379567,79650.0,79650.0,103091285.5,103.0912855,80750.0,0.9863777089783282,-0.12962687127739092,0.10314892579748047,654.9097365365601,0.8222344463735846,-0.013622291021671784,-0.013622291021671784,22.283854905503233,44.37486716862231,32.28876182163777,"fund_low_adv20,fund_small_mcap",1,macd_sell_like,False,False,True,False,False,False,False,False,False,1546.T,,79650.0,1.3751947,,57919.07,,,,,,True,,,False,,,
6,True,50.0,False,False,True,True,0.465558197922848,12815.0,12815.0,298250284.75,298.25028475,13180.0,0.9723065250379362,-0.11202721549944228,0.1153164598690013,103.76969534525358,0.8097518169742768,-0.027693474962063758,-0.027693474962063758,43.393876438653464,40.12737175473106,33.02725098523672,fund_small_mcap,1,macd_sell_like,False,False,True,False,False,False,False,False,False,1547.T,,12815.0,26.79761,,478.2143,,,,,,True,,,False,,,
5,True,50.95180681749528,False,False,True,True,0.4173927269179872,7854.0,7854.0,34289507.55,34.289507549999996,8088.25634765625,0.9710374724060111,-0.07840008088843531,0.10845406045316985,73.20429333312826,0.9320638315906323,-0.028962527593988874,-0.028962527593988874,28.547904928167377,29.557120788518343,33.22365975784696,"fund_low_adv20,fund_small_mcap",2,macd_sell_like;di_bear,False,False,True,False,False,False,True,False,False,1550.T,,7854.0,31.12829,,252.31068,,,,,,True,,,False,,,
6,True,41.13756613756614,False,False,True,True,0.26704661666483254,6871.0,6871.0,1030543.5,1.0305435,7763.0,0.8850959680535875,-0.18188844518871572,0.06387261398966948,142.12183621932064,2.068430158918944,-0.05863816961227564,-0.05863816961227564,17.52679355632065,29.52542957343151,20.589924976772085,"fund_low_adv20,fund_small_mcap",0,,False,False,False,False,False,False,False,False,False,1551.T,,6871.0,19.059544,,360.5018,,,,,,True,,,False,,,
5,True,51.60771704180064,False,False,True,True,0.4084779425759779,6618.0,6618.0,16508613.45,16.50861345,6841.0,0.9674024265458266,-0.07503430640901154,0.11843640615505957,71.07991683913731,1.0740392390319933,-0.032597573454173356,-0.032597573454173356,30.86816923076293,28.725523363325138,29.48946548413629,"fund_low_adv20,fund_small_mcap",2,macd_sell_like;di_bear,False,False,True,False,False,False,True,False,False,1554.T,,6618.0,28.25106,,234.2567,,,,,,True,,,False,,,
4,False,54.64788732394367,False,True,False,False,0.4336636898778121,2514.0,2514.0,8651785.55,8.651785550000001,2547.0068359375,0.9870409315468717,-0.14139691772090013,0.035807778634922904,45.79834738806141,1.821732195229173,-0.007500986971969992,-0.007500986971969992,13.838693694686981,29.07113390192758,25.011504333664835,"fund_low_adv20,fund_small_mcap",1,trend_break,True,False,False,False,False,False,False,False,False,1555.T,,2514.0,15.261907,,164.72385,,,,,,True,,,False,,,
6,True,49.23857868020305,False,False,True,True,0.4675527219181886,117800.0,117800.0,267756667.5,267.7566675,121450.0,0.9699464800329354,-0.11335690379958918,0.11673297705682373,952.6743610192349,0.8087218684373811,-0.030053519967064624,-0.030053519967064624,41.54020794340092,38.435985685173065,33.213695979522186,fund_small_mcap,1,macd_sell_like,False,False,True,False,False,False,False,False,False,1557.T,,117800.0,9.937573,274.45132,11854.001,429.22,,,,,True,,,False,,,
3,True,57.05996131528046,False,False,True,True,0.2567471030591261,4618.0,4618.0,2245517.45,2.2455174500000004,4875.0,0.9472820512820512,-0.2811004916702995,0.15211943322110688,85.5056173327421,1.8515724844682138,-0.027789473684210475,-0.027789473684210475,15.83251999286957,26.117942939088902,25.61547917168984,"fund_low_adv20,fund_small_mcap",1,macd_sell_like,False,False,True,False,False,False,False,False,False,1559.T,,4618.0,14.731531,,313.47726,,,,,,True,,,False,,,
4,True,20.66869300911854,False,False,True,True,0.4586208219795794,6432.0,6432.0,2271838.25,2.27183825,7189.0,0.8947002364723884,-0.1697479474441984,0.034049520875919725,104.1096716167416,1.6186205164294403,-0.07982832618025748,-0.07982832618025748,29.60983591552602,7.891272285624592,36.80628093602072,"fund_low_adv20,fund_small_mcap",2,macd_sell_like;di_bear,False,False,True,False,False,False,True,False,False,1560.T,,6432.0,14.78798,,434.94785,,,,,,True,,,False,,,
3,False,41.6010498687664,False,False,True,False,0.41706357893113516,2316.0,2316.0,66298328.9,66.2983289,2660.0,0.8706766917293233,-0.2234615384615385,-0.0027257108162922483,99.31621188067712,4.288264761687268,-0.12932330827067673,-0.12932330827067673,14.615704073549912,19.765392100484505,26.392473824275893,"fund_low_adv20,fund_small_mcap",3,trend_break;macd_sell_like;trailing_stop,True,False,True,False,True,False,False,False,False,1563.T,,2316.0,19.917698,,116.2785,,,,,,True,,,False,,,
6,True,56.60377358490566,False,False,True,True,0.35194827059604783,53210.0,53210.0,20635543.5,20.6355435,54599.46484375,0.9745516765095353,-0.04373359363341234,0.023329235284043515,463.9990346212682,0.8720147239640448,-0.011884865366759478,-0.025448323490464664,21.19645232922141,26.801901554497537,22.128120609712994,"fund_neg_eps,fund_low_adv20,fund_small_mcap",1,macd_sell_like,False,False,True,False,False,False,False,False,False,1566.T,,53210.0,,,,,,,,,True,,,False,,,
5,True,48.2445827373275,False,False,False,True,0.28065494156659293,893.4000244140625,893.4000244140625,6144942545.402924,6144.942545402923,967.5,0.9234108779473514,-0.990888324634771,0.18617933256800123,31.232620251168626,3.4959278484072773,-0.07658912205264856,-0.07658912205264856,13.264994219655367,26.62108660994115,30.14203434815121,"fund_neg_eps,fund_small_mcap",1,macd_sell_like;ext_dev200,False,False,True,False,False,True,False,False,False,1568.T,,893.4,,,,,,,,,True,,,False,,,
2,False,50.323182034133474,True,False,True,True,0.22897420559287462,791.7000122070312,791.7000122070312,92306278.34326172,92.30627834326172,1173.0,0.6749360717877504,-0.4478442280945758,-0.12229061212159842,13.277597882126956,1.6770996182143338,-0.01284287754734259,-0.11194614446771589,13.816363205911195,29.733633780891395,28.86956455174251,"fund_neg_eps,fund_low_adv20,fund_small_mcap",1,trend_break,True,False,False,False,False,False,False,False,False,1569.T,,791.7,,,,,,,,,True,,,False,,,
4,True,57.379020138262696,False,False,True,True,0.34237297593473565,67450.0,67450.0,253353945320.0,253353.94532,76720.0,0.8791710114702815,-0.27506734510625563,0.4247933046332717,3326.6403638685515,4.932009434942255,-0.12082898852971846,-0.12082898852971846,31.20232490322152,31.104774912067473,27.59065975193246,"fund_neg_eps,fund_small_mcap",2,macd_sell_like;trailing_stop;ext_dev200,False,False,True,False,True,True,False,False,False,1570.T,,67450.0,,,,,,,,,True,,,False,,,
2,False,38.80597014925374,True,True,False,True,0.3374613673413552,311.0,311.0,528099714.35,528.09971435,578.0,0.5380622837370242,-0.5190947666195191,-0.2273579866588823,8.344292531706156,2.683052260998764,-0.07440476190476186,-0.22250000000000003,33.484381780614356,23.64032803785374,31.7254932378897,"fund_neg_eps,fund_small_mcap",2,trend_break;di_bear,True,False,False,False,False,False,True,False,False,1571.T,,311.0,,,,,,,,,True,,,False,,,
1,False,42.98155737704918,False,False,True,True,0.34388155163553136,6870.0,6870.0,29017842.0,29.017842,8929.0,0.7694030686527047,-0.25468749999999996,-0.12743345409976092,203.66535616754132,2.964561225146162,-0.10860256909303234,-0.12092130518234168,13.14691735637783,20.621163599369037,32.13780090865767,"fund_neg_eps,fund_low_adv20,fund_small_mcap",3,trend_break;macd_sell_like;trailing_stop,True,False,True,False,True,False,False,False,False,1572.T,,6870.0,,,,,,,,,True,,,False,,,
5,True,60.32110091743119,True,False,True,True,0.292690348494612,8574.0,8574.0,3688295.0,3.688295,8725.0,0.9826934097421204,-0.4246141669964385,0.09488282110465174,132.5218447253403,1.5456245011119698,-0.0018626309662398421,-0.017306590257879617,12.246045256577466,34.45195253512168,21.104457632358393,"fund_neg_eps,fund_low_adv20,fund_small_mcap",0,,False,False,False,False,False,False,False,False,False,1573.T,,8574.0,,,,,,,,,True,,,False,,,
6,True,49.61538461538461,False,False,True,True,0.4313955570934135,54360.0,54360.0,204305824.5,204.3058245,57128.71484375,0.9515354957428576,-0.11640756950228415,0.1078619896236972,845.952237368223,1.5562035271674448,-0.00983606557377048,-0.015752308527973935,7.935231728119693,22.08582336298529,24.63478913504995,fund_small_mcap,0,,False,False,False,False,False,False,False,False,False,1577.T,,54360.0,14.238519,,3817.8127,,,,,,True,,,False,,,
4,True,58.72,False,False,True,True,0.33942486194894755,5172.0,5172.0,57175831.1,57.1758311,5500.0,0.9403636363636364,-0.12681159420289856,0.2304491658782597,129.20610613219543,2.498184573321644,-0.0596363636363636,-0.0596363636363636,32.523197657598836,31.19744260186431,26.516220105258252,"fund_low_adv20,fund_small_mcap",1,macd_sell_like;ext_dev200,False,False,True,False,False,True,False,False,False,1578.T,,5172.0,21.892653,,236.24364,,,,,,True,,,False,,,
4,True,57.356604598759404,False,False,False,True,0.3419030357881288,728.0999755859375,728.0999755859375,14011013030.121887,14011.013030121887,828.7000122070312,0.8786050016420645,-0.9917138312844669,0.4274203032785415,36.16361841510117,4.966847909313353,-0.12139499835793555,-0.12139499835793555,31.086294180774185,31.012398068643975,27.61382154923964,"fund_neg_eps,fund_small_mcap",2,macd_sell_like;trailing_stop;ext_dev200,False,False,True,False,True,True,False,False,False,1579.T,,728.1,,,,,,,,,True,,,False,,,
2,False,40.039843059441175,True,False,False,True,0.3302343394023992,827.0,827.0,402711308.15667725,402.71130815667726,1537.0,0.5380611581001952,-0.5215404981635956,-0.2262849801285417,20.875133060609137,2.524199886409811,-0.07494407158836691,-0.22164705882352942,33.14003929766353,25.441308999032657,33.3887500266124,"fund_neg_eps,fund_small_mcap",2,trend_break;di_bear,True,False,False,False,False,False,True,False,False,1580.T,,827.0,,,,,,,,,True,,,False,,,
6,True,35.5805243445693,False,True,False,True,0.2669153572401776,2560.0,2560.0,135858.5,0.1358585,2681.0,0.9548675867213726,-0.09288461538461534,0.08834930949393227,26.433379100538282,1.0325538711147766,-0.04513241327862738,-0.04513241327862738,12.806806013664959,33.22017876041337,55.350810794618845,"fund_low_adv20,fund_small_mcap",3,cross_sma25_down;macd_sell_like;vol_distribution,False,True,True,False,False,False,False,True,False,1585.T,,2560.0,18.153378,,141.02058,,,,,,True,,,False,,,
7,True,46.92179700499168,False,False,True,False,0.24085016516607957,2948.0,2948.0,267172.15,0.26717215,3130.0,0.94185303514377,-0.10378912685337727,0.08472051526764912,56.67227752253106,1.922397473627241,-0.058146964856230055,-0.058146964856230055,21.25722721464018,28.7378541779711,26.919737931781434,"fund_low_adv20,fund_small_mcap",1,macd_sell_like,False,False,True,False,False,False,False,False,False,1586.T,,2948.0,18.186512,,162.09816,,,,,,True,,,False,,,
5,True,58.41035120147875,False,True,False,True,0.24914158915141993,35870.0,35870.0,67935515.5,67.9355155,36400.0,0.9854395604395605,-0.10274350839440327,0.1419358263582633,630.3721033784616,1.7573797139070577,-0.014560439560439509,-0.014560439560439509,15.160173155059981,30.881755984788857,27.520579066293088,"fund_low_adv20,fund_small_mcap",0,,False,False,False,False,False,False,False,False,False,1591.T,,35870.0,17.909431,,2002.8552,,,,,,True,,,False,,,
6,True,50.1953125,False,True,False,True,0.24106425749618265,3231.0,3231.0,31523482.55,31.52348255,3376.0,0.9570497630331753,-0.11576053756872329,0.11248384978576498,58.623699189089336,1.8144134691763953,-0.04295023696682465,-0.04295023696682465,13.850672729696898,28.04982549602052,30.341195541102213,"fund_low_adv20,fund_small_mcap",2,macd_sell_like;vol_distribution,False,False,True,False,False,False,False,True,False,1592.T,,3231.0,17.40296,,185.65808,,,,,,True,,,False,,,
6,True,48.24561403508772,False,False,True,True,0.2420862071187513,36080.0,36080.0,71858495.5,71.8584955,37820.0,0.9539925965097832,-0.11071623838162925,0.10958622811675567,640.1596075452752,1.774278291422603,-0.046007403490216814,-0.046007403490216814,13.528694987017632,25.558918916942858,29.642368899927618,"fund_low_adv20,fund_small_mcap",1,macd_sell_like,False,False,True,False,False,False,False,False,False,1593.T,,36080.0,17.410452,,2072.3184,,,,,,True,,,False,,,
4,False,41.75824175824176,True,False,True,False,0.5435173346223598,1821.0,1821.0,80203380.05,80.20338004999999,2075.04345703125,0.8775719823262361,-0.1349578757410248,-0.06670078879743047,23.063076086500253,1.2665061003020457,-0.025160599571734443,-0.09465407291607053,43.408259338653046,14.362147998499786,28.370127130407464,"fund_low_adv20,fund_small_mcap",2,trend_break;di_bear,True,False,False,False,False,False,True,False,False,1595.T,,1821.0,20.34987,,89.4846,,,,,,True,,,False,,,
5,True,72.8613569321534,False,False,True,False,0.14517436516409854,2998.0,2998.0,30810.25,0.03081025,3090.0,0.9702265372168285,-0.11314445616049262,0.12865996048834272,36.008410322288405,1.2010810647861376,-0.0297734627831715,-0.0297734627831715,33.90122810489385,38.030612396929804,14.076825091272227,"fund_low_adv20,fund_small_mcap",0,,False,False,False,False,False,False,False,False,False,1596.T,,2998.0,17.964443,,166.88522,,,,,,True,,,False,,,
4,False,45.13727412764204,True,False,True,False,0.5319439247670892,1835.0,1835.0,336952561.95,336.95256194999996,2078.066650390625,0.8830323125849046,-0.14102851337108735,-0.061493228334558614,23.429518458227523,1.2768129949987752,-0.02306332536133926,-0.09081935802277985,37.69895870492358,15.57903998292246,26.863417830065075,fund_small_mcap,2,trend_break;di_bear,True,False,False,False,False,False,True,False,False,1597.T,,1835.0,20.37487,,90.06192,,,,,,True,,,False,,,
6,True,46.56934306569343,False,False,True,False,0.24224770619769803,35610.0,35610.0,3320415.0,3.320415,37570.0,0.947830715996806,-0.1096685082872928,0.1070643279453456,562.471504397385,1.5795324470580876,-0.05216928400319398,-0.05216928400319398,13.237307270545305,31.766682185341903,36.980725520916124,"fund_low_adv20,fund_small_mcap",1,macd_sell_like,False,False,True,False,False,False,False,False,False,1599.T,,35610.0,17.24313,,2065.1704,,,,,,True,,,False,,,
3,True,32.18085106382978,False,False,True,True,0.5032688560854102,3483.0,3483.0,21288294045.0,21288.294045,4900.0,0.7108163265306122,-0.3028571428571428,0.04039089404884888,135.09266520376326,3.878629491925446,-0.12772351615326827,-0.2891836734693878,25.12730442285366,18.24624421062434,36.9919077761941,,3,macd_sell_like;trailing_stop;di_bear,False,False,True,False,True,False,True,False,False,1605.T,,3483.0,10.539854,0.82780313,330.46,4207.522,4047907061760.0,1786084200.0,1786084200.0,1786084200.0,True,,,True,1786084200.0,2026-08-07,42.0
4,True,61.29427476137386,False,True,False,True,0.3803380884890594,694.5,694.5,2543721826.258087,2543.7218262580873,696.0999755859375,0.9977015146644838,-0.18908981061959707,0.26135468829938824,18.24313237659004,2.626800918155513,-0.0022984853355162427,-0.0022984853355162427,24.050702516277305,36.13824918724949,18.182211679458955,fund_small_mcap,1,ext_dev200;vol_distribution,False,False,False,False,False,True,False,True,False,1615.T,,694.5,17.181103,,40.422318,,,,,,True,,,False,,,
7,True,41.83673469387755,False,False,True,True,0.26715001725434734,45300.0,45300.0,20666533.0,20.666533,46960.0,0.9646507666098807,-0.09092844974446335,0.06307209060284169,781.5525176538781,1.7252814959246756,-0.029147021003000484,-0.029147021003000484,18.353415626320405,18.02598340385935,21.214081964155838,"fund_low_adv20,fund_small_mcap",0,,False,False,False,False,False,False,False,False,False,1617.T,,45300.0,20.048416,,2259.53,,,,,,True,,,False,,,
3,True,31.949685534591197,False,False,True,True,0.5339104260634596,32130.0,32130.0,45334285.0,45.334285,41540.0,0.7734713529128551,-0.22652864708714493,0.026488876109693527,1021.9875171414633,3.1807890356099073,-0.11706512778235778,-0.22652864708714493,12.953696629006576,17.998255476904824,29.8926596665683,"fund_low_adv20,fund_small_mcap",2,macd_sell_like;trailing_stop,False,False,True,False,True,False,False,False,False,1618.T,,32130.0,18.836147,,1705.7628,,,,,,True,,,False,,,
6,True,52.96523517382413,False,False,True,True,0.3912018814747486,47390.0,47390.0,51044652.0,51.044652,53140.0,0.8917952578095597,-0.15186300338727887,0.08222290731796433,1168.0330769753061,2.4647247878778353,-0.04647887323943667,-0.083542835041578,11.772207723462277,22.812543171331352,28.629453772279394,"fund_low_adv20,fund_small_mcap",0,,False,False,False,False,False,False,False,False,False,1619.T,,47390.0,14.713414,,3220.8704,,,,,,True,,,False,,,
6,True,45.97523219814241,False,False,True,True,0.27329969926820824,36510.0,36510.0,21278572.0,21.278572,39300.0,0.9290076335877863,-0.15984732048943529,0.10762649839400229,869.8129826086248,2.382396556035675,-0.07099236641221374,-0.07099236641221374,21.209984105810346,21.015696962275822,30.31091881505613,"fund_low_adv20,fund_small_mcap",2,macd_sell_like;di_bear,False,False,True,False,False,False,True,False,False,1620.T,,36510.0,18.699831,,1952.4241,,,,,,True,,,False,,,
2,False,29.209621993127143,False,False,True,True,0.40841032296227286,28535.0,28535.0,30043457.0,30.043457,34080.0,0.8372946009389671,-0.20765810416751362,-0.034234173252331024,603.9912227016088,2.116668031195405,-0.06534556174254835,-0.15124925639500297,19.54064592263827,13.78618107061112,27.168488916850997,"fund_low_adv20,fund_small_mcap",1,trend_break,True,False,False,False,False,False,False,False,False,1621.T,,28535.0,19.87584,,1435.6626,,,,,,True,,,False,,,
2,False,40.625,False,False,True,True,0.43456954784510043,32410.0,32410.0,29935517.0,29.935517,41910.0,0.7733237890718205,-0.23359580052493434,-0.07114177053390014,763.8412087390743,2.3568071852486097,-0.061667631731325945,-0.10888094583447894,11.023159352209408,24.335720869675452,28.054740761738277,"fund_low_adv20,fund_small_mcap",2,trend_break;macd_sell_like,True,False,True,False,False,False,False,False,False,1622.T,,32410.0,10.582298,,3062.6619,,,,,,True,,,False,,,
3,True,41.89926211100418,False,False,True,False,0.22751771712872734,62250.0,62250.0,490352801.5,490.3528015,84340.0,0.7380839459331278,-0.26191605406687224,0.20303454593417802,4074.5433838047106,6.545451218963391,-0.1983258209916291,-0.26191605406687224,16.80399652733093,21.599099559591195,31.640309658099525,fund_small_mcap,2,macd_sell_like;trailing_stop;ext_dev200,False,False,True,False,True,True,False,False,False,1623.T,,62250.0,28.578447,,2178.2148,,,,,,True,,,False,,,
5,True,45.12767066180302,False,False,True,True,0.38936394726842816,83740.0,83740.0,29520693.0,29.520693,97820.0,0.856062154978532,-0.17992230627683503,0.04330578677142083,2390.763944691012,2.8549844097098305,-0.08330596606458673,-0.11019020295398996,17.468568902455324,19.20175002278096,33.16517534871003,"fund_low_adv20,fund_small_mcap",2,macd_sell_like;trailing_stop,False,False,True,False,True,False,False,False,False,1624.T,,83740.0,25.253412,,3315.9875,,,,,,True,,,False,,,
4,True,56.90045248868778,False,False,False,False,0.3964148666711767,63420.0,63420.0,94591069.5,94.5910695,68980.0,0.9193969266454045,-0.1392405063291139,0.2559410646387832,2038.4463187504846,3.214201070246743,-0.08060307335459549,-0.08060307335459549,31.801766906558786,31.01272610401717,27.76452648550749,"fund_low_adv20,fund_small_mcap",2,macd_sell_like;trailing_stop;ext_dev200,False,False,True,False,True,True,False,False,False,1625.T,,63420.0,26.822906,,2364.397,,,,,,True,,,False,,,
5,False,54.23728813559322,False,False,True,False,0.5053078958810667,43400.0,43400.0,46893503.5,46.8935035,46060.0,0.9422492401215805,-0.18676019289785184,0.03676824526974487,1113.7498422424271,2.5662438761346245,-0.05775075987841949,-0.05775075987841949,33.82412633492536,29.858880011322587,22.940080909919864,"fund_low_adv20,fund_small_mcap",2,trend_break;macd_sell_like,True,False,True,False,False,False,False,False,False,1626.T,,43400.0,15.367733,,2824.099,,,,,,True,,,False,,,
4,False,40.75144508670521,True,False,True,True,0.4694358457588937,11390.0,11390.0,33012209.25,33.01220925,13215.0,0.8618993567915247,-0.23886514397260195,-0.005439955292823262,269.94612767476383,2.3700274598311135,-0.04406210658833398,-0.1302023673157694,28.830306820732552,10.560881720471125,22.25537690238063,"fund_low_adv20,fund_small_mcap",2,trend_break;di_bear,True,False,False,False,False,False,True,False,False,1627.T,,11390.0,7.6980863,,1479.5885,,,,,,True,,,False,,,
4,False,41.208791208791204,True,False,True,True,0.48812660312826567,20690.0,20690.0,10910906.75,10.91090675,22515.0,0.9189429269375972,-0.10282034199422607,-0.016410587966836587,297.1070062113587,1.435993263467176,-0.027268453220498312,-0.07323628219484879,15.59526899675483,22.92642062770013,24.07280122967961,"fund_low_adv20,fund_small_mcap",1,trend_break,True,False,False,False,False,False,False,False,False,1628.T,,20690.0,10.779346,,1919.4114,,,,,,True,,,False,,,
4,True,14.615410197170874,False,False,True,True,0.01806206737850001,251.6999969482422,251.6999969482422,353595452.58893585,353.59545258893587,298.8999938964844,0.8420876617194292,-0.9981273843075493,0.0584222612714016,7.7991391504292205,3.0985853178349383,-0.1519541533006592,-0.15791233828057083,15.942561270837526,18.243042084253727,36.38213608129672,fund_small_mcap,2,macd_sell_like;trailing_stop,False,False,True,False,True,False,False,False,False,1629.T,,251.7,16.040836,,15.691201,,,,,,True,,,False,,,
6,True,60.6060606060606,True,False,True,True,0.2914444794515567,37320.0,37320.0,13082236.5,13.0822365,40090.0,0.930905462708905,-0.11648790222000494,0.02204153618429605,713.5733581290676,1.9120400807316924,-0.0005356186395286677,-0.0563843236409608,13.742606561596945,24.671955551057092,17.13867357493314,"fund_low_adv20,fund_small_mcap",0,,False,False,False,False,False,False,False,False,False,1630.T,,37320.0,24.733095,,1508.9094,,,,,,True,,,False,,,
4,True,59.375,False,False,True,True,0.3822918544706604,37200.0,37200.0,266451831.5,266.4518315,37280.0,0.9978540772532188,-0.19288645690834472,0.2603888909594201,985.2151772759457,2.64842789590308,-0.0021459227467811592,-0.0021459227467811592,25.756479461076875,35.39261862283166,18.075506288255667,fund_small_mcap,0,ext_dev200,False,False,False,False,False,True,False,False,False,1631.T,,37200.0,17.182644,,2164.9753,,,,,,True,,,False,,,
5,True,57.142857142857146,True,True,False,True,0.33481962442292657,40950.0,40950.0,34289125.0,34.289125,40950.0,1.0,-0.12168767687162341,0.17457412724409638,871.2844438730795,2.1276787396167998,0.0,0.0,24.635259081250325,39.06928143032553,15.848988240523981,"fund_low_adv20,fund_small_mcap",0,,False,False,False,False,False,False,False,False,False,1632.T,,40950.0,10.12825,,4043.1467,,,,,,True,,,False,,,
3,False,49.130763416477706,True,True,False,False,0.47047177026085435,51400.0,51400.0,35280828.5,35.2808285,65500.0,0.7847328244274809,-0.2551145038167939,-0.027201453520007246,1415.0043889016777,2.7529268266569606,-0.04407662265203649,-0.15181518151815176,31.624736324646317,20.66772853687888,30.513740941178817,"fund_low_adv20,fund_small_mcap",2,trend_break;di_bear,True,False,False,False,False,False,True,False,False,1633.T,,51400.0,15.791483,,3254.9192,,,,,,True,,,False,,,
6,True,46.7741935483871,False,False,True,True,0.3664591144918837,3000.0,3000.0,95467099.75,95.46709975,3104.356689453125,0.9663837954550548,-0.09576841392495505,0.11741485832457021,54.21056286944908,1.8070187623149694,-0.02944031057910057,-0.02944031057910057,9.506298912029887,22.365610740028846,25.05030533755153,"fund_low_adv20,fund_small_mcap",0,,False,False,False,False,False,False,False,False,False,1651.T,,3000.0,15.16888,,197.77333,,,,,,True,,,False,,,
4,True,78.41726618705036,False,True,False,True,0.15858404955757005,4780.0,4780.0,1022138.0,1.022138,4837.9091796875,0.988030122613579,-0.1881511758432901,0.15417070583817583,32.82786095942453,0.6867753338791742,-0.010147028370263045,-0.010147028370263045,40.290007856740715,63.205821703827226,30.61341674448047,"fund_low_adv20,fund_small_mcap",2,macd_sell_like;vol_distribution,False,False,True,False,False,False,False,True,False,1652.T,,4780.0,17.517052,,272.87698,,,,,,True,,,False,,,
6,True,52.29759299781182,False,False,True,True,0.31553176830605695,4974.0,4974.0,3084872.5,3.0848725,5151.0,0.9656377402446127,-0.1179292424545273,0.10277365191742582,46.62033971629772,0.9372806537253262,-0.034362259755387314,-0.034362259755387314,34.71029999514951,55.073420905911554,32.18870271728685,"fund_low_adv20,fund_small_mcap",2,cross_sma25_down;macd_sell_like,False,True,True,False,False,False,False,False,False,1653.T,,4974.0,17.367588,,286.39557,,,,,,True,,,False,,,
4,True,69.51219512195122,False,False,True,True,0.26542095698186274,3289.0,3289.0,2766201.5,2.7662015,3344.0,0.9835526315789473,-0.07975077881619941,0.15226730065791627,21.475802771969985,0.6529584302818481,-0.016447368421052655,-0.016447368421052655,24.09562490188547,57.6803916485676,30.128228743648943,"fund_low_adv20,fund_small_mcap",0,,False,False,False,False,False,False,False,False,False,1654.T,,3289.0,18.230465,,180.4123,,,,,,True,,,False,,,
6,True,49.92594401041667,False,False,True,True,0.46757203798263697,851.9000244140625,851.9000244140625,1199714358.7233887,1199.7143587233886,877.7000122070312,0.9706050046323993,-0.11263823936356077,0.11601889710857538,6.929722092949927,0.8134431147265426,-0.029394995367600707,-0.029394995367600707,39.259753252807315,38.569363582134024,34.14865007456498,fund_small_mcap,1,macd_sell_like,False,False,True,False,False,False,False,False,False,1655.T,,851.9,26.927298,,31.637041,,,,,,True,,,False,,,
5,True,70.75479574709433,False,False,True,True,0.3862655568627306,315.8999938964844,315.8999938964844,65023478.47962952,65.02347847962952,318.74859619140625,0.9910631691277746,-0.08894215827438323,0.02800956990941872,1.2802652469216762,0.40527548960358634,-0.0025261076088114454,-0.006916102372897526,15.43278456414633,27.39504306503247,26.953088293488147,"fund_neg_eps,fund_low_adv20,fund_small_mcap",0,,False,False,False,False,False,False,False,False,False,1656.T,,315.9,,,,,,,,,True,,,False,,,
5,True,50.99236641221375,False,False,True,True,0.41583715085802275,7074.0,7074.0,9276438.85,9.27643885,7267.0,0.9734415852483831,-0.07558988913339781,0.10914485050630351,66.46859918750182,0.9396183091249904,-0.02655841475161691,-0.02655841475161691,28.32693735810903,31.87075448936748,36.86985224770328,"fund_low_adv20,fund_small_mcap",2,macd_sell_like;di_bear,False,False,True,False,False,False,True,False,False,1657.T,,7074.0,24.22289,,292.0378,,,,,,True,,,False,,,
4,True,48.66156787762906,False,True,False,False,0.31158432739903896,4276.0,4276.0,64748422.9,64.7484229,4630.0,0.9235421166306695,-0.11779021659771238,0.16357580505207148,107.63266609716698,2.5171343801956727,-0.07645788336933046,-0.07645788336933046,23.303868280687105,29.054062754144798,33.078293251621176,"fund_low_adv20,fund_small_mcap",3,macd_sell_like;di_bear;vol_distribution,False,False,True,False,False,False,True,True,False,1658.T,,4276.0,17.13078,,249.60919,,,,,,True,,,False,,,
4,True,59.523809523809526,False,False,True,False,0.19507093737066672,3925.0,3925.0,46486713.25,46.48671325,3925.0,1.0,-0.13855583825274076,0.1484835894506995,39.278532341190406,1.000726938629055,0.0,0.0,19.160482003175083,50.79985361828129,29.687250465567917,"fund_low_adv20,fund_small_mcap",0,,False,False,False,False,False,False,False,False,False,1659.T,,3925.0,30.149137,,130.18614,,,,,,True,,,False,,,
4,False,41.34615384615385,True,False,True,True,0.5443227808286132,10485.0,10485.0,48648488.75,48.64848875,11909.81640625,0.880366215762798,-0.13474736734042592,-0.0609075067982392,129.83778835341477,1.2383193929748666,-0.029166666666666674,-0.08434320209701562,36.66345535036261,12.760346152376878,28.052447604420383,"fund_low_adv20,fund_small_mcap",2,trend_break;di_bear,True,False,False,False,False,False,True,False,False,1660.T,,10485.0,19.5166,,537.235,,,,,,True,,,False,,,
1,False,19.035532994923855,False,False,True,True,0.5844137697566482,1639.0,1639.0,3482166355.0,3482.166355,2694.0,0.6083890126206385,-0.3916109873793615,-0.05786200005331166,81.23857415788154,4.956593908351528,-0.18901533894111822,-0.3916109873793615,39.13296800902572,13.747727875311302,39.126899556341336,,4,trend_break;macd_sell_like;trailing_stop;di_bear,True,False,True,False,True,False,True,False,False,1662.T,,1639.0,7.849993,0.6685915,208.79,2451.422,419583033344.0,1785997800.0,1785997800.0,1785997800.0,True,,,True,1785997800.0,2026-08-06,41.0
1,False,23.295454545454547,False,False,True,True,0.5593266196107911,3895.0,3895.0,643598600.0,643.5986,5660.0,0.6881625441696113,-0.3118374558303887,-0.040604750858112215,143.22102971849918,3.6770482597817504,-0.15418023887079257,-0.3118374558303887,31.904061501599603,10.865536543372796,33.766676821768506,,4,trend_break;macd_sell_like;trailing_stop;di_bear,True,False,True,False,True,False,True,False,False,1663.T,,3895.0,12.450454,0.9684121,312.84,4022.048,104007065600.0,,1754550000.0,1754982000.0,True,,,True,1754550000.0,2025-08-07,-219.0
5,True,35.79952267303102,False,False,True,True,0.4937900305453546,5274.0,5274.0,1964828527.6,1964.8285276,5976.0,0.8825301204819277,-0.26933701657458564,0.40222324436279133,181.85405249203615,3.4481238621925705,-0.11212121212121207,-0.1174698795180723,11.686592895551223,33.080189495548865,34.04203440873654,"fund_neg_eps,fund_small_mcap",3,cross_sma25_down;macd_sell_like;trailing_stop;ext_dev200,False,True,True,False,True,True,False,False,False,1671.T,,5274.0,,,,,,,,,True,,,False,,,
1,False,30.232558139534888,False,False,False,True,0.4613278363232991,62310.0,62310.0,36405135.5,36.4051355,79700.0,0.7818067754077792,-0.2181932245922208,-0.010726261240664559,1197.9135164514921,1.92250604469827,-0.09274898078043103,-0.18153159070011826,21.014696176897047,15.999574521512692,45.689385917555946,"fund_neg_eps,fund_low_adv20,fund_small_mcap",4,trend_break;macd_sell_like;trailing_stop;di_bear,True,False,True,False,True,False,True,False,False,1672.T,,62310.0,,,,,,,1746269940.0,1746269940.0,True,,,False,1746269940.0,2025-05-03,-287.0
3,True,30.0495482366657,False,False,False,True,0.45359367992060995,9481.0,9481.0,122016272.5,122.0162725,16810.0,0.5640095181439619,-0.4625223081499108,0.008883194715201492,427.3230761452458,4.507151947529224,-0.24060873047657194,-0.24060873047657194,15.76971968019588,19.269183612245772,47.49070289042562,"fund_neg_eps,fund_low_adv20,fund_small_mcap",2,macd_sell_like;trailing_stop,False,False,True,False,True,False,False,False,False,1673.T,,9481.0,,,,,,,1746269940.0,1746269940.0,True,,,False,1746269940.0,2025-05-03,-287.0
1,False,21.188428459734183,False,False,False,True,0.42758383054767585,24395.0,24395.0,24967144.0,24.967144,40020.0,0.6095702148925537,-0.3904297851074463,-0.0753059886209001,814.686929873858,3.3395651972693505,-0.2004260898066208,-0.22308917197452227,27.003964400954256,12.590559718140346,48.871126394142706,"fund_neg_eps,fund_low_adv20,fund_small_mcap",4,trend_break;macd_sell_like;trailing_stop;di_bear,True,False,True,False,True,False,True,False,False,1674.T,,24395.0,,,,,,,1746269940.0,1746269940.0,True,,,False,1746269940.0,2025-05-03,-287.0
1,False,19.33333333333333,False,False,True,True,0.46991383846279383,17450.0,17450.0,5842327.25,5.84232725,29325.0,0.5950554134697357,-0.4049445865302643,-0.16900310135662033,521.1698411498329,2.98664665415377,-0.19006730099791136,-0.26849717040452736,36.683281351085085,10.043713598261641,48.001002741114704,"fund_neg_eps,fund_low_adv20,fund_small_mcap",4,trend_break;macd_sell_like;trailing_stop;di_bear,True,False,True,False,True,False,True,False,False,1675.T,,17450.0,,,,,,,1746269940.0,1746269940.0,True,,,False,1746269940.0,2025-05-03,-287.0
1,False,16.52173913043478,False,False,True,True,0.39024059443346015,42310.0,42310.0,3588783.5,3.5887835,61810.0,0.6845170684355283,-0.3154829315644717,-0.02474724046227117,1166.1323843129223,2.7561625722356946,-0.1374108053007136,-0.20094428706326728,25.739993559071458,10.343182732840651,40.38664248622394,"fund_neg_eps,fund_low_adv20,fund_small_mcap",4,trend_break;macd_sell_like;trailing_stop;di_bear,True,False,True,False,True,False,True,False,False,1676.T,,42310.0,,,,,,,1746269940.0,1746269940.0,True,,,False,1746269940.0,2025-05-03,-287.0
5,True,62.58064516129033,False,False,True,True,0.32832996544065357,60430.0,60430.0,7415190.0,7.41519,60970.0,0.9911431851730359,-0.06933961488099671,0.03020231093600878,173.01034285627352,0.28629876362117085,-0.008856814826964099,-0.008856814826964099,16.9080168326152,36.64228513258929,40.49408315797022,"fund_neg_eps,fund_low_adv20,fund_small_mcap",1,macd_sell_like,False,False,True,False,False,False,False,False,False,1677.T,,60430.0,,,,,,,,,True,,,False,,,
3,False,56.10391195718344,True,False,True,True,0.4062455928900178,310.5,310.5,198661401.80047607,198.66140180047609,367.20001220703125,0.8455882071837645,-0.18436821883562815,-0.07360720407761678,4.396831060777373,1.416048650813969,-0.01177597728606472,-0.053642199866228646,14.982777899704828,27.57321090156495,32.84306521682829,"fund_neg_eps,fund_low_adv20,fund_small_mcap",1,trend_break,True,False,False,False,False,False,False,False,False,1678.T,,310.5,,,,,,,,,True,,,False,,,
5,True,72.72727272727273,False,False,True,True,0.40804707278580465,65250.0,65250.0,1329080.0,1.32908,66450.0,0.981941309255079,-0.1350735724987301,0.08824930499020689,342.2188583596187,0.5244733461450095,-0.018058690744920947,-0.018058690744920947,35.66052672916232,64.92708208719436,27.706612649689045,"fund_neg_eps,fund_low_adv20,fund_small_mcap",0,,False,False,False,False,False,False,False,False,False,1679.T,,65250.0,,,,,,,,,True,,,False,,,
6,True,51.156812339331616,False,False,True,True,0.4160469680614644,8067.0,8067.0,19077466.8,19.0774668,8285.0,0.9736873868436934,-0.08065781567654695,0.10753398637805511,69.60421249994994,0.8628264844421709,-0.02631261315630662,-0.02631261315630662,33.87810504003097,31.88325604910105,27.406644002951968,"fund_low_adv20,fund_small_mcap",1,macd_sell_like,False,False,True,False,False,False,False,False,False,1680.T,,8067.0,29.456697,,273.85962,,,,,,True,,,False,,,
4,True,51.96078431372549,False,True,False,True,0.3175615228537567,3350.0,3350.0,27356100.95,27.35610095,3584.0,0.9347098214285714,-0.12718600953895076,0.19056183269786797,80.1692735404868,2.393112642999606,-0.0652901785714286,-0.0652901785714286,21.97053880521009,28.12993807635033,32.1574324691111,"fund_low_adv20,fund_small_mcap",3,macd_sell_like;ext_dev200;di_bear;vol_distribution,False,False,True,False,False,True,True,True,False,1681.T,,3350.0,23.829874,,140.57985,,,,,,True,,,False,,,
5,True,32.15909090909091,False,False,True,True,0.23941839144895977,2500.0,2500.0,830221.5,0.8302215,2827.0,0.8843296781039972,-0.15811814644499467,0.16822293431900204,78.23151021336608,3.1292604085346434,-0.08273711245643,-0.08458440131819844,26.187133174911185,31.076782714193545,21.460168425062758,"fund_neg_eps,fund_low_adv20,fund_small_mcap",2,macd_sell_like;trailing_stop,False,False,True,False,True,False,False,False,False,1684.T,,2500.0,,,,,,,1746031571.0,1746031571.0,True,,,False,1746031571.0,2025-05-01,-289.0
4,True,34.59793950398189,False,False,True,True,0.4590204288515777,805.0,805.0,2358550.297729492,2.3585502977294923,913.7000122070312,0.8810331500987204,-0.23495517071234617,0.30860902474821317,31.37635520060444,3.8976838758514836,-0.11382653196289572,-0.11896684990127959,13.788550878953226,23.56064679012648,25.711686844708094,"fund_neg_eps,fund_low_adv20,fund_small_mcap",2,macd_sell_like;trailing_stop;ext_dev200,False,False,True,False,True,True,False,False,False,1685.T,,805.0,,,,,,,1746031571.0,1746031571.0,True,,,False,1746031571.0,2025-05-01,-289.0
5,True,53.49544072948328,False,False,True,True,0.33327901515515856,3246.0,3246.0,850320.5,0.8503205,3317.0,0.9785951160687368,-0.20941349512778085,0.18422096702258361,122.7996567794049,3.783107109655111,-0.021404883931263163,-0.021404883931263163,37.89021903787711,48.47130345050804,9.912468066429987,"fund_neg_eps,fund_low_adv20,fund_small_mcap",0,ext_dev200,False,False,False,False,False,True,False,False,False,1686.T,,3246.0,,,,,,,1746031571.0,1746031571.0,True,,,False,1746031571.0,2025-05-01,-289.0
4,True,11.372531889392263,False,False,True,True,0.2670913093412838,959.7000122070312,959.7000122070312,19449379.85305786,19.449379853057863,1107.5,0.866546286417184,-0.16433880575934867,0.015753343735801062,22.878874616738496,2.383961063428949,-0.1295237984516724,-0.1295237984516724,23.16551149898809,19.106428779789717,25.37233326520288,"fund_neg_eps,fund_low_adv20,fund_small_mcap",2,trailing_stop;di_bear,False,False,False,False,True,False,True,False,False,1687.T,,959.7,,,,,,,1746031571.0,1746031571.0,True,,,False,1746031571.0,2025-05-01,-289.0
4,True,26.3581547001357,False,False,True,True,0.37037074624898564,538.0,538.0,18212356.02975464,18.212356029754638,609.5,0.8826907301066448,-0.2834669092613378,0.017469070464286807,14.121291011722441,2.6247752809893012,-0.10720208795747754,-0.10720208795747754,25.86657505450342,16.185115272933555,37.08929581661637,"fund_neg_eps,fund_low_adv20,fund_small_mcap",2,trailing_stop;di_bear,False,False,False,False,True,False,True,False,False,1688.T,,538.0,,,,,,,1746031571.0,1746031571.0,True,,,False,1746031571.0,2025-05-01,-289.0
1,False,47.863247863247864,False,False,True,True,0.3042392431446184,838.0,838.0,69102916.6,69.1029166,1380.0,0.6072463768115942,-0.5330649798734906,-0.1222695302885094,27.011052224739625,3.223275921806638,-0.07810781078107809,-0.181640625,14.077800247843435,34.75038870286153,33.431241195706924,"fund_neg_eps,fund_low_adv20,fund_small_mcap",1,trend_break,True,False,False,False,False,False,False,False,False,1689.T,,838.0,,,,,,,1746031571.0,1746031571.0,True,,,False,1746031571.0,2025-05-01,-289.0
4,True,34.42768411712511,False,False,True,True,0.48722094457055826,2394.0,2394.0,11345146.0,11.345146,2660.5,0.8998308588611164,-0.2805858701895463,0.3834751578369475,90.87242129721871,3.795840488605627,-0.09266628766344509,-0.10016914113888364,11.827822290300235,22.453088022026417,25.61435828390507,"fund_neg_eps,fund_low_adv20,fund_small_mcap",3,cross_sma25_down;macd_sell_like;trailing_stop;ext_dev200,False,True,True,False,True,True,False,False,False,1690.T,,2394.0,,,,,,,1746031571.0,1746031571.0,True,,,False,1746031571.0,2025-05-01,-289.0
5,True,37.3767258382643,False,False,True,True,0.4796180465802553,13400.0,13400.0,3550351.75,3.55035175,15520.0,0.8634020618556701,-0.24604721680745067,0.3692387237060184,564.5410641258209,4.212993015864335,-0.13659793814432986,-0.13659793814432986,18.174113517979833,25.84430404586652,18.019665505008273,"fund_neg_eps,fund_low_adv20,fund_small_mcap",1,trailing_stop;ext_dev200,False,False,False,False,True,True,False,False,False,1691.T,,13400.0,,,,,,,1746031571.0,1746031571.0,True,,,False,1746031571.0,2025-05-01,-289.0
5,True,39.932894153656086,False,False,True,True,0.22221943053184595,735.5999755859375,735.5999755859375,9432310.518493652,9.432310518493653,809.4000244140625,0.9088212915714328,-0.19957688605569457,0.1682290839416687,28.21529202749335,3.8356841984692345,-0.09117870842856723,-0.09117870842856723,23.349783525177724,19.414628648097707,21.72431454670226,"fund_neg_eps,fund_low_adv20,fund_small_mcap",4,cross_sma25_down;macd_sell_like;trailing_stop;di_bear,False,True,True,False,True,False,True,False,False,1692.T,,735.6,,,,,,,1746031571.0,1746031571.0,True,,,False,1746031571.0,2025-05-01,-289.0
4,True,53.75805297065139,False,False,True,False,0.3703137142115335,8740.0,8740.0,153664241.5,153.6642415,9153.0,0.9548781820168251,-0.24771122155375358,0.17032516025018718,184.17200330447673,2.107231159090123,-0.04512181798317494,-0.04512181798317494,17.781536633436282,32.29752427062859,36.681793601320955,"fund_neg_eps,fund_low_adv20,fund_small_mcap",1,macd_sell_like,False,False,True,False,False,False,False,False,False,1693.T,,8740.0,,,,,,,1746031571.0,1746031571.0,True,,,False,1746031571.0,2025-05-01,-289.0
6,True,36.6754617414248,False,False,True,True,0.3447138172157672,2499.0,2499.0,1845220.5,1.8452205,2705.5,0.9236739974126779,-0.35737704918032787,0.10182391760350007,57.10756227294679,2.285216577548891,-0.06857994781960497,-0.07632600258732214,16.324899802223282,19.29513909095318,26.42625846440019,"fund_neg_eps,fund_low_adv20,fund_small_mcap",1,macd_sell_like,False,False,True,False,False,False,False,False,False,1694.T,,2499.0,,,,,,,1746031571.0,1746031571.0,True,,,False,1746031571.0,2025-05-01,-289.0
5,True,19.449901768172893,False,False,True,True,0.3771775305916249,3101.0,3101.0,88168701.45,88.16870145,3552.0,0.8730292792792793,-0.39300546448087437,0.07219417744277723,87.01813747580178,2.8061314890616504,-0.1269707207207207,-0.1269707207207207,18.502032116296274,26.908534761398244,29.88249090495223,"fund_neg_eps,fund_low_adv20,fund_small_mcap",1,trailing_stop,False,False,False,False,True,False,False,False,False,1695.T,,3101.0,,,,,,,1746031571.0,1746031571.0,True,,,False,1746031571.0,2025-05-01,-289.0
1,False,8.832807570977906,False,False,True,True,0.33617144194548676,2780.0,2780.0,31887802.55,31.88780255,3490.0,0.7965616045845272,-0.28005657708628007,-0.045423095610491404,63.15764893574206,2.271857875386405,-0.11857958148383008,-0.20343839541547282,20.563798545699612,16.668954246912605,32.85370032195865,"fund_neg_eps,fund_low_adv20,fund_small_mcap",3,trend_break;trailing_stop;di_bear,True,False,False,False,True,False,True,False,False,1696.T,,2780.0,,,,,,,1746031571.0,1746031571.0,True,,,False,1746031571.0,2025-05-01,-289.0
4,True,18.75,False,False,True,True,0.39936930593871905,4289.0,4289.0,4573556.5,4.5735565,4745.0,0.9038988408851423,-0.23860247123988065,0.019436802167699607,88.25304283093361,2.057660126624705,-0.09610115911485773,-0.09610115911485773,24.51622241492774,19.544042840259483,31.75029311188072,"fund_neg_eps,fund_low_adv20,fund_small_mcap",2,trailing_stop;di_bear,False,False,False,False,True,False,True,False,False,1697.T,,4289.0,,,,,,,1746031571.0,1746031571.0,True,,,False,1746031571.0,2025-05-01,-289.0
6,True,43.34203655352481,False,True,False,True,0.4318021037941602,4035.0,4035.0,62206954.8,62.2069548,4245.41552734375,0.9504370005742637,-0.0820686514899861,0.07929056158191417,55.7711512155494,1.382184664573715,-0.01585365853658538,-0.027710843373493943,9.746348605707016,26.625520805355112,23.54042762898429,"fund_low_adv20,fund_small_mcap",0,,False,False,False,False,False,False,False,False,False,1698.T,,4035.0,14.979118,,269.375,,,,,,True,,,False,,,
4,True,39.18589650649824,False,False,True,True,0.47730765352548027,642.5999755859375,642.5999755859375,309773283.81018066,309.77328381018066,696.2000122070312,0.9230105778780789,-0.2821740869543775,0.37550752283143907,17.95462080547284,2.794058743793353,-0.07698942212192106,-0.07698942212192106,13.528688597946207,33.33206966548195,29.243382705378718,"fund_neg_eps,fund_small_mcap",2,cross_sma25_down;macd_sell_like;ext_dev200,False,True,True,False,False,True,False,False,False,1699.T,,642.6,,,,,,,,,True,,,False,,,
0,False,26.785714285714278,False,False,True,True,0.41228665703878453,218.0,218.0,28177730.0,28.17773,341.0,0.6392961876832844,-0.5564053537284894,-0.20063069504794373,9.952602499796912,4.565413990732528,-0.18045112781954886,-0.29220779220779225,17.58155908506579,17.19606500526618,26.586452967355385,"fund_neg_eps,fund_low_adv20,fund_small_mcap",2,trend_break;trailing_stop,True,False,False,False,True,False,False,False,False,1711.T,,218.0,-32.732732732732735,3.9001698,-6.66,55.895,2274320640.0,,1747119600.0,1747119600.0,True,,,False,1747119600.0,2025-05-13,-281.0
6,True,51.72413793103448,True,False,True,True,0.4204718654523397,1418.0,1418.0,27493205.0,27.493205,1621.0,0.8747686613201727,-0.22323052666947063,0.010756213869742126,32.542886349981345,2.2949849330029157,-0.013908205841446475,-0.10196326789107035,12.868522642901278,24.730208353492085,22.885782874427353,"fund_low_adv20,fund_small_mcap",0,,False,False,False,False,False,False,False,False,False,1716.T,,1418.0,9.332631,0.7943906,151.94,1785.016,15950524416.0,,1755151200.0,1755496800.0,True,,,False,1755151200.0,2025-08-14,-214.0
3,False,48.421052631578945,True,False,True,True,0.5781353703877858,900.0,900.0,30435715.0,30.435715,1100.9429931640625,0.8174810190793249,-0.1979602890588401,-0.11657652010922803,14.420608518123045,1.602289835347005,-0.019607843137254943,-0.11678115799803734,48.79270089024999,8.164396082494225,25.757126525070472,"fund_low_adv20,fund_small_mcap",2,trend_break;di_bear,True,False,False,False,False,False,True,False,False,1717.T,,900.0,11.33644,1.7373745,79.39,518.023,10582790144.0,,1754550000.0,1754982000.0,True,,,False,1754550000.0,2025-08-07,-219.0
2,False,47.99999999999999,False,False,True,True,0.4709675980013723,6800.0,6800.0,15806850.0,15.80685,9900.0,0.6868686868686869,-0.31414141414141417,-0.1327278017347575,109.73313773343368,1.6137226137269658,-0.0449438202247191,-0.154228855721393,26.145311481302045,16.318758552422917,40.68009340452094,"fund_low_adv20,fund_small_mcap",2,trend_break;di_bear,True,False,False,False,False,False,True,False,False,1718.T,,6800.0,4.7289877,0.4172448,1437.94,16297.388,7300948992.0,,1753684200.0,1754029800.0,True,,,False,1753684200.0,2025-07-28,-227.0
4,False,47.75449101796408,True,False,True,False,0.47481910504583147,1748.5,1748.5,1597861667.5,1597.8616675,2143.932861328125,0.815557255331605,-0.19796928765073218,-0.042638795262166074,41.977537020093514,2.4007742076118683,-0.08670671193523116,-0.15367860600193606,25.711453422591706,16.62915156151547,25.12046549085251,,3,trend_break;trailing_stop;di_bear,True,False,False,False,True,False,True,False,False,1719.T,,1748.5,9.215728,1.3170402,189.73,1327.598,274310053888.0,1778740200.0,1785997800.0,1785997800.0,True,,,True,1785997800.0,2026-08-06,41.0
3,False,41.2639405204461,True,False,True,True,0.452050278859776,1132.0,1132.0,540274245.0,540.274245,1630.3553466796875,0.6943271614408375,-0.31794010289557306,-0.10451677205123322,41.09341147871288,3.630160024621279,-0.11424100156494521,-0.25280528052805284,37.942400937085964,14.553848297571626,31.879041747083786,,3,trend_break;trailing_stop;di_bear,True,False,False,False,True,False,True,False,False,1720.T,,1132.0,8.968468,1.0794677,126.22,1048.665,120301264896.0,,1754377200.0,1754982000.0,True,,,True,1754377200.0,2025-08-05,-221.0
5,True,62.6358695652174,True,False,True,True,0.34278453581606905,5404.0,5404.0,3251532585.0,3251.532585,5903.0,0.9154667118414366,-0.14144395837367774,0.17549157081048739,164.51114327223462,3.0442476549266217,-0.06971940092959206,-0.08453328815856342,18.45525582959251,17.24238373015317,24.185281607619206,,0,,False,False,False,False,False,False,False,False,False,1721.T,,5404.0,17.445765,1.5595051,309.76,3465.202,625253941248.0,1778567400.0,1786084200.0,1786084200.0,True,,,True,1786084200.0,2026-08-07,42.0
4,True,48.735408560311285,False,False,True,False,0.5605988016303295,2209.0,2209.0,433376480.0,433.37648,3014.883544921875,0.7326982840583456,-0.2918466109259539,0.10490265791414544,130.72407070799707,5.917794056496019,-0.14246894409937894,-0.19672727272727275,10.545034004481256,25.339619287624448,28.11848584794853,,1,trailing_stop,False,False,False,False,True,False,False,False,False,1723.T,,2209.0,16.669182,3.0046492,132.52,735.194,140785778688.0,,1746601200.0,1746601200.0,True,,,True,1746601200.0,2025-05-07,-285.0
3,False,45.87155963302752,False,False,True,True,0.28657640767659437,694.0,694.0,3690275.0,3.690275,746.0,0.9302949061662198,-0.09545226526806283,-0.003569325822291969,11.480694298480483,1.6542787173603,-0.03342618384401119,-0.060893098782138,25.2714768872741,11.234754202941282,29.126806534053333,"fund_low_adv20,fund_small_mcap",2,trend_break;di_bear,True,False,False,False,False,False,True,False,False,1724.T,,694.0,13.328212,1.2613091,52.07,550.222,3103445248.0,,1754721000.0,1755066600.0,True,,,False,1754721000.0,2025-08-09,-217.0
6,True,50.0,False,False,True,True,0.520584746056938,526.0,526.0,88688025.0,88.688025,530.0,0.9924528301886792,-0.09629805891223686,0.27990622645215724,1.1562513176326692,0.21981964213548844,-0.0037878787878787845,-0.005671077504725952,43.92132989583184,21.47186621579509,10.068725969171693,"fund_neg_eps,fund_low_adv20,fund_small_mcap",0,ext_dev200,False,False,False,False,False,True,False,False,False,1726.T,no_quote_result,,,,,,,,,,True,,,False,,,
5,True,46.15384615384615,False,False,True,False,0.5076979584668985,2256.0,2256.0,21661170.0,21.66117,2728.129638671875,0.8269401746972259,-0.1763440228972979,0.03692678793489601,72.69472177794223,3.2222837667527586,-0.10298210735586477,-0.10298210735586477,11.246661023858612,16.530239812680026,21.161925796393877,fund_low_adv20,2,macd_sell_like;trailing_stop,False,False,True,False,True,False,False,False,False,1736.T,,2256.0,9.6422615,1.318005,233.97,1711.678,34955259904.0,,1747031400.0,1747031400.0,True,,,False,1747031400.0,2025-05-12,-282.0
7,True,53.43383584589615,True,False,True,False,0.4549135161448411,2503.0,2503.0,5659115.0,5.659115,2737.0,0.9145049324077457,-0.14358786993058092,0.043647051596247266,62.6836463341708,2.50434064459332,-0.05117513267626994,-0.08549506759225434,8.101703371673226,27.827707468563993,27.964294174790126,"fund_low_adv20,fund_small_mcap",0,,False,False,False,False,False,False,False,False,False,1758.T,,2503.0,10.775788,0.5250855,232.28,4766.843,4995993088.0,,1749812340.0,1749812340.0,True,,,False,1749812340.0,2025-06-13,-258.0
3,False,38.21656050955414,False,False,True,False,0.42228249378518395,3405.0,3405.0,234567825.0,234.567825,4238.51416015625,0.8033475579740607,-0.21552698083296573,-0.05144600414896061,97.0712772311611,2.8508451462896067,-0.09320905459387485,-0.10394736842105268,13.944480917321272,21.6036876605135,24.6823401360292,,2,trend_break;trailing_stop,True,False,False,False,True,False,False,False,False,1762.T,,3405.0,10.379516,0.8072508,328.05,4218.02,118556884992.0,,1754377200.0,1754982000.0,True,,,True,1754377200.0,2025-08-05,-221.0
3,False,63.02521008403362,True,False,True,True,0.3910748018940011,2923.0,2923.0,6490940.0,6.49094,3410.0,0.8571847507331378,-0.1700879765395894,-0.001221564456745483,53.575663295701965,1.8328998732706796,-0.06012861736334407,-0.11957831325301205,22.992225613609683,21.661354694508518,29.284804844839975,"fund_low_adv20,fund_small_mcap",2,trend_break;di_bear,True,False,False,False,False,False,True,False,False,1764.T,,2923.0,7.429152,0.63009554,393.45,4638.979,3642888192.0,,1747204200.0,1747204200.0,True,,,False,1747204200.0,2025-05-14,-280.0
1,False,31.330472103004297,False,False,True,False,0.3349911938992367,12340.0,12340.0,376963800.0,376.9638,14911.466796875,0.8275510496784996,-0.19592081963977226,-0.10957334768751126,284.52590709017187,2.305720478850663,-0.06727135298563869,-0.11957762557077622,21.85942824406204,19.18693908091702,28.09342635092735,,2,trend_break;di_bear,True,False,False,False,False,False,True,False,False,1766.T,,12340.0,9.859143,1.1740868,1251.63,10510.296,136986091520.0,,1749621600.0,1750053600.0,True,,,True,1749621600.0,2025-06-11,-260.0
3,False,36.36363636363636,True,False,True,True,0.5307962074554318,1000.0,1000.0,18883065.0,18.883065,1686.131591796875,0.5930735209903285,-0.4122641406985844,-0.18548552506137728,37.4767220380548,3.7476722038054797,-0.059266227657572945,-0.32948573389226987,32.14760212309964,17.801738002989662,27.466410956214233,"fund_low_adv20,fund_small_mcap",2,trend_break;di_bear,True,False,False,False,False,False,True,False,False,1768.T,,1000.0,5.34445,0.70264196,187.11,1423.2,7305368064.0,,1754547600.0,1754893200.0,True,,,False,1754547600.0,2025-08-07,-219.0
5,True,53.66795366795367,False,False,True,False,0.2965852286348383,1770.0,1770.0,4158320.0,4.15832,1896.785888671875,0.9331575116468996,-0.17025640233562245,0.06895006513711732,49.61124704105916,2.80289531305419,-0.03013698630136985,-0.03013698630136985,15.674396079025072,28.556818400352054,19.175580423412054,"fund_low_adv20,fund_small_mcap",0,,False,False,False,False,False,False,False,False,False,1770.T,,1770.0,8.828811,0.7871659,200.48,2248.573,16255761408.0,,1747116000.0,1747116000.0,True,,,False,1747116000.0,2025-05-13,-281.0
2,False,38.095238095238095,False,False,True,True,0.47656656500448596,77.0,77.0,1073900.0,1.0739,97.0,0.7938144329896907,-0.5552696312058589,-0.07476534270900981,2.3864374361519847,3.09926939759998,-0.08333333333333337,-0.09411764705882353,13.703787441821428,29.602325107005317,29.272024270961587,fund_low_adv20,3,trend_break;macd_sell_like;trailing_stop,True,False,True,False,True,False,False,False,False,1773.T,,77.0,14.446529,1.2031962,5.33,63.996212,895055298560.0,1779949800.0,1787812200.0,1787812200.0,True,,,False,1787812200.0,2026-08-27,56.0
5,False,52.06185567010309,True,False,True,True,0.5218142445664635,1398.0,1398.0,52109315.0,52.109315,1661.6485595703125,0.8413331398797772,-0.20380275818244264,-0.04483250251736548,29.29606362810234,2.0955696443563903,-0.030513176144244092,-0.1474965058452281,21.08888594619278,23.61721513184916,22.34522829681638,"fund_low_adv20,fund_small_mcap",1,trend_break,True,False,False,False,False,False,False,False,False,1780.T,,1398.0,8.360244,1.919233,167.22,728.416,26460264448.0,,1754546400.0,1754978400.0,True,,,False,1754546400.0,2025-08-07,-219.0
0,False,22.222222222222214,False,False,True,True,0.3135814139453986,53.0,53.0,88157620.0,88.15762,73.0,0.726027397260274,-0.273972602739726,-0.13912125395923003,3.3161026033655556,6.256797364840672,-0.18461538461538463,-0.20895522388059706,12.578404122264718,14.198136431215003,19.043106502168364,"fund_neg_eps,fund_low_adv20,fund_small_mcap",2,trend_break;trailing_stop,True,False,False,False,True,False,False,False,False,1783.T,,53.0,-189.28571428571428,1.3598111,-0.28,38.976,10245354496.0,,1754546400.0,1754978400.0,True,,,False,1754546400.0,2025-08-07,-219.0
2,False,53.65853658536585,True,False,True,False,0.5092988472391078,325.0,325.0,184781525.0,184.781525,430.3126525878906,0.7552648011752787,-0.2679741157839606,-0.1767175888746586,7.682996690927223,2.363998981823761,-0.05523255813953487,-0.15847399132603013,31.803018579354372,19.25001695359735,30.86089398496404,fund_low_adv20,2,trend_break;di_bear,True,False,False,False,False,False,True,False,False,1786.T,,325.0,12.414057,0.7869516,26.18,412.986,41805508608.0,,1747133940.0,1747133940.0,True,,,False,1747133940.0,2025-05-13,-281.0
3,False,45.714285714285715,False,False,True,True,0.5441981828341959,5150.0,5150.0,5317800.0,5.3178,6255.0,0.8233413269384492,-0.17985611510791366,-0.03770969213566577,77.09533989061354,1.4969968910798748,-0.04981549815498154,-0.1766586730615508,27.629306746120943,23.854990611468676,26.853996182626048,"fund_low_adv20,fund_small_mcap",2,trend_break;di_bear,True,False,False,False,False,False,True,False,False,1787.T,,5150.0,12.100848,1.3485396,425.59,3818.946,12627866624.0,,1746694800.0,1746694800.0,True,,,False,1746694800.0,2025-05-08,-284.0
3,False,47.99999999999999,True,False,True,True,0.46646113735796246,4555.0,4555.0,2920525.0,2.920525,6000.0,0.7591666666666667,-0.255,-0.04381550152454228,90.20519920476735,1.980355635669975,-0.059855521155830704,-0.16575091575091572,18.49707627277715,24.872735249895946,30.4363445558524,"fund_low_adv20,fund_small_mcap",1,trend_break,True,False,False,False,False,False,False,False,False,1788.T,,4555.0,8.777678,0.75372154,518.93,6043.346,2855310848.0,,1746597600.0,1746597600.0,True,,,False,1746597600.0,2025-05-07,-285.0
4,True,55.865921787709496,False,False,True,False,0.3275648773886949,1850.0,1850.0,6793070.0,6.79307,2021.9375,0.9149639887484158,-0.2101635189020432,0.18530612910554956,57.98084849991627,3.134099918914393,-0.05128205128205132,-0.05128205128205132,43.28535630415856,34.27886937341513,14.263106500497413,fund_low_adv20,1,macd_sell_like;ext_dev200,False,False,True,False,False,True,False,False,False,1793.T,,1850.0,25.910364,1.3167624,71.4,1404.961,47053058048.0,,1747119600.0,1747119600.0,True,,,False,1747119600.0,2025-05-13,-281.0
6,True,71.5909090909091,True,False,True,True,0.2039323788976631,4865.0,4865.0,1650950.0,1.65095,4985.0,0.9759277833500501,-0.10950413223140498,0.07275778336226923,51.819187514985444,1.0651426005135756,-0.013184584178498993,-0.02407221664994985,15.472990998700395,46.93244990891163,25.615511753700833,"fund_low_adv20,fund_small_mcap",1,rsi_reversal,False,False,False,True,False,False,False,False,False,1795.T,,4865.0,10.29913,0.7928015,472.37,6136.467,4269971456.0,,1754440500.0,1754958900.0,True,,,False,1754440500.0,2025-08-06,-220.0
3,False,46.24277456647399,True,False,True,True,0.48767975237589317,1007.0,1007.0,7414560.0,7.41456,1394.8406982421875,0.72194624179596,-0.29382616865042643,-0.1405222477959095,33.46003948073041,3.3227447349285413,-0.03358925143953939,-0.2454768686428086,31.884851321065785,18.23462947859193,24.4327750792994,"fund_low_adv20,fund_small_mcap",2,trend_break;di_bear,True,False,False,False,False,False,True,False,False,1798.T,,1007.0,3.9993646,0.5855928,251.79,1719.625,10981032960.0,,1747029600.0,1747029600.0,True,,,False,1747029600.0,2025-05-12,-282.0
2,False,39.63963963963965,False,False,True,False,0.3763734274356833,3115.0,3115.0,169836400.0,169.8364,4325.447265625,0.7201567395712781,-0.2798432604287219,-0.10950689814106729,112.41476836079454,3.6088208141507074,-0.06736526946107779,-0.22124999999999995,30.912433026580867,15.072042462787028,31.97564546220675,fund_low_adv20,2,trend_break;di_bear,True,False,False,False,False,False,True,False,False,1799.T,,3115.0,10.627048,1.9253781,293.12,1617.864,55139946496.0,,1747117800.0,1747117800.0,True,,,False,1747117800.0,2025-05-13,-281.0
3,False,49.94582881906826,True,False,True,False,0.45380869763043313,13535.0,13535.0,15901198850.0,15901.19885,20163.443359375,0.6712643152642327,-0.3632040038424271,-0.031098290822939023,691.5900132268279,5.1096417674682515,-0.15643502648800245,-0.27093994074872074,19.605519055493545,20.453826611528523,27.129472637965417,,2,trend_break;trailing_stop,True,False,False,False,True,False,False,False,False,1801.T,,13535.0,13.206553,2.3271716,1024.87,5816.073,2206328422400.0,1778740200.0,1786084200.0,1786084200.0,True,,,True,1786084200.0,2026-08-07,42.0
2,False,41.094147582697204,False,False,True,True,0.5291274720245006,3104.0,3104.0,11086444795.0,11086.444795,4362.78173828125,0.7114726764265873,-0.29609130499160774,-0.030300412890656436,123.65860413367446,3.9838467826570376,-0.1275997751545812,-0.20997709340799187,20.963966686671647,15.987095808311894,28.196215964805386,,3,trend_break;trailing_stop;di_bear,True,False,False,False,True,False,True,False,False,1802.T,,3104.0,12.443376,1.6955773,249.45,1830.645,2133756346368.0,1778653800.0,1786084200.0,1786084200.0,True,,,True,1786084200.0,2026-08-07,42.0
2,False,42.18551461245235,False,False,True,True,0.4365107752294307,2463.5,2463.5,9548073600.0,9548.0736,3516.321044921875,0.700590181763319,-0.30922120905090245,-0.044149534211742614,122.18629311249609,4.959865764663937,-0.15993179880647912,-0.2890331890331891,13.067159235880892,18.71076664518121,24.37268440566043,,2,trend_break;trailing_stop,True,False,False,False,True,False,False,False,False,1803.T,,2463.5,13.203451,1.7108971,186.58,1439.888,1673212329984.0,1778567400.0,1785306600.0,1785306600.0,True,,,True,1785306600.0,2026-07-29,35.0
6,True,51.09717868338558,True,False,True,False,0.5258613733781966,1826.0,1826.0,34188255.0,34.188255,2096.58056640625,0.870941965817201,-0.15958393002743254,0.004097746130482749,35.750020321880164,1.9578324382190668,-0.025613660618996836,-0.08902450736464518,14.009107791517275,29.16198825478325,26.585169691135395,"fund_low_adv20,fund_small_mcap",0,,False,False,False,False,False,False,False,False,False,1807.T,,1826.0,12.904593,0.49969172,141.5,3654.253,11401465856.0,,1747022400.0,1747022400.0,True,,,False,1747022400.0,2025-05-12,-282.0
3,False,51.24087591240877,True,False,True,True,0.5929202203303531,2727.5,2727.5,2852521662.5,2852.5216625,3438.560791015625,0.7932097658783565,-0.23878036216806675,-0.0250250628851586,67.41711452034683,2.4717548861722025,-0.04096343178621664,-0.09764002671579475,19.703296890982887,22.50790711047581,27.404447882331418,,1,trend_break,True,False,False,False,False,False,False,False,False,1808.T,,2727.5,13.333496,1.2826952,204.56,2126.382,721817632768.0,1778826600.0,1785997800.0,1785997800.0,True,,,True,1785997800.0,2026-08-06,41.0
3,False,46.32768361581921,True,False,True,True,0.5001321134914065,1330.0,1330.0,90329145.0,90.329145,1894.810546875,0.7019171400504874,-0.3112767911534692,-0.1022740469216672,37.12374770686476,2.791259226080057,-0.06797477224947446,-0.20770900211355459,37.36673055067971,16.187931722150267,26.926057957513937,fund_low_adv20,2,trend_break;di_bear,True,False,False,False,False,False,True,False,False,1810.T,,1330.0,8.755761,0.66518325,151.9,1999.449,37932744704.0,,1754541000.0,1754973000.0,True,,,False,1754541000.0,2025-08-07,-219.0
2,False,43.28859060402685,False,False,True,False,0.44556593572415226,7510.0,7510.0,33726900.0,33.7269,9623.017578125,0.7804204802734329,-0.21957951972656709,-0.033391702554516955,324.21729820040923,4.317141121177221,-0.12977983777520274,-0.18634886240520043,22.576568627899043,19.288345079606,26.606477325952728,fund_low_adv20,3,trend_break;trailing_stop;di_bear,True,False,False,False,True,False,True,False,False,1811.T,,7510.0,12.636716,0.46669278,594.3,16091.957,53783076864.0,,1754546400.0,1754978400.0,True,,,False,1754546400.0,2025-08-07,-219.0
2,False,49.36842105263158,False,False,True,False,0.4687121191051628,5567.0,5567.0,14620441150.0,14620.44115,7582.04150390625,0.7342349678687323,-0.28897777765756494,-0.003099656475183288,231.77963186758979,4.163456652911618,-0.10021011798933244,-0.15266362252663623,12.421359033895964,18.456283121880762,24.86860725875564,,2,trend_break;trailing_stop,True,False,False,False,True,False,False,False,False,1812.T,,5567.0,14.656942,1.8331314,379.82,3036.88,2588806479872.0,1778740200.0,1785911400.0,1785911400.0,True,,,True,1785911400.0,2026-08-05,40.0
3,False,41.74454828660436,True,False,True,True,0.5232367147223572,2638.0,2638.0,289611465.0,289.611465,3838.351806640625,0.6872741564324745,-0.3158521854466725,-0.06255941709403234,88.90318463735606,3.3700979771552717,-0.0865650969529086,-0.19801245252851107,26.298798945223727,15.624173838669098,29.072063555165435,,3,trend_break;trailing_stop;di_bear,True,False,False,False,True,False,True,False,False,1813.T,,2638.0,8.953907,1.0495572,294.62,2513.441,39963996160.0,,1754457000.0,1754889000.0,True,,,True,1754457000.0,2025-08-06,-220.0
3,False,42.537313432835816,True,False,True,True,0.5724338852484357,3170.0,3170.0,301994200.0,301.9942,4381.59130859375,0.7234814424117059,-0.29135335057149947,-0.04636837285268025,102.65241938286279,3.2382466682291096,-0.03500761035007616,-0.19303997976931975,20.7842392356265,17.65901868516098,22.196233205825507,,2,trend_break;di_bear,True,False,False,False,False,False,True,False,False,1814.T,,3170.0,8.668545,1.2958239,365.69,2446.32,32636059648.0,,1754290800.0,1754636400.0,True,,,True,1754290800.0,2025-08-04,-222.0
3,True,32.8125,False,False,True,True,0.40696495117988163,4315.0,4315.0,481854450.0,481.85445,5523.1845703125,0.7812521825168444,-0.24228496319049975,0.031815954142268454,152.55401079159537,3.535434780801747,-0.13091641490433026,-0.13872255489021956,28.40697611280211,15.8484829094037,31.530093006044606,,2,trailing_stop;di_bear,False,False,False,False,True,False,True,False,False,1815.T,,4315.0,17.780617,0.7665416,242.68,5629.179,60111949824.0,,1754550000.0,1754982000.0,True,,,True,1754550000.0,2025-08-07,-219.0
3,False,43.98216939078752,True,False,True,True,0.44366285661159305,5313.0,5313.0,804888740.0,804.88874,6721.43017578125,0.7904567720042491,-0.2265039040748934,-0.041824615940766696,125.1959551302518,2.356407964055182,-0.05294117647058827,-0.12158685255519497,18.540927406613385,17.968796054789124,24.09929829510956,,1,trend_break,True,False,False,False,False,False,False,False,False,1820.T,,5313.0,8.7134075,1.0763674,609.75,4936.047,209780785152.0,1778567400.0,1785997800.0,1785997800.0,True,,,True,1785997800.0,2026-08-06,41.0
3,False,36.36363636363636,True,False,True,True,0.48968704317814815,733.0,733.0,117784930.0,117.78493,868.1107177734375,0.8443623434117085,-0.17867619256132583,-0.05009705227592487,12.658728289486586,1.726975210025455,-0.02785145888594165,-0.08712140762490095,37.10240397117007,14.912718606170314,24.20075665059341,fund_low_adv20,2,trend_break;di_bear,True,False,False,False,False,False,True,False,False,1822.T,,733.0,14.202674,0.8574925,51.61,854.818,61778141184.0,,1754550000.0,1754982000.0,True,,,False,1754550000.0,2025-08-07,-219.0
3,False,49.25373134328358,True,False,False,True,0.5684264418987104,990.0,990.0,16314150.0,16.31415,1218.0067138671875,0.8128034014334263,-0.2003328151553968,-0.1036194250461262,19.917516428431856,2.011870346306248,-0.025590551181102317,-0.1650528976496728,17.13856966925523,18.03069262766096,23.461931752724762,"fund_low_adv20,fund_small_mcap",1,trend_break,True,False,False,False,False,False,False,False,False,1826.T,,990.0,13.838412,1.0507089,71.54,942.221,11925541888.0,,1754283600.0,1754629200.0,True,,,False,1754283600.0,2025-08-04,-222.0
3,True,30.81761006289308,False,False,True,True,0.4129778656421729,1162.0,1162.0,47219215.0,47.219215,1638.8912353515625,0.7090159340261141,-0.30257726971441623,0.0276999037240111,56.066367165742946,4.82498856848046,-0.20682593856655285,-0.24348958333333337,31.75709085485042,12.20370082472922,35.03119686938079,fund_low_adv20,2,trailing_stop;di_bear,False,False,False,False,True,False,True,False,False,1827.T,,1162.0,9.109439,0.802713,127.56,1447.591,39930904576.0,,1754546400.0,1754978400.0,True,,,False,1754546400.0,2025-08-07,-219.0
2,False,59.880239520958085,True,True,False,True,0.5106432395332733,2299.0,2299.0,34540080.0,34.54008,2834.577880859375,0.8110555068972031,-0.22175361104165725,-0.05926697742788056,62.589995476028115,2.7224878414975255,-0.028317836010143704,-0.13240031572518351,20.874352938367217,20.45168203438625,21.275013538559683,"fund_low_adv20,fund_small_mcap",2,trend_break;di_bear,True,False,False,False,False,False,True,False,False,1828.T,,2299.0,6.989541,0.862614,328.92,2665.155,24135936000.0,,1747116000.0,1747116000.0,True,,,False,1747116000.0,2025-05-13,-281.0
3,False,50.0,True,False,True,True,0.591772558167831,5560.0,5560.0,696723600.0,696.7236,7188.73291015625,0.7734325463872536,-0.24047811092186977,-0.02371976993187075,151.42500854282687,2.7234713766695484,-0.07023411371237454,-0.15243902439024393,33.369858356547226,13.633555875899383,28.08371680435008,,2,trend_break;di_bear,True,False,False,False,False,False,True,False,False,1833.T,,5560.0,10.861497,1.0128665,511.9,5489.371,199440908288.0,1778826600.0,1785911400.0,1785911400.0,True,,,True,1785911400.0,2026-08-05,40.0
2,False,28.22085889570552,True,False,True,False,0.4678879241245346,4075.0,4075.0,633242175.0,633.242175,5740.0,0.7099303135888502,-0.2987804878048781,-0.12612488371739028,142.4194322238193,3.4949553919955663,-0.22232824427480913,-0.29006968641114983,46.41636105576788,12.102692935238785,38.274087766716285,,3,trend_break;trailing_stop;di_bear,True,False,False,False,True,False,True,False,False,1835.T,,4075.0,10.92464,1.0579357,373.01,3851.841,140350177280.0,1785997800.0,1785997800.0,1785997800.0,True,,,True,1785997800.0,2026-08-06,41.0
4,False,70.73170731707317,True,True,False,False,0.4113182129926392,242.0,242.0,3253205.0,3.253205,255.00001525878906,0.9490195510553366,-0.15686279555001081,0.03794872708962549,6.157064338020406,2.544241461991904,0.0,-0.004115226337448541,21.072765674037637,25.012209303782967,8.266984330022954,"fund_neg_eps,fund_low_adv20,fund_small_mcap",1,trend_break,True,False,False,False,False,False,False,False,False,1840.T,,242.0,-66.3013698630137,0.50323045,-3.65,480.893,6237547008.0,,1749796200.0,1749796200.0,True,,,False,1749796200.0,2025-06-13,-258.0
2,False,39.86486486486487,False,True,False,True,0.5741400477900349,478.0,478.0,66509140.0,66.50914,1380.0,0.3463768115942029,-0.7086956521739131,-0.2626244706862375,20.80747730745085,4.3530287254081275,-0.10486891385767794,-0.3219858156028369,16.452993603749693,20.64699553713976,28.529970063663253,"fund_low_adv20,fund_small_mcap",3,trend_break;trailing_stop;vol_distribution,True,False,False,False,True,False,False,True,False,1844.T,,478.0,17.175709,1.4719106,27.83,324.748,8946273280.0,,1749434400.0,1749434400.0,True,,,False,1749434400.0,2025-06-09,-262.0
5,True,54.100946372239754,True,False,True,True,0.48397607955649424,2560.0,2560.0,192157120.0,192.15712,3205.66943359375,0.798585148291502,-0.22169142773933692,0.10312814712697937,82.22797067177774,3.212030104366318,-0.026245720806390316,-0.1303710313873081,12.586742006663297,19.753729911196658,21.004089343489255,fund_low_adv20,0,,False,False,False,False,False,False,False,False,False,1847.T,,2560.0,5.8199015,0.9286199,439.87,2756.779,37163376640.0,,1754542800.0,1754974800.0,True,,,False,1754542800.0,2025-08-07,-219.0
4,True,62.5,False,False,True,True,0.4176378413520849,596.0,596.0,3932760.0,3.93276,791.6067504882812,0.7528990873718213,-0.32481752640869843,0.06518381676761931,8.2272738592815,1.3804150770606542,-0.0033444816053511683,-0.008319467554076532,29.724368084628896,27.473760198607227,16.44823434894983,"fund_low_adv20,fund_small_mcap",1,macd_sell_like,False,False,True,False,False,False,False,False,False,1848.T,,596.0,10.599324,0.8011033,56.23,743.974,10528245760.0,,1754550000.0,1754895600.0,True,,,False,1754550000.0,2025-08-07,-219.0
3,False,45.45454545454546,True,False,False,True,0.6097975136742738,394.0,394.0,23775155.0,23.775155,630.80517578125,0.6245985529716562,-0.38174254908896976,-0.2312953580158008,12.14269508613484,3.0819023061255937,-0.0574162679425837,-0.23447868491484603,39.52369311296909,13.777321460347538,29.465364036068298,"fund_low_adv20,fund_small_mcap",2,trend_break;di_bear,True,False,False,False,False,False,True,False,False,1850.T,,394.0,5.42625,0.576492,72.61,683.444,11042851840.0,,1745823600.0,1745823600.0,True,,,False,1745823600.0,2025-04-28,-292.0
2,False,34.93975903614458,True,False,True,False,0.6019618671887652,791.0,791.0,438812440.0,438.81244,1185.5166015625,0.6672196736489976,-0.34543303824067995,-0.15507195133281038,19.422539141979623,2.455441105180736,-0.07808857808857805,-0.21760633036597432,52.26750055398136,12.562571324646285,29.410104023115057,,2,trend_break;di_bear,True,False,False,False,False,False,True,False,False,1852.T,,791.0,12.3189535,1.2832098,64.21,616.423,63854911488.0,,1754460000.0,1754978400.0,True,,,True,1754460000.0,2025-08-06,-220.0
5,False,53.33333333333333,True,False,True,False,0.44357913081870703,314.0,314.0,19498640.0,19.49864,335.5882263183594,0.9356704895305848,-0.07922872208614429,-0.010967258482209807,4.456113141626928,1.4191443126200407,-0.02786377708978327,-0.039634355212993855,16.30939892724203,19.676282223067957,13.47300351515797,"fund_low_adv20,fund_small_mcap",1,trend_break,True,False,False,False,False,False,False,False,False,1853.T,,314.0,11.099328,3.5039558,28.29,89.613,10283405312.0,,1747202400.0,1747202400.0,True,,,False,1747202400.0,2025-05-14,-280.0
3,True,65.87771203155819,False,False,True,False,0.4707159920819805,1539.0,1539.0,1799399805.0,1799.399805,1597.5,0.9633802816901409,-0.16102327377038905,0.21498824660377536,44.825685622798886,2.912650137933651,-0.036619718309859106,-0.036619718309859106,11.977613750383087,24.500931204220226,22.328377765696374,,0,ext_dev200,False,False,False,False,False,True,False,False,False,1860.T,,1539.0,12.473659,1.1771067,123.38,1307.443,455605616640.0,1786084200.0,1786084200.0,1786084200.0,True,,,True,1786084200.0,2026-08-07,42.0
2,False,36.88888888888889,False,False,True,True,0.5974247280889223,1364.0,1364.0,1339461820.0,1339.46182,2007.237060546875,0.6795410601019772,-0.3289282932863906,-0.08383702246232061,39.55909608249309,2.900226985520021,-0.07084468664850141,-0.18375124193559111,26.066943294789283,16.311895875590007,27.469899608347625,,2,trend_break;di_bear,True,False,False,False,False,False,True,False,False,1861.T,,1364.0,11.666097,1.2426502,116.92,1097.654,231767523328.0,1778826600.0,1785997800.0,1785997800.0,True,,,True,1785997800.0,2026-08-06,41.0
1,False,22.466960352422902,False,False,True,True,0.5804430085527317,965.0,965.0,29909915.0,29.909915,1659.792236328125,0.581398068311743,-0.418601931688257,-0.2275339140297391,30.266358732977977,3.1364102313966815,-0.17521367521367526,-0.2816034007808572,40.710978461256374,13.495550929413957,39.81120217542213,"fund_low_adv20,fund_small_mcap",3,trend_break;trailing_stop;di_bear,True,False,False,False,True,False,True,False,False,1866.T,,965.0,6.721928,0.45507407,143.56,2120.534,23469529088.0,,1754546400.0,1754978400.0,True,,,False,1754546400.0,2025-08-07,-219.0
2,False,64.34782608695652,True,False,True,True,0.5557356391903459,2423.0,2423.0,30407670.0,30.40767,3129.032470703125,0.7743607721192896,-0.27485571938148246,-0.06487020921824183,80.2746348793705,3.3130266149141767,-0.008186655751125649,-0.16959998406907728,36.61859123771467,19.665203997010046,22.696676192068054,"fund_low_adv20,fund_small_mcap",2,trend_break;di_bear,True,False,False,False,False,False,True,False,False,1867.T,,2423.0,6.6137137,0.5020209,366.36,4826.492,15931634688.0,,1754458200.0,1754890200.0,True,,,False,1754458200.0,2025-08-06,-220.0
2,False,37.38738738738739,True,False,True,True,0.5436816121265092,1815.0,1815.0,371560060.0,371.56006,2465.037353515625,0.7362971589097647,-0.27141063504025487,-0.15532436360964896,44.847186908425854,2.470919388893986,-0.04120443740095092,-0.17123287671232879,39.67645055781223,15.30374986471919,31.979634973561378,,2,trend_break;di_bear,True,False,False,False,False,False,True,False,False,1870.T,,1815.0,9.225373,1.0312207,196.74,1760.05,78374813696.0,,1754456400.0,1754974800.0,True,,,True,1754456400.0,2025-08-06,-220.0
3,False,53.28185328185329,True,False,True,False,0.6455487447182543,2131.0,2131.0,410932900.0,410.9329,3435.9111328125,0.6202139454799136,-0.40132328209658275,-0.11824107940785855,86.96195612634487,4.080805073972073,-0.13020408163265307,-0.2646652864044169,36.82248563503884,18.343996672483193,28.54828831642635,,3,trend_break;trailing_stop;di_bear,True,False,False,False,True,False,True,False,False,1871.T,,2131.0,10.687597,1.523612,199.39,1398.65,99772243968.0,,1754546400.0,1754978400.0,True,,,True,1754546400.0,2025-08-07,-219.0
4,False,48.38709677419355,True,False,True,True,0.3488220789807213,297.0,297.0,25554100.0,25.5541,324.9266052246094,0.9140525744104433,-0.19497168301528167,-0.035510170262082585,4.729418482682849,1.5923967955161107,-0.023026315789473673,-0.0859474255895567,43.13801501802095,15.67219219999149,27.250535501344643,"fund_low_adv20,fund_small_mcap",2,trend_break;di_bear,True,False,False,False,False,False,True,False,False,1873.T,,297.0,53.610107,0.54663414,5.54,543.325,11879462912.0,,1749772800.0,1749772800.0,True,,,False,1749772800.0,2025-06-13,-258.0
2,False,28.878648233486956,False,False,False,False,0.533580868205682,3087.0,3087.0,5817078240.0,5817.07824,3798.0,0.8127962085308057,-0.23091100579252233,-0.029313475541731693,75.71674969060153,2.4527615708001793,-0.1182519280205655,-0.1872037914691943,38.33186641627346,17.99455035497402,32.70470995606291,,3,trend_break;trailing_stop;di_bear,True,False,False,False,True,False,True,False,False,1878.T,,3087.0,10.321653,2.02514,299.08,1524.339,1002930176000.0,1777530600.0,1785393000.0,1785393000.0,True,,,True,1785393000.0,2026-07-30,36.0
6,True,37.637362637362635,False,False,True,True,0.35744536013137557,2195.0,2195.0,244450915.0,244.450915,2311.0,0.9498052790999567,-0.12857792857557782,0.12774066925014482,64.48276095464739,2.9377112052231156,-0.05019472090004329,-0.05019472090004329,21.64707119933586,25.20196894961818,22.176161253681975,,0,,False,False,False,False,False,False,False,False,False,1879.T,,2195.0,8.433226,0.9542051,260.28,2300.344,128384466944.0,,1754542800.0,1754974800.0,True,,,True,1754542800.0,2025-08-07,-219.0
3,False,45.3781512605042,True,False,True,True,0.5975662461783187,1512.0,1512.0,412019905.0,412.019905,1903.0640869140625,0.7945081883457759,-0.22073039463175548,-0.06814724780000736,28.859713646926544,1.9087112200348244,-0.029525032092426184,-0.1552941285585413,38.98310761472145,14.379221426100944,23.373246548087142,,2,trend_break;di_bear,True,False,False,False,False,False,True,False,False,1882.T,,1512.0,17.497974,1.3024961,86.41,1160.848,69865873408.0,,1753943400.0,1754289000.0,True,,,True,1753943400.0,2025-07-31,-224.0
1,False,34.35960591133005,False,False,True,True,0.5824709454728257,2129.0,2129.0,1477933680.0,1477.93368,4532.8037109375,0.4696872257809876,-0.5303127742190124,-0.22385658666015618,105.11902011324665,4.937483330824173,-0.1802079322294956,-0.36919910259503097,33.85119729240284,15.188315349581845,35.20259078157746,,3,trend_break;trailing_stop;di_bear,True,False,False,False,True,False,True,False,False,1885.T,,2129.0,8.569473,1.4125268,248.44,1507.228,164607426560.0,,1754550000.0,1754982000.0,True,,,True,1754550000.0,2025-08-07,-219.0
3,False,41.62841692291379,True,False,True,True,0.4956415152674183,524.0,524.0,249006870.0,249.00687,693.2485961914062,0.7558616099315163,-0.25423577798741614,-0.04905344255694566,13.942337567225644,2.6607514441270315,-0.08730997309625466,-0.13858473383790826,36.462889532610475,12.947982727804783,26.81989508441729,,3,trend_break;trailing_stop;di_bear,True,False,False,False,True,False,True,False,False,1887.T,,524.0,19.414598,0.6040332,26.99,867.502,41787039744.0,,1752481800.0,1752827400.0,True,,,True,1752481800.0,2025-07-14,-237.0
0,False,31.0,False,False,True,False,0.6093342470368129,3245.0,3245.0,62204275.0,62.204275,5899.24609375,0.550070288377686,-0.449929711622314,-0.27636218469114304,106.91855146185254,3.294870615157243,-0.121786197564276,-0.2637521083694999,37.2005717253209,11.86908454578384,31.679631925196066,fund_low_adv20,3,trend_break;trailing_stop;di_bear,True,False,False,False,True,False,True,False,False,1888.T,,3245.0,9.452925,0.7647712,343.28,4243.099,41300267008.0,,1754463600.0,1754982000.0,True,,,False,1754463600.0,2025-08-06,-220.0
4,True,44.437041972018655,False,False,True,False,0.3877054830828649,1636.0,1636.0,3956849585.0,3956.849585,2183.36474609375,0.7493021964960099,-0.26512507684728115,0.05228122513930189,86.43505734774837,5.2833164637987995,-0.17373737373737375,-0.24451627799584397,11.086082591382246,22.863722927415253,25.27643064564812,,1,trailing_stop,False,False,False,False,True,False,False,False,False,1893.T,,1636.0,13.0223675,2.2534187,125.63,726.008,446764843008.0,1778221800.0,1785997800.0,1785997800.0,True,,,True,1785997800.0,2026-08-06,41.0
2,False,28.813559322033896,False,False,True,False,0.3961625828313225,2955.0,2955.0,3110770.0,3.11077,3445.0,0.8577648766328012,-0.1422351233671988,-0.03575181065088595,83.35143504587809,2.8206915413156715,-0.11659192825112108,-0.1422351233671988,29.73082154915745,21.93318118678608,42.76977305306459,"fund_low_adv20,fund_small_mcap",4,trend_break;macd_sell_like;trailing_stop;di_bear,True,False,True,False,True,False,True,False,False,1897.T,,2955.0,26.41695,0.3122511,111.86,9463.538,6220041728.0,,1754361000.0,1754965800.0,True,,,False,1754361000.0,2025-08-05,-221.0
4,False,48.484848484848484,True,False,True,True,0.5480572277134036,1420.0,1420.0,244156540.0,244.15654,1688.6278076171875,0.8409194694026467,-0.1738854508333153,-0.07131038214931429,23.341451206285633,1.6437641694567346,-0.04248145650708024,-0.09554140127388533,20.285952850893498,18.72630251559898,20.072205282328643,,2,trend_break;di_bear,True,False,False,False,False,False,True,False,False,1898.T,,1420.0,11.14075,1.1764716,127.46,1206.999,52017704960.0,,1754292600.0,1754638200.0,True,,,True,1754292600.0,2025-08-04,-222.0
3,False,38.541666666666664,False,False,True,False,0.4143751569052827,7210.0,7210.0,164198250.0,164.19825,8740.0,0.8249427917620137,-0.2420675268924536,-0.024390788262762864,259.0561345870736,3.5930115754101744,-0.12922705314009664,-0.17505720823798632,31.910242226928656,13.072769523481629,29.09189818200123,fund_low_adv20,3,trend_break;trailing_stop;di_bear,True,False,False,False,True,False,True,False,False,1899.T,,7210.0,10.757662,0.66454524,670.22,10849.524,59710726144.0,,1754460000.0,1754978400.0,True,,,False,1754460000.0,2025-08-06,-220.0
5,True,39.43661971830985,False,False,True,False,0.42279737604306983,4980.0,4980.0,86826975.0,86.826975,5570.0,0.8940754039497307,-0.12387791741472176,0.07846887049352791,125.75220210774958,2.525144620637542,-0.04597701149425293,-0.10592459605026927,13.441742120159061,25.091315370163226,28.71065952868632,fund_low_adv20,0,,False,False,False,False,False,False,False,False,False,1904.T,,4980.0,8.681705,1.0074186,573.62,4943.327,30958987264.0,,1747117800.0,1747117800.0,True,,,False,1747117800.0,2025-05-13,-281.0
5,True,62.22222222222222,True,False,True,True,0.34887327821815484,1531.0,1531.0,16589050.0,16.58905,1586.7347412109375,0.964874569287868,-0.13009288657930618,0.11699429432419528,48.721497081382864,3.182331618640292,-0.023596938775510168,-0.03512543071213203,17.30030158546937,23.331712219642142,9.169821664852853,"fund_low_adv20,fund_small_mcap",0,,False,False,False,False,False,False,False,False,False,1905.T,,1531.0,10.970978,0.7488449,139.55,2044.482,10206009344.0,,1747203300.0,1747203300.0,True,,,False,1747203300.0,2025-05-14,-280.0
5,True,45.45454545454546,False,False,True,False,0.4290392263323171,3730.0,3730.0,2527517475.0,2527.517475,3835.0,0.9726205997392438,-0.24510668118801215,0.48917388172776,67.30288967880026,1.8043670155174334,-0.027379400260756248,-0.027379400260756248,39.809655496664305,40.72322349220776,14.32921389728214,,1,macd_sell_like;ext_dev200,False,False,True,False,False,True,False,False,False,1909.T,,3730.0,19.685455,3.2203894,189.48,1158.245,100018847744.0,,1754550000.0,1754895600.0,True,,,True,1754550000.0,2025-08-07,-219.0
1,False,66.90997566909977,True,True,False,True,0.48784721373953377,1340.5,1340.5,5577894305.0,5577.894305,1828.0,0.7333150984682714,-0.4178434408194439,-0.14641701447090916,34.893563601942716,2.603026005366857,0.0,-0.10093896713615025,13.729515077548566,30.39808404002033,24.31441611904682,,1,trend_break,True,False,False,False,False,False,False,False,False,1911.T,,1340.5,7.7035804,0.66171783,174.01,2025.788,821955133440.0,1778135400.0,1785997800.0,1785997800.0,True,,,True,1785997800.0,2026-08-06,41.0
5,True,47.53086419753086,False,False,True,False,0.2860236283181978,661.0,661.0,38188280.0,38.18828,751.0,0.8801597869507324,-0.1975249651463007,0.00440200149558434,19.058047684326905,2.883214475692421,-0.07938718662952648,-0.11984021304926762,19.509195424275177,19.068656432562538,35.02501934514463,"fund_low_adv20,fund_small_mcap",1,macd_sell_like,False,False,True,False,False,False,False,False,False,1914.T,,661.0,7.3739405,0.48973408,89.64,1349.712,12090770432.0,,1754978400.0,1755496800.0,True,,,False,1754978400.0,2025-08-12,-216.0
2,False,45.689655172413794,False,False,True,False,0.4730843048653829,1691.0,1691.0,97640535.0,97.640535,2273.70166015625,0.743721144085277,-0.256278855914723,-0.09417977184812287,69.10574625002681,4.0866792578371856,-0.09183673469387754,-0.23449524671797195,37.09925253926407,15.002630110258858,34.32096855735442,fund_low_adv20,3,trend_break;trailing_stop;di_bear,True,False,False,False,True,False,True,False,False,1921.T,,1691.0,4.5432563,0.7827048,372.2,2160.457,56757055488.0,,1754532000.0,1754964000.0,True,,,False,1754532000.0,2025-08-07,-219.0
2,False,44.375,True,False,True,False,0.5108770882048788,4381.0,4381.0,11854759605.0,11854.759605,5596.70654296875,0.7827817961089875,-0.251881447087804,-0.1352184201674127,91.52891745204447,2.089224319836669,-0.03587147887323938,-0.1525058837175649,46.15149551140016,18.353112303347775,30.253846316516576,,2,trend_break;di_bear,True,False,False,False,False,False,True,False,False,1925.T,,4381.0,7.7367287,0.93669397,566.26,4677.088,2713359482880.0,1785997800.0,1785997800.0,1785997800.0,True,,,True,1785997800.0,2026-08-06,41.0
6,True,49.285714285714285,False,False,True,False,0.4155727956794377,3975.0,3975.0,708271650.0,708.27165,4239.23388671875,0.9376694247640882,-0.10597053588530969,0.12593565238190618,102.99352123416385,2.5910319807336815,-0.03753026634382561,-0.03753026634382561,13.221322680914247,21.191569525220345,17.863777923441592,,2,cross_sma25_down;macd_sell_like,False,True,True,False,False,False,False,False,False,1926.T,,3975.0,2.0150456,1.882098,1972.66,2112.005,164610457600.0,,1754377200.0,1754982000.0,True,,,True,1754377200.0,2025-08-05,-221.0
4,False,49.29577464788733,True,False,False,False,0.40641430005786516,3319.0,3319.0,10351131545.0,10351.131545,3826.0,0.867485624673288,-0.25357805411326295,-0.027653442640459103,72.91098547787915,2.196775699845711,-0.030382705229330953,-0.09043573581803233,27.066029515301096,16.21954440375821,23.40650457233212,,2,trend_break;di_bear,True,False,False,False,False,False,True,False,False,1928.T,,3319.0,8.366946,0.99622196,396.68,3331.587,2151502577664.0,1780554600.0,1788417000.0,1788417000.0,True,,,True,1788417000.0,2026-09-03,61.0
2,False,37.61467889908257,True,False,True,True,0.5711776864795531,1096.0,1096.0,107668485.0,107.668485,1431.69970703125,0.7655236601763706,-0.24006410376652254,-0.11161297406755866,21.927574303274824,2.0006910860652214,-0.06643952299829647,-0.1477449455676516,34.74324163572733,16.130775448994815,28.7689072368735,fund_low_adv20,2,trend_break;di_bear,True,False,False,False,False,False,True,False,False,1929.T,,1096.0,10.985267,1.2145256,99.77,902.41,45779128320.0,,1754546400.0,1754978400.0,True,,,False,1754546400.0,2025-08-07,-219.0
5,True,50.41152263374485,False,False,True,True,0.44976569077377576,1594.0,1594.0,104600135.0,104.600135,1766.938232421875,0.9021254794035244,-0.19076754167496268,0.07037259368673121,54.58566053169379,3.42444545368217,-0.07271669575334494,-0.09739524348810868,14.428597498657481,23.59961185771473,26.592405414588278,fund_low_adv20,0,,False,False,False,False,False,False,False,False,False,1930.T,,1594.0,11.41425,0.9512857,139.65,1675.627,43839053824.0,,1753682400.0,1754028000.0,True,,,False,1753682400.0,2025-07-28,-227.0
1,False,52.47747747747748,False,False,True,True,0.5018078566043787,2304.0,2304.0,382574370.0,382.57437,3191.218017578125,0.7219813836939127,-0.28961293540186617,-0.12879357040588757,68.95842981801714,2.9929874052958825,-0.06946688206785134,-0.1682310469314079,15.679772940767945,18.88296540784427,24.560068201584563,,1,trend_break,True,False,False,False,False,False,False,False,False,1934.T,,2304.0,15.314058,1.0191028,150.45,2260.812,158255857664.0,,1753673400.0,1754019000.0,True,,,True,1753673400.0,2025-07-28,-227.0
4,True,55.909694555112885,False,False,True,False,0.3297805662361009,2744.0,2744.0,338717880.0,338.71788,3115.62939453125,0.8807209242589772,-0.21461894565406991,0.18149335918374265,110.54043751536454,4.02844160041416,-0.060595686408764116,-0.1018003273322422,13.763152911974542,24.761246016751635,26.93765149938342,,0,ext_dev200,False,False,False,False,False,True,False,False,False,1938.T,,2744.0,12.249454,0.9816488,224.01,2795.297,67997822976.0,,1754550000.0,1754982000.0,True,,,True,1754550000.0,2025-08-07,-219.0
5,True,45.689655172413794,False,False,False,True,0.47310536774329437,1885.0,1885.0,185417890.0,185.41789,2106.0,0.8950617283950617,-0.19019715572207452,0.15057170490113236,54.79313482395999,2.9067976033931027,-0.07507360157016685,-0.1049382716049383,19.64624435148213,20.91972030708004,25.50663146445545,fund_low_adv20,0,,False,False,False,False,False,False,False,False,False,1939.T,,1885.0,11.893495,1.2551112,158.49,1501.859,89225871360.0,,1753687800.0,1754033400.0,True,,,False,1753687800.0,2025-07-28,-227.0
4,True,83.52272727272728,True,False,False,True,0.2936452882567429,5060.0,5060.0,463586025.0,463.586025,5063.037109375,0.9994001408029627,-0.12840458670472843,0.15580887528118748,134.63648834191102,2.6608001648599013,0.0,0.0,11.505334876624952,32.21052943096392,23.303744965748702,,1,rsi_reversal,False,False,False,True,False,False,False,False,False,1941.T,,5060.0,14.800081,1.0966926,341.89,4613.873,267892146176.0,1777357800.0,1785220200.0,1785220200.0,True,,,True,1785220200.0,2026-07-28,34.0
5,True,46.58385093167702,False,False,True,False,0.26051943088267576,5935.0,5935.0,7229131775.0,7229.131775,7346.0,0.8079226790089845,-0.21794173699972774,0.11854836862023177,248.6270498801331,4.189166805057002,-0.14345504401789577,-0.1920773209910155,18.66015560250386,22.280200771285088,29.26680962932286,,1,trailing_stop,False,False,False,False,True,False,False,False,False,1942.T,,5935.0,23.563744,3.0264955,251.87,1961.014,1181147725824.0,1777357800.0,1777357800.0,1777357800.0,True,,,True,1777357800.0,2026-04-28,-31.0
6,True,52.213601095390224,False,False,True,True,0.3709202137684959,6916.0,6916.0,5649844710.0,5649.84471,8525.0,0.8112609970674487,-0.2336656891495601,0.04840066675797994,294.8576176889071,4.263412632864475,-0.10437710437710435,-0.1887390029325513,20.40472560891379,25.211783914847512,24.76781850091199,,1,trailing_stop,False,False,False,False,True,False,False,False,False,1944.T,,6916.0,19.74364,2.0703952,350.29,3340.425,1369264095232.0,1777271400.0,1777271400.0,1777271400.0,True,,,True,1777271400.0,2026-04-27,-32.0
5,True,52.40137221269296,False,False,True,True,0.4505956893299406,2352.0,2352.0,917662240.0,917.66224,2643.0,0.8898978433598184,-0.15626182368520625,0.28344288918048677,110.75452131611874,4.708950736229538,-0.11010215664018164,-0.11010215664018164,31.063608825816317,28.873827987640727,18.751829194415055,,1,trailing_stop;ext_dev200,False,False,False,False,True,True,False,False,False,1945.T,,2352.0,18.253782,1.0756676,128.85,2186.549,77933199360.0,,1754290800.0,1754636400.0,True,,,True,1754290800.0,2025-08-04,-222.0
5,True,42.99242424242424,False,False,True,True,0.3452735972680743,2061.0,2061.0,411370705.0,411.370705,2454.0,0.8398533007334963,-0.19774722241833798,0.11256021556476226,81.78040404246578,3.96799631453012,-0.11392949269131558,-0.1601466992665037,18.503428981497038,19.930701096688264,28.387684682023746,,1,trailing_stop,False,False,False,False,True,False,False,False,False,1946.T,,2061.0,10.7360525,1.2495741,191.97,1649.362,191328518144.0,,1753768800.0,1754287200.0,True,,,True,1753768800.0,2025-07-29,-226.0
4,True,99.32735426008969,False,False,True,False,0.5239486645410699,11470.0,11470.0,1282990450.0,1282.99045,11480.0,0.9991289198606271,-0.15688949522510232,1.273953976485557,291.0153259590793,2.537186799991973,-0.0008710801393728707,-0.0008710801393728707,52.81555215674267,62.923321638983765,7.694864355157397,,1,rsi_reversal;ext_dev200,False,False,False,True,False,True,False,False,False,1948.T,,11470.0,34.692398,4.004252,330.62,2864.455,100174389248.0,,1746772200.0,1746772200.0,True,,,True,1746772200.0,2025-05-09,-283.0
4,True,58.035714285714285,True,False,False,True,0.5733252326539309,4410.0,4410.0,593616950.0,593.61695,5250.0,0.84,-0.20666666666666667,0.19090260867367537,155.73051522306957,3.531304200069605,-0.06666666666666665,-0.16000000000000003,10.228978785102925,27.10273824496328,27.1074302132978,,0,ext_dev200,False,False,False,False,False,True,False,False,False,1950.T,,4410.0,14.252933,1.1931615,309.41,3696.063,257421852672.0,,1753768800.0,1754287200.0,True,,,True,1753768800.0,2025-07-29,-226.0
5,True,55.59701492537313,False,False,True,False,0.353357791339585,2830.0,2830.0,1820064155.0,1820.064155,2992.0,0.945855614973262,-0.12295360520521847,0.12573415544566635,70.06374213359967,2.4757506054275504,-0.02982516283853276,-0.05414438502673802,10.072014983301136,25.734513375741514,23.88391233733141,,0,,False,False,False,False,False,False,False,False,False,1951.T,,2830.0,18.716932,1.688096,151.2,1676.445,576264404992.0,1778653800.0,1786084200.0,1786084200.0,True,,,True,1786084200.0,2026-08-07,42.0
2,False,53.30396475770926,False,False,True,True,0.4163425548881532,3245.0,3245.0,704880350.0,704.88035,4189.1318359375,0.7746235084229071,-0.2432799624959583,-0.005648659340600437,144.77774857813674,4.461563900712997,-0.08333333333333337,-0.15714285714285714,11.544651161787531,19.84161812835738,24.16991552179157,,2,trend_break;trailing_stop,True,False,False,False,True,False,False,False,False,1952.T,,3245.0,12.58386,1.7839844,257.87,1818.962,147480231936.0,,1754541000.0,1754973000.0,True,,,True,1754541000.0,2025-08-07,-219.0
5,True,49.27145169994603,False,False,True,True,0.4274977336061832,8738.0,8738.0,2104569660.0,2104.56966,10423.552734375,0.8382938353814482,-0.22215461941814763,0.0579423045044245,271.2582016089888,3.1043511285075396,-0.07972617166929963,-0.11764111885287287,16.53939637654937,21.64717558313603,28.952728578638236,,0,,False,False,False,False,False,False,False,False,False,1959.T,,8738.0,15.420725,1.7776628,566.64,4915.443,618081157120.0,1777357800.0,1784874600.0,1784874600.0,True,,,True,1784874600.0,2026-07-24,32.0
6,True,40.552016985138,False,False,True,False,0.35852508063160443,1393.0,1393.0,69849590.0,69.84959,1635.0,0.8519877675840979,-0.18836237014604407,0.08947093538599615,56.61109659548605,4.063969604844655,-0.08655737704918032,-0.1480122324159021,14.685027780105122,23.865397082409427,28.045771853753532,"fund_low_adv20,fund_small_mcap",1,trailing_stop,False,False,False,False,True,False,False,False,False,1960.T,,1393.0,7.7354507,0.6390066,180.08,2179.946,21388832768.0,,1747119600.0,1747119600.0,True,,,False,1747119600.0,2025-05-13,-281.0
4,True,70.08547008547009,True,False,False,False,0.30932337389573344,2463.0,2463.0,1560041955.0,1560.041955,2740.0,0.8989051094890511,-0.21167883211678828,0.21189104407887172,115.82714258315116,4.702685447955792,-0.06916099773242634,-0.10109489051094889,13.508011070375298,37.74656824985334,20.2067014884927,,0,ext_dev200,False,False,False,False,False,True,False,False,False,1961.T,,2463.0,16.081223,3.6151154,153.16,681.306,376229068800.0,,1754546400.0,1754978400.0,True,,,True,1754546400.0,2025-08-07,-219.0
5,True,40.574282147315856,False,False,True,False,0.1618628337168311,2528.5,2528.5,6225380072.5,6225.3800725,2863.0,0.8831645127488649,-0.18753721939553325,0.28029204209604197,116.92177095327969,4.624155465820831,-0.11683548725113513,-0.11683548725113513,14.198521243678456,18.85232984026117,20.722648412803796,,2,macd_sell_like;trailing_stop;ext_dev200,False,False,True,False,True,True,False,False,False,1963.T,,2528.5,14.618986,1.4240721,172.96,1775.542,611519496192.0,1778740200.0,1785997800.0,1785997800.0,True,,,True,1785997800.0,2026-08-06,41.0
1,False,34.54545454545455,False,False,True,True,0.40461079686602797,3965.0,3965.0,156944525.0,156.944525,4976.92431640625,0.7966767722244684,-0.20332322777553158,-0.07889841033517142,136.42486525282476,3.4407280013322765,-0.12952799121844127,-0.1590668080593849,18.8985598211116,13.75484716162487,31.93543242045291,"fund_low_adv20,fund_small_mcap",3,trend_break;macd_sell_like;trailing_stop,True,False,True,False,True,False,False,False,False,1964.T,,3965.0,6.160659,0.9198147,643.6,4310.651,28594442240.0,,1753329600.0,1753675200.0,True,,,False,1753329600.0,2025-07-24,-229.0
2,False,38.15789473684211,False,False,True,True,0.4686173922003112,5510.0,5510.0,511434250.0,511.43425,8753.75,0.6294445237755247,-0.37055547622447527,-0.10460184766745906,313.07489980288176,5.681940105315459,-0.19089574155653455,-0.2523744911804613,18.34163761663572,17.14332635269314,34.76440702777752,,3,trend_break;macd_sell_like;trailing_stop,True,False,True,False,True,False,False,False,False,1965.T,,5510.0,9.651766,1.7038604,570.88,3233.833,112974446592.0,,1747112400.0,1747112400.0,True,,,True,1747112400.0,2025-05-13,-281.0
3,False,58.842443729903536,True,False,True,True,0.2826353801610569,1617.0,1617.0,17441020.0,17.44102,1937.087890625,0.8347581995767245,-0.1941511753003915,-0.0346583520494147,41.04020918225237,2.538046331617339,-0.025903614457831292,-0.12262615301139446,20.821931104502987,21.08858040982193,24.263628411272812,"fund_low_adv20,fund_small_mcap",2,trend_break;di_bear,True,False,False,False,False,False,True,False,False,1966.T,,1617.0,9.4384775,0.54533684,171.32,2965.14,11820016640.0,,1747116000.0,1747116000.0,True,,,False,1747116000.0,2025-05-13,-281.0
3,False,38.98809523809524,False,False,True,True,0.46509126170168624,2043.0,2043.0,72393470.0,72.39347,2457.8623046875,0.8312101113653529,-0.16878988863464706,-0.023727119337165425,63.49299280375845,3.1078312679274815,-0.07430901676483914,-0.11366594360086768,17.113105660272918,14.76513996799973,18.111147038214437,fund_low_adv20,2,trend_break;macd_sell_like,True,False,True,False,False,False,False,False,False,1967.T,,2043.0,10.338546,1.0703049,197.61,1908.802,45735989248.0,,1754287200.0,1754632800.0,True,,,False,1754287200.0,2025-08-04,-222.0
5,True,51.03510351035104,False,False,True,False,0.46135751752195564,2602.0,2602.0,508926815.0,508.926815,3095.0,0.8407108239095316,-0.18222940226171247,0.08172814871296907,111.71130248577454,4.293286029430228,-0.1149659863945578,-0.15928917609046844,12.197200802946211,23.30053164374882,26.517274720478873,,1,trailing_stop,False,False,False,False,True,False,False,False,False,1968.T,,2602.0,13.77959,1.2988381,188.83,2003.329,164197613568.0,,1754460000.0,1754978400.0,True,,,True,1754460000.0,2025-08-06,-220.0
4,True,65.83333333333334,False,False,True,False,0.3517361318754632,4667.0,4667.0,3707127495.0,3707.127495,5593.69921875,0.8343315965857232,-0.2557697800329193,0.043543725928161026,210.5867683645263,4.512251304146695,-0.02547504698266867,-0.0401069518716578,19.810563706057426,30.629033341957957,17.33791457427095,,0,,False,False,False,False,False,False,False,False,False,1969.T,,4667.0,18.04648,2.9098494,258.61,1603.863,610736799744.0,1785911400.0,1785911400.0,1785911400.0,True,,,True,1785911400.0,2026-08-05,40.0
2,False,44.07894736842105,True,False,True,True,0.5825353533143807,1209.0,1209.0,127148575.0,127.148575,1627.9185791015625,0.7426661354692807,-0.27391946060819705,-0.12894672215458802,26.736194100525143,2.2114304466935604,-0.04275534441805229,-0.11697567363614447,31.576578364564682,15.250181728383568,18.79558132798428,"fund_low_adv20,fund_small_mcap",2,trend_break;di_bear,True,False,False,False,False,False,True,False,False,1972.T,,1209.0,8.815166,1.5573515,137.15,776.318,23306541056.0,,1753335000.0,1753680600.0,True,,,False,1753335000.0,2025-07-24,-229.0
5,True,54.83870967741936,False,False,True,False,0.40518372222234394,3865.0,3865.0,545693750.0,545.69375,4682.0966796875,0.825484876629665,-0.27169380871742366,0.11481572582032018,157.7636811764879,4.081854622936297,-0.06755126658624844,-0.06755126658624844,11.497944005458335,24.979849661606515,21.302015890370374,,1,macd_sell_like,False,False,True,False,False,False,False,False,False,1975.T,,3865.0,10.787953,1.9664458,358.27,1965.475,100009517056.0,,1754463600.0,1754982000.0,True,,,True,1754463600.0,2025-08-06,-220.0
3,False,37.53846153846153,False,False,True,True,0.2863981220369382,1690.0,1690.0,167052165.0,167.052165,1980.9205322265625,0.8531387163221703,-0.15847204727274677,-0.00305230044586402,49.50042254035738,2.929019085228247,-0.0714285714285714,-0.12344398340248963,17.645531337392033,19.383532920803823,24.089970537133983,fund_low_adv20,1,trend_break,True,False,False,False,False,False,False,False,False,1976.T,,1690.0,14.462987,1.1242197,116.85,1503.265,77574545408.0,,1753770600.0,1754289000.0,True,,,False,1753770600.0,2025-07-29,-226.0
4,True,68.78980891719745,False,False,True,False,0.3926708995357179,4525.0,4525.0,1447828725.0,1447.828725,4525.0,1.0,-0.15031843080510254,0.3630673315434807,137.95677508839708,3.0487685102408193,0.0,0.0,35.33254799867025,33.38668427051505,13.963726831375656,,1,macd_sell_like;ext_dev200,False,False,True,False,False,True,False,False,False,1979.T,,4525.0,18.457335,1.7726468,245.16,2552.68,285073178624.0,1786084200.0,1786084200.0,1786084200.0,True,,,True,1786084200.0,2026-08-07,42.0
5,True,53.57142857142858,True,False,True,True,0.4683619745208808,2493.0,2493.0,1932718720.0,1932.71872,3597.48046875,0.6929849992670651,-0.34481923655336033,0.0010141235955702932,123.35660538001754,4.948118948255818,-0.08781558726673988,-0.19644397550645387,16.103996287960168,20.905098742213013,24.241158177282784,,1,trailing_stop,False,False,False,False,True,False,False,False,False,1980.T,,2493.0,12.019092,2.4721255,207.42,1008.444,322539520000.0,1778653800.0,1786084200.0,1786084200.0,True,,,True,1786084200.0,2026-08-07,42.0
1,False,32.14285714285715,True,False,True,True,0.3047501887908485,1298.0,1298.0,6234865.0,6.234865,1634.141357421875,0.7943009300295827,-0.20569906997041731,-0.12206183014830096,10.002451914529424,0.7706049240777676,-0.06349206349206349,-0.1780416902885662,49.02706373406488,14.535303502951564,45.417972146137316,"fund_low_adv20,fund_small_mcap",2,trend_break;di_bear,True,False,False,False,False,False,True,False,False,1981.T,,1298.0,11.044929,1.2305675,117.52,1054.798,13141177344.0,,1747031400.0,1747031400.0,True,,,False,1747031400.0,2025-05-12,-282.0
5,True,48.65248226950355,False,False,True,True,0.3469341257316967,2955.0,2955.0,369818370.0,369.81837,3435.0,0.8602620087336245,-0.1982181245385083,0.15598162393707593,130.93105696012105,4.430831030799358,-0.10859728506787325,-0.13973799126637554,10.929364873879177,24.94060830671391,23.733146755862002,,1,trailing_stop,False,False,False,False,True,False,False,False,False,1982.T,,2955.0,14.805351,1.5991783,199.59,1847.824,121552527360.0,,1754460000.0,1754978400.0,True,,,True,1754460000.0,2025-08-06,-220.0
7,True,,True,True,False,True,0.3676142384709565,2789.0,2789.0,249920.0,0.24992,2946.060791015625,0.9466878648619196,-0.08076803062576587,0.031154524620152335,6.811789371559783,0.2442376970799492,0.0,-0.05331213513808042,20.734677182664203,65.87058119363004,31.099246840993917,"fund_low_adv20,fund_small_mcap",0,,False,False,False,False,False,False,False,False,False,1992.T,,2789.0,17.095747,1.0052027,163.14,2774.565,6386051584.0,,1747031400.0,1747031400.0,True,,,False,1747031400.0,2025-05-12,-282.0
5,True,26.86567164179104,False,False,True,True,0.26928032388276313,550.0,550.0,6309910.0,6.30991,665.0,0.8270676691729323,-0.18801106366746323,0.03631679676957589,12.691259252559574,2.307501682283559,-0.07407407407407407,-0.17293233082706772,26.08237415652504,20.09613896387192,27.60473591130484,"fund_low_adv20,fund_small_mcap",1,di_bear,False,False,False,False,False,False,True,False,False,1994.T,,550.0,23.041473,0.39766952,23.87,1383.058,4358061056.0,,1754533800.0,1754965800.0,True,,,False,1754533800.0,2025-08-07,-219.0
6,True,68.30985915492957,True,False,True,True,0.4453087543426656,3780.0,3780.0,4573175.0,4.573175,4430.0,0.8532731376975169,-0.2279909706546276,0.019170424686515863,79.23545033421863,2.0961759347676883,0.0,-0.1467268623024831,31.15100501407039,31.659522336292735,29.34039392403564,"fund_low_adv20,fund_small_mcap",0,,False,False,False,False,False,False,False,False,False,1997.T,,3780.0,7.626657,4.143615,495.63,912.247,7643091968.0,,1751522400.0,1751868000.0,True,,,False,1751522400.0,2025-07-03,-244.0
7,True,42.780748663101605,True,False,False,False,0.5212541524119121,2703.0,2703.0,595542830.0,595.54283,2842.0,0.9510907811400422,-0.10485573539760729,0.0911592056044288,53.195919214979234,1.9680325273762203,-0.048909218859957804,-0.048909218859957804,15.025865100658624,28.88220952002302,21.994402871178163,,0,,False,False,False,False,False,False,False,False,False,2001.T,,2703.0,10.513418,0.79112583,257.1,3416.65,223432900608.0,1778567400.0,1785997800.0,1785997800.0,True,,,True,1785997800.0,2026-08-06,41.0
6,True,38.56562922868741,True,False,True,False,0.4020728708991166,1962.5,1962.5,2209761850.0,2209.76185,2173.0,0.903129314312011,-0.13782788771283938,0.02592967242778621,47.798545339243,2.435594666967796,-0.0625746357774063,-0.09687068568798896,17.40279074340447,26.305631490144453,29.88905718341468,,0,,False,False,False,False,False,False,False,False,False,2002.T,,1962.5,17.3228,1.0617555,113.29,1848.354,548743118848.0,1778740200.0,1785393000.0,1785393000.0,True,,,True,1785393000.0,2026-07-30,36.0
4,False,43.57798165137614,True,False,True,True,0.2558185817512352,1718.0,1718.0,37625205.0,37.625205,1885.0,0.9114058355437665,-0.1247094170266354,-0.011758988682447291,34.168193919646406,1.988835501725635,-0.04502501389660918,-0.08859416445623347,12.843259611459278,22.338984553542566,20.112379294456364,fund_low_adv20,1,trend_break,True,False,False,False,False,False,False,False,False,2003.T,,1718.0,18.84185,1.2505368,91.18,1373.81,62568095744.0,,1753776000.0,1754294400.0,True,,,False,1753776000.0,2025-07-29,-226.0
5,True,62.16216216216216,True,True,False,False,0.42438696214527033,3300.0,3300.0,236417325.0,236.417325,3387.2548828125,0.9742402370558986,-0.11137481407931671,0.07822710937678812,59.13525153019898,1.7919773190969386,0.0,0.0,18.85790295827911,34.16462174918502,17.778317991563316,,0,,False,False,False,False,False,False,False,False,False,2004.T,,3300.0,10.103175,0.718339,326.63,4593.931,107239571456.0,,1754287200.0,1754632800.0,True,,,True,1754287200.0,2025-08-04,-222.0
6,True,45.23809523809524,False,False,True,True,0.5087109286411619,1073.0,1073.0,20271125.0,20.271125,1117.0,0.9606087735004476,-0.0734109221128022,0.019048452295837626,12.121410229596384,1.129674765106839,-0.011970534069981609,-0.03766816143497753,8.159868269623756,16.908366090129377,18.167514891838206,"fund_low_adv20,fund_small_mcap",0,,False,False,False,False,False,False,False,False,False,2009.T,,1073.0,22.082733,0.68936276,48.59,1556.51,24994912256.0,,1754373600.0,1754978400.0,True,,,False,1754373600.0,2025-08-05,-221.0
7,True,48.020321931215506,False,False,True,True,0.40905189451367824,796.4000244140625,796.4000244140625,73036379.14797974,73.03637914797973,838.760009765625,0.9494968943936667,-0.10908662369842947,0.08308801563763724,14.07364144395941,1.7671573345711344,-0.010683199485636674,-0.012667055146330264,17.868444387899054,20.1979043760566,27.599450230039167,"fund_low_adv20,fund_small_mcap",0,,False,False,False,False,False,False,False,False,False,2011.T,,796.4,14.379604,,55.384003,,,,,,True,,,False,,,
5,True,78.5714804722979,False,False,True,True,0.28760965766573116,242.0,242.0,55226450.48465729,55.226450484657285,242.0,1.0,-0.08174988842474207,0.0492792668546016,0.9249352059106862,0.38220463054160586,0.0,0.0,12.335281158259779,28.50819382430176,30.331047800194217,"fund_neg_eps,fund_low_adv20,fund_small_mcap",0,,False,False,False,False,False,False,False,False,False,2012.T,,242.0,,,,,,,,,True,,,False,,,
5,True,53.759401946702035,False,False,True,True,0.37820521049040545,295.3999938964844,295.3999938964844,67223518.69270325,67.22351869270325,297.70001220703125,0.9922740402544984,-0.09950534760377683,0.11697886242105415,2.5661669965799856,0.8687092246451554,-0.007725959745501609,-0.007725959745501609,10.97919731308065,40.01364350721433,33.0963004221344,"fund_low_adv20,fund_small_mcap",0,,False,False,False,False,False,False,False,False,False,2013.T,,295.4,22.345827,,13.21947,,,,,,True,,,False,,,
4,True,72.37562446994872,False,False,True,True,0.2751064326220016,307.8999938964844,307.8999938964844,38357586.86117554,38.357586861175534,309.0,0.9964401096973604,-0.10263667169718027,0.11180463632050053,2.0141990997995523,0.6541731535326771,-0.00355989030263959,-0.00355989030263959,19.79475266411782,46.908729127006424,28.84864701788189,"fund_low_adv20,fund_small_mcap",0,,False,False,False,False,False,False,False,False,False,2014.T,,307.9,23.342451,,13.190559,,,,,,True,,,False,,,
5,True,65.38284069567038,False,False,True,False,0.36338774229738185,2171.0,2171.0,46305751.4,46.3057514,2189.451416015625,0.9915725848581728,-0.08425055481222621,0.027719863941884082,7.621523614297732,0.3510605073375279,-0.0018390804597701038,-0.006177904608718143,16.673827362094105,34.58840542077367,32.48444318999362,"fund_neg_eps,fund_low_adv20,fund_small_mcap",0,,False,False,False,False,False,False,False,False,False,2015.T,,2171.0,,,,,,,,,True,,,False,,,
3,False,52.87846950407208,False,False,True,True,0.28588200740427994,1780.0,1780.0,128902966.4,128.9029664,1885.8751220703125,0.9438588903203289,-0.0694805801590539,-0.020922564440537306,6.618113532156543,0.3718041310200305,-0.007250418293363037,-0.024354472266240657,21.16300798453785,22.833799433380317,36.47073308562436,"fund_neg_eps,fund_low_adv20,fund_small_mcap",2,trend_break;di_bear,True,False,False,False,False,False,True,False,False,2016.T,,1780.0,,,,,,,,,True,,,False,,,
6,True,49.7716894977169,False,False,False,True,0.25585687904852256,1432.0,1432.0,67054933.7,67.0549337,1498.0,0.9559412550066756,-0.09972301765629288,0.09295755220494129,25.191648457146318,1.759193328013011,-0.044058744993324406,-0.044058744993324406,15.245252462507198,19.906885127286575,28.15758163849471,"fund_low_adv20,fund_small_mcap",1,macd_sell_like,False,False,True,False,False,False,False,False,False,2017.T,,1432.0,18.64111,,76.819466,,,,,,True,,,False,,,
5,True,58.9041095890411,True,False,True,False,0.21703160244180683,1311.0,1311.0,18254010.05,18.25401005,1311.0,1.0,-0.12278896141688722,0.12977279913270845,14.117788160147503,1.0768717132072847,0.0,0.0,15.409123459284281,40.82526404958894,27.797242771498965,"fund_low_adv20,fund_small_mcap",0,,False,False,False,False,False,False,False,False,False,2018.T,,1311.0,31.891254,,41.108448,,,,,,True,,,False,,,
5,True,63.28785216752022,False,False,True,True,0.32431382356406235,1038.0,1038.0,4388888.0,4.388888,1048.99609375,0.9895175074382874,-0.16818465008309247,0.03820280281685107,9.206799643801402,0.8869749175145859,-0.0038387715930902067,-0.004627390909355933,8.466168139061999,16.93666605321735,16.58823261610888,"fund_neg_eps,fund_low_adv20,fund_small_mcap",0,,False,False,False,False,False,False,False,False,False,2019.T,,1038.0,,,,,,,,,True,,,False,,,
0,False,,False,False,False,False,,7430.0,7430.0,,,,,,,,,,,,,,"insufficient_daily,fund_neg_eps,fund_low_adv20,fund_small_mcap",0,insufficient_daily,False,False,False,False,False,False,False,False,False,2031.T,,7430.0,,,,,,,,,True,,,False,,,
0,False,,False,False,False,False,,6385.0,6385.0,,,,,,,,,,,,,,"insufficient_daily,fund_neg_eps,fund_low_adv20,fund_small_mcap",0,insufficient_daily,False,False,False,False,False,False,False,False,False,2032.T,,6385.0,,,,,,,,,True,,,False,,,
0,False,,False,False,False,False,,108700.0,108700.0,,,,,,,,,,,,,,"insufficient_daily,fund_neg_eps,fund_low_adv20,fund_small_mcap",0,insufficient_daily,False,False,False,False,False,False,False,False,False,2033.T,,108700.0,,,,,,,,,True,,,False,,,
3,False,47.195357833655706,True,True,False,False,0.45557284475518545,1808.0,1808.0,25211278.4,25.211278399999998,7134.0,0.2534342584805158,,-0.5272720617265552,145.3506344915529,8.039305005063767,-0.13076923076923075,-0.41107491856677525,26.25328818540397,27.071036006258236,25.071226685139635,"fund_neg_eps,fund_low_adv20,fund_small_mcap",2,trend_break;trailing_stop,True,False,False,False,True,False,False,False,False,2034.T,,1808.0,,,,,,,,,True,,,False,,,
0,False,,False,False,False,False,,154900.0,154900.0,,,,,,,,,,,,,,"insufficient_daily,fund_neg_eps,fund_low_adv20,fund_small_mcap",0,insufficient_daily,False,False,False,False,False,False,False,False,False,2036.T,,154900.0,,,,,,,,,True,,,False,,,
0,False,,False,False,False,False,,1313.0,1313.0,,,,,,,,,,,,,,"insufficient_daily,fund_neg_eps,fund_low_adv20,fund_small_mcap",0,insufficient_daily,False,False,False,False,False,False,False,False,False,2037.T,,1313.0,,,,,,,,,True,,,False,,,
4,True,35.96689240030098,False,False,True,True,0.41495506896948137,2528.0,2528.0,348436311.15,348.43631115,3231.0,0.7824203033116682,,0.3490617137032759,136.94215922588577,5.417015792163203,-0.18134715025906734,-0.21757969668833177,10.749266748823713,27.32703725848729,28.892971784984965,"fund_neg_eps,fund_small_mcap",2,macd_sell_like;trailing_stop;ext_dev200,False,False,True,False,True,True,False,False,False,2038.T,,2528.0,,,,,,,,,True,,,False,,,
1,False,61.36363636363637,True,False,True,True,0.5892809913520927,508.0,508.0,158089519.9,158.0895199,1061.0,0.47879359095193214,-0.563302752293578,-0.34376675300181503,11.883148622383429,2.339202484721147,-0.011673151750972721,-0.14189189189189189,16.682118578540038,22.286088317072288,26.519889405372705,"fund_neg_eps,fund_low_adv20,fund_small_mcap",1,trend_break,True,False,False,False,False,False,False,False,False,2039.T,,508.0,,,,,,,,,True,,,False,,,
0,False,,False,False,False,False,,36340.0,36340.0,,,,,,,,,,,,,,"insufficient_daily,fund_neg_eps,fund_low_adv20,fund_small_mcap",0,insufficient_daily,False,False,False,False,False,False,False,False,False,2040.T,,36340.0,,,,,,,,,True,,,False,,,
0,False,,False,False,False,False,,2038.0,2038.0,,,,,,,,,,,,,,"insufficient_daily,fund_neg_eps,fund_low_adv20,fund_small_mcap",0,insufficient_daily,False,False,False,False,False,False,False,False,False,2041.T,,2038.0,,,,,,,,,True,,,False,,,
2,False,31.039325842696627,False,False,True,True,0.38865042858483334,7580.0,7580.0,4701789.8,4.7017898,8859.0,0.8556270459419799,,-0.02429040618738898,234.6334076580329,3.095427541662703,-0.13971172398138687,-0.1443729540580201,19.430696836035438,15.82829196745924,34.71131995932297,"fund_neg_eps,fund_low_adv20,fund_small_mcap",3,trend_break;macd_sell_like;trailing_stop,True,False,True,False,True,False,False,False,False,2042.T,,7580.0,,,,,,,,,True,,,False,,,
0,False,,False,False,False,False,,26730.0,26730.0,,,,,,,,,,,,,,"insufficient_daily,fund_neg_eps,fund_low_adv20,fund_small_mcap",0,insufficient_daily,False,False,False,False,False,False,False,False,False,2043.T,,26730.0,,,,,,,,,True,,,False,,,
5,True,71.92307692307692,True,False,True,True,0.36015082536544324,33770.0,33770.0,10187579.5,10.1875795,34470.0,0.9796924862199013,,0.06712170227557301,335.2999157401246,0.9928928508739254,0.0,0.0,12.547220951483457,37.75262022845431,20.520589924148155,"fund_neg_eps,fund_low_adv20,fund_small_mcap",0,,False,False,False,False,False,False,False,False,False,2044.T,,33770.0,,,,,,,,,True,,,False,,,
0,False,,False,False,False,False,,19865.0,19865.0,,,,,,,,,,,,,,"insufficient_daily,fund_neg_eps,fund_low_adv20,fund_small_mcap",0,insufficient_daily,False,False,False,False,False,False,False,False,False,2045.T,,19865.0,,,,,,,,,True,,,False,,,
1,False,43.808411214953274,False,False,True,True,0.4412863569712691,23950.0,23950.0,29354798.25,29.35479825,33120.0,0.7231280193236715,,-0.16842804255079058,699.4016440649484,2.9202573864924775,-0.06317230588695477,-0.11607307621332352,23.423155123520466,16.048599297499017,31.537646765286336,"fund_neg_eps,fund_low_adv20,fund_small_mcap",2,trend_break;di_bear,True,False,False,False,False,False,True,False,False,2046.T,,23950.0,,,,,,,,,True,,,False,,,
0,False,,False,False,False,False,,3519.0,3519.0,,,,,,,,,,,,,,"insufficient_daily,fund_neg_eps,fund_low_adv20,fund_small_mcap",0,insufficient_daily,False,False,False,False,False,False,False,False,False,2047.T,,3519.0,,,,,,,,,True,,,False,,,
0,False,,False,False,False,False,,52610.0,52610.0,,,,,,,,,,,,,,"insufficient_daily,fund_neg_eps,fund_low_adv20,fund_small_mcap",0,insufficient_daily,False,False,False,False,False,False,False,False,False,2048.T,,52610.0,,,,,,,,,True,,,False,,,
5,True,29.467084639498438,False,True,False,True,0.3097321588629471,30870.0,30870.0,245086.0,0.245086,32310.0,0.9554317548746518,-0.1343330209309591,0.11028587973161796,246.89946748436014,0.7998039115139622,-0.04456824512534818,-0.04456824512534818,24.525725339009135,38.24844091662368,56.761447967697656,"fund_neg_eps,fund_low_adv20,fund_small_mcap",4,cross_sma25_down;macd_sell_like;di_bear;vol_distribution,False,True,True,False,False,False,True,True,False,2050.T,,30870.0,,,,,,,,,True,,,False,,,
6,True,51.330798479087456,True,False,False,True,0.40215538410892965,1778.0,1778.0,142888980.0,142.88898,1948.19140625,0.9126413320046437,-0.1412548096491738,0.027428581327424872,41.26919446735307,2.321102051032231,-0.014412416851441234,-0.014412416851441234,14.598009368249555,31.253415936488615,17.55360561866238,fund_low_adv20,0,,False,False,False,False,False,False,False,False,False,2053.T,,1778.0,9.3255005,0.7016126,190.66,2534.162,51021971456.0,,1753765200.0,1754283600.0,True,,,False,1753765200.0,2025-07-29,-226.0
2,False,37.5,False,False,True,True,0.3914562111857257,315.0,315.0,15581385.0,15.581385,408.3422546386719,0.7714117175523085,-0.238383986797562,-0.08908327406103378,9.98593385164796,3.170137730681892,-0.07894736842105265,-0.20654911838790935,43.55250554993085,19.93615954954918,29.354298224423015,"fund_low_adv20,fund_small_mcap",2,trend_break;di_bear,True,False,False,False,False,False,True,False,False,2055.T,,315.0,15.042979,0.29965925,20.94,1051.194,5705214464.0,,1747031400.0,1747031400.0,True,,,False,1747031400.0,2025-05-12,-282.0
6,True,43.2,False,False,True,True,0.4932666751513398,1180.0,1180.0,112968605.0,112.968605,1306.29638671875,0.9033172042709309,-0.17935928561149328,0.06673246639397012,31.95781216519171,2.7082891665416704,-0.06940063091482651,-0.06940063091482651,13.525265049077076,24.98181058165398,21.03913349100272,fund_low_adv20,0,,False,False,False,False,False,False,False,False,False,2060.T,,1180.0,7.078584,0.7320794,166.7,1611.847,45157588992.0,,1754548200.0,1754980200.0,True,,,False,1754548200.0,2025-08-07,-219.0
0,False,,False,False,False,False,,55530.0,55530.0,,,,,,,,,,,,,,"insufficient_daily,fund_neg_eps,fund_low_adv20,fund_small_mcap",0,insufficient_daily,False,False,False,False,False,False,False,False,False,2065.T,,55530.0,,,,,,,,,True,,,False,,,
0,False,,False,False,False,False,,24330.0,24330.0,,,,,,,,,,,,,,"insufficient_daily,fund_neg_eps,fund_low_adv20,fund_small_mcap",0,insufficient_daily,False,False,False,False,False,False,False,False,False,2066.T,,24330.0,,,,,,,,,True,,,False,,,
0,False,,False,False,False,False,,27600.0,27600.0,,,,,,,,,,,,,,"insufficient_daily,fund_neg_eps,fund_low_adv20,fund_small_mcap",0,insufficient_daily,False,False,False,False,False,False,False,False,False,2067.T,,27600.0,,,,,,,,,True,,,False,,,
0,False,,False,False,False,False,,38950.0,38950.0,,,,,,,,,,,,,,"insufficient_daily,fund_neg_eps,fund_low_adv20,fund_small_mcap",0,insufficient_daily,False,False,False,False,False,False,False,False,False,2068.T,,38950.0,,,,,,,,,True,,,False,,,
0,False,,False,False,False,False,,20655.0,20655.0,,,,,,,,,,,,,,"insufficient_daily,fund_neg_eps,fund_low_adv20,fund_small_mcap",0,insufficient_daily,False,False,False,False,False,False,False,False,False,2069.T,,20655.0,,,,,,,,,True,,,False,,,
4,True,56.39810426540285,False,False,True,True,0.28727419839278756,14960.0,14960.0,175967.75,0.17596775,15180.0,0.9855072463768116,-0.09528519617540387,0.051333316935532114,98.36146232247397,0.6574964058988901,-0.01449275362318836,-0.01449275362318836,19.096404222737306,43.86691275889099,30.145956102065114,"fund_neg_eps,fund_low_adv20,fund_small_mcap",1,macd_sell_like,False,False,True,False,False,False,False,False,False,2070.T,,14960.0,,,,,,,,,True,,,False,,,
5,True,62.80323450134771,False,False,True,False,0.38850781088656094,18640.0,18640.0,5573332.0,5.573332,19180.0,0.9718456725755996,-0.09795593310326522,0.04332981172206796,147.8098347545683,0.7929712164944652,-0.028154327424400383,-0.028154327424400383,21.951262590201637,55.87330411917625,42.36422162336099,"fund_neg_eps,fund_low_adv20,fund_small_mcap",0,,False,False,False,False,False,False,False,False,False,2071.T,,18640.0,,,,,,,,,True,,,False,,,
4,True,38.122605363984675,False,False,True,True,0.2730690677085733,21035.0,21035.0,1418553.75,1.41855375,22040.0,0.9544010889292196,-0.11449060336300687,0.20182831024139403,228.27699029719665,1.0852245794970128,-0.0455989110707804,-0.0455989110707804,20.21391187135505,36.13402541678125,50.82584842075556,"fund_neg_eps,fund_low_adv20,fund_small_mcap",2,macd_sell_like;ext_dev200;di_bear,False,False,True,False,False,True,True,False,False,2072.T,,21035.0,,,,,,,,,True,,,False,,,
2,False,,False,False,True,True,0.3801467982289178,14410.0,14410.0,0.0,0.0,15935.0,0.90429871352369,,-0.0402051469914827,1.4003623552066253,0.0097179899736754,0.0,0.0,11.957948849684328,54.994816954441085,43.85094411263971,"fund_neg_eps,fund_low_adv20,fund_small_mcap",1,trend_break,True,False,False,False,False,False,False,False,False,2073.T,,14410.0,,,,,,,,,True,,,False,,,
4,True,51.00401606425704,False,False,True,True,0.4264510622675491,1897.0,1897.0,157942154.45,157.94215444999998,1910.0,0.993193717277487,-0.12408376963350787,0.1632976954972527,37.386048717324634,1.9707985617988737,-0.002628811777076745,-0.002628811777076745,16.172750881382658,26.52585487617382,25.199200391398975,"fund_low_adv20,fund_small_mcap",1,macd_sell_like,False,False,True,False,False,False,False,False,False,2080.T,,1897.0,14.294972,,132.704,,,,,,True,,,False,,,
5,True,53.313253012048186,False,False,True,True,0.34275178610950097,1995.0,1995.0,1091678.7,1.0916787,2096.0,0.9518129770992366,-0.15219465648854957,0.14166637539738502,52.81175963803662,2.6472059968940664,-0.025403028822667317,-0.025403028822667317,13.581825426933772,26.115104722582405,32.22102455224349,"fund_low_adv20,fund_small_mcap",1,macd_sell_like,False,False,True,False,False,False,False,False,False,2081.T,,1995.0,16.572992,,120.37657,,,,,,True,,,False,,,
3,False,50.57471264367816,False,False,True,True,0.2868549287128938,1143.0,1143.0,2631420.85,2.63142085,1255.0,0.9107569721115538,-0.09960159362549803,-0.033117624666920475,13.967551240417531,1.2220079825387167,-0.012953367875647714,-0.05848434925864909,8.234180117097962,26.9427503227834,20.21872384642866,"fund_low_adv20,fund_small_mcap",1,trend_break,True,False,False,False,False,False,False,False,False,2082.T,,1143.0,19.097105,,59.852005,,,,,,True,,,False,,,
5,True,54.51664025356577,False,False,True,True,0.3101627514223084,3746.0,3746.0,38878389.85,38.878389850000005,3960.0,0.945959595959596,-0.10216998191681737,0.2614417625928902,90.8390120567039,2.42496027914319,-0.054040404040404,-0.054040404040404,35.32315240156441,22.956757242409793,20.700075911975134,"fund_low_adv20,fund_small_mcap",1,macd_sell_like;ext_dev200,False,False,True,False,False,True,False,False,False,2083.T,,3746.0,19.543495,,191.67503,,,,,,True,,,False,,,
4,True,52.20588235294117,False,False,True,True,0.3757542644173194,3584.0,3584.0,43221616.95,43.221616950000005,3700.0,0.9686486486486486,-0.10709433835871585,0.1586030918539889,70.32308519222504,1.9621396538009217,-0.031351351351351364,-0.031351351351351364,14.476867908036532,22.921029909130098,25.454614704583957,"fund_low_adv20,fund_small_mcap",1,macd_sell_like,False,False,True,False,False,False,False,False,False,2084.T,,3584.0,12.974586,,276.23233,,,,,,True,,,False,,,
7,True,48.82260280666656,True,False,True,True,0.5164619826701808,718.5999755859375,718.5999755859375,21716454.870544434,21.716454870544435,765.8756713867188,0.9382723625165135,-0.08670518987445675,0.06326709667144303,10.412200366666177,1.4489564041769134,-0.009374205402898461,-0.0388880970468537,11.523428682065878,18.93668326954537,20.352773394727695,"fund_low_adv20,fund_small_mcap",0,,False,False,False,False,False,False,False,False,False,2085.T,,718.6,12.003823,,59.864258,,,,,,True,,,False,,,
6,True,41.41414141414141,False,True,False,True,0.30710482025805624,2945.0,2945.0,2264033.15,2.26403315,3263.9921875,0.9022693164764201,-0.21534159723402369,0.05966392305815549,31.606499492756324,1.073225789227719,-0.03347554972103706,-0.03663722603859998,36.89675411202679,38.99667750939966,28.05249158413724,"fund_neg_eps,fund_low_adv20,fund_small_mcap",2,macd_sell_like;vol_distribution,False,False,True,False,False,False,False,True,False,2086.T,,2945.0,,,,,,,,,True,,,False,,,
6,True,46.81978798586572,False,False,True,False,0.5244858187157775,3413.0,3413.0,4028162.7,4.0281627,3601.0,0.9477922799222438,-0.1304625405946126,0.1208914668202965,52.42042903624329,1.5359047476191998,-0.0522077200777562,-0.0522077200777562,43.364812867248396,38.29362160484052,37.15987583520888,"fund_neg_eps,fund_low_adv20,fund_small_mcap",1,macd_sell_like,False,False,True,False,False,False,False,False,False,2087.T,,3413.0,,,,,,,,,True,,,False,,,
4,True,57.37051792828686,False,False,True,True,0.4142292229384067,2550.0,2550.0,7712661.2,7.7126612,2598.0,0.9815242494226328,-0.10374417255417778,0.04853065005430901,20.86921383397512,0.8184005425088282,-0.018475750577367167,-0.018475750577367167,17.484288770303788,46.31483611559618,45.210275018366396,"fund_neg_eps,fund_low_adv20,fund_small_mcap",1,macd_sell_like,False,False,True,False,False,False,False,False,False,2088.T,,2550.0,,,,,,,,,True,,,False,,,
5,False,42.77777777777778,False,False,True,True,0.3037148451915465,2717.0,2717.0,14189687.8,14.189687800000002,2844.0,0.9553445850914205,-0.1364275668073136,0.0009135000274569371,27.215171396203306,1.001662546787019,-0.03447050461975831,-0.03447050461975831,12.086001262763824,36.94893971526396,45.29119516817133,"fund_neg_eps,fund_low_adv20,fund_small_mcap",2,trend_break;macd_sell_like,True,False,True,False,False,False,False,False,False,2089.T,,2717.0,,,,,,,,,True,,,False,,,
3,False,58.0,True,False,True,True,0.21545168636999726,4357.0,4357.0,92614190.7,92.61419070000001,4658.517578125,0.9352760673178876,-0.07672343711808138,-0.01961790106018746,19.815758277363802,0.4548028064577416,-0.006838386140870734,-0.035777272375099534,14.880345245740525,30.41608784947573,35.06645033093648,"fund_neg_eps,fund_low_adv20,fund_small_mcap",1,trend_break,True,False,False,False,False,False,False,False,False,2090.T,,4357.0,,,,,,,,,True,,,False,,,
3,False,59.01639344262295,False,False,True,True,0.24450375307562314,4542.0,4542.0,20126663.35,20.12666335,4791.42236328125,0.9479439831494126,-0.08204101782171025,-0.012879620945280279,12.91593182084413,0.28436661868877433,-0.006126914660831484,-0.02248675914249687,11.245411324696768,41.33675509364272,46.2055650973423,"fund_neg_eps,fund_low_adv20,fund_small_mcap",2,trend_break;macd_sell_like,True,False,True,False,False,False,False,False,False,2091.T,,4542.0,,,,,,,,,True,,,False,,,
3,False,53.01204819277108,False,False,True,True,0.030739727166266675,4618.0,4618.0,696868.55,0.69686855,5337.18798828125,0.8652496427219061,-0.14749114889894488,-0.01177498097015417,27.491644081811856,0.5953149433047175,-0.011558219178082196,-0.08219881844184085,9.872236909736818,43.38348326607501,53.98986164335129,"fund_neg_eps,fund_low_adv20,fund_small_mcap",2,trend_break;macd_sell_like,True,False,True,False,False,False,False,False,False,2092.T,,4618.0,,,,,,,,,True,,,False,,,
7,True,51.21951219512195,False,False,True,True,0.23903921718371246,5330.0,5330.0,43994269.7,43.994269700000004,5361.0,0.9942174967356836,-0.08274412031574796,0.04735552365877127,29.225152025915435,0.5483142969214904,-0.0057825032643163965,-0.0057825032643163965,64.04370512994646,49.956728612507426,6.277781092663099,"fund_neg_eps,fund_low_adv20,fund_small_mcap",0,,False,False,False,False,False,False,False,False,False,2093.T,,5330.0,,,,,,,,,True,,,False,,,
3,True,62.0,False,False,True,True,0.5471167353449963,818.0,818.0,10083678.45,10.083678449999999,913.0,0.895947426067908,-0.2869822485207101,0.06910635517072383,13.192452893369845,1.612769302367952,-0.00848484848484854,-0.00848484848484854,40.59449204207868,22.287908883931564,23.020819713638367,"fund_neg_eps,fund_low_adv20,fund_small_mcap",1,di_bear,False,False,False,False,False,False,True,False,False,2094.T,,818.0,,,,,,,,,True,,,False,,,
5,True,73.27271196430075,True,True,False,False,0.4470215080782231,1147.0,1147.0,50585985.6,50.5859856,1185.5408935546875,0.967490877991456,-0.10576359727399309,0.04079856598479248,12.701119989726736,1.1073339136640572,0.0,0.0,13.945470636552129,37.78610720386544,18.91739546045537,"fund_low_adv20,fund_small_mcap",0,,False,False,False,False,False,False,False,False,False,2095.T,,1147.0,23.002708,,49.863693,,,,,,True,,,False,,,
3,False,44.91525423728813,True,False,True,True,0.49036363652710757,987.0,987.0,13650313.2,13.6503132,1144.0103759765625,0.862754412657723,-0.15822441804520038,-0.08243903781546758,16.498031498856434,1.6715330799246642,-0.0256663376110563,-0.11276985312949417,22.25646883056891,17.130907961398435,18.85808759964095,"fund_low_adv20,fund_small_mcap",2,trend_break;di_bear,True,False,False,False,False,False,True,False,False,2096.T,,987.0,20.501816,,48.14208,,,,,,True,,,False,,,
2,False,33.33333333333333,False,True,False,False,0.5386269512001758,975.0,975.0,16230691.3,16.2306913,1150.0145263671875,0.8478153776717536,-0.16348882736386972,-0.06767083458485235,12.954515993927535,1.3286683070694907,-0.04317958783120701,-0.10373992658414521,45.128342720977656,10.668390339434819,27.226960652960898,"fund_low_adv20,fund_small_mcap",2,trend_break;di_bear,True,False,False,False,False,False,True,False,False,2097.T,,975.0,22.333117,,43.65714,,,,,,True,,,False,,,
2,False,38.372093023255815,False,False,True,True,0.4643081108040695,952.0,952.0,13123425.95,13.12342595,1082.0269775390625,0.8798301888601772,-0.12941172488835417,-0.06288697612456107,14.037506785204206,1.474528023655904,-0.021582733812949617,-0.07460323656959833,25.695541973636058,11.44300793534521,19.029085552157277,"fund_low_adv20,fund_small_mcap",2,trend_break;di_bear,True,False,False,False,False,False,True,False,False,2098.T,,952.0,17.072365,,55.76263,,,,,,True,,,False,,,
5,True,67.46987951807229,True,False,True,True,0.4452680690865333,4495.0,4495.0,118765350.0,118.76535,4525.0,0.9933701657458563,-0.18554596748176577,0.2563960775450558,119.88345656947583,2.6670401906446233,-0.006629834254143652,-0.006629834254143652,20.932014032917852,37.38126209931892,16.292503443522193,fund_low_adv20,0,ext_dev200,False,False,False,False,False,True,False,False,False,2108.T,,4495.0,10.9402,0.7019077,410.87,6403.976,54336745472.0,,1754542800.0,1754974800.0,True,,,False,1754542800.0,2025-08-07,-219.0
2,False,25.423728813559322,False,True,False,True,0.38469725539226973,3205.0,3205.0,178364075.0,178.364075,3580.0,0.8952513966480447,-0.15725532498752937,-0.016348249267418846,52.219879545787194,1.6293254148451544,-0.0503703703703704,-0.10474860335195535,20.702855614551247,17.32819867437439,23.2470705437689,fund_low_adv20,2,trend_break;di_bear,True,False,False,False,False,False,True,False,False,2109.T,,3205.0,25.315956,0.89045465,126.6,3599.285,99728859136.0,,1753768800.0,1754287200.0,True,,,False,1753768800.0,2025-07-29,-226.0
2,False,21.311475409836078,True,False,True,True,0.5541256384511006,417.0,417.0,33676445.0,33.676445,567.3853149414062,0.7349502869017036,-0.26857465452228535,-0.13854657563652595,11.388227739957756,2.7309898656973037,-0.08351648351648355,-0.22920517560073939,36.98508199443763,15.072975804237595,27.600217253588404,"fund_low_adv20,fund_small_mcap",3,trend_break;trailing_stop;di_bear,True,False,False,False,True,False,True,False,False,2112.T,,417.0,4.145953,0.55699146,100.58,748.665,11475695616.0,,1754550000.0,1754982000.0,True,,,False,1754550000.0,2025-08-07,-219.0
7,True,41.66666666666667,True,False,True,True,0.6370461631081742,611.0,611.0,5788780.0,5.78878,666.8939208984375,0.9161876887059679,-0.09430873325956701,0.03975235884850781,4.503055287873708,0.7369975921233565,-0.00972447325769854,-0.055964606820565366,12.758530095477917,11.412862373626448,14.589152033874539,fund_low_adv20,0,,False,False,False,False,False,False,False,False,False,2114.T,,611.0,9.737052,1.1252695,62.75,542.981,31344404480.0,,1745994600.0,1745994600.0,True,,,False,1745994600.0,2025-04-30,-290.0
4,False,38.048780487804876,True,False,True,False,0.5595297037876977,2561.0,2561.0,106556505.0,106.556505,2962.712646484375,0.8644105269672181,-0.15347848432886257,-0.043562665611158735,42.08474131856996,1.6432932963127669,-0.05253422123566409,-0.12534153005464477,54.25142686461689,10.19349707253302,29.26612086460423,fund_low_adv20,2,trend_break;di_bear,True,False,False,False,False,False,True,False,False,2117.T,,2561.0,12.940225,1.0859996,197.91,2358.196,83843440640.0,,1754280000.0,1754625600.0,True,,,False,1754280000.0,2025-08-04,-222.0
3,False,50.0,False,False,True,True,0.43698958951992933,192.0,192.0,124898590.0,124.89859,225.3072509765625,0.8521696446421635,-0.298735396596553,-0.003422127647502604,5.49116041244905,2.85997938148388,-0.025380710659898442,-0.11111111111111116,10.90827041961106,16.916507211522564,23.563599492217264,"fund_low_adv20,fund_small_mcap",1,trend_break,True,False,False,False,False,False,False,False,False,2120.T,,192.0,7.4418607,1.2424129,25.8,154.538,24641392640.0,1786516200.0,1786516200.0,1786516200.0,True,,,False,1786516200.0,2026-08-12,45.0
2,False,54.17867435158501,False,False,True,False,0.38945237881963723,2700.0,2700.0,864126110.0,864.12611,3355.571533203125,0.8046319302937534,-0.28982134646724156,-0.029436394564725354,51.94255008887924,1.9237981514399718,-0.01207464324917673,-0.01207464324917673,14.286316439212172,23.59999511368807,16.875332896237303,,1,trend_break,True,False,False,False,False,False,False,False,False,2121.T,,2700.0,10.468768,0.964116,257.91,2800.493,175787409408.0,1785479400.0,1785479400.0,1785479400.0,True,,,True,1785479400.0,2026-07-31,37.0
6,True,47.53086419753086,False,False,True,True,0.40080848554036913,1244.0,1244.0,6484665.0,6.484665,1365.658203125,0.9109160675441244,-0.16157644908519098,0.03528076174219663,21.13268352757755,1.6987687723133078,-0.030397505845674244,-0.06886227544910184,12.649718287822942,18.968549939135183,21.675439969232627,"fund_low_adv20,fund_small_mcap",0,,False,False,False,False,False,False,False,False,False,2122.T,,1244.0,20.28371,1.3596342,61.33,914.952,7808377856.0,,1754978400.0,1755496800.0,True,,,False,1754978400.0,2025-08-12,-216.0
3,False,50.862068965517246,True,False,True,False,0.5212217326106865,861.0,861.0,378229305.0,378.229305,1121.9671630859375,0.7674021382513949,-0.2655756539847277,-0.11363475836782966,19.049386258805026,2.2124722716382146,-0.017123287671232834,-0.03691275167785235,16.98586962212865,21.115439907922262,14.139189276872013,,1,trend_break,True,False,False,False,False,False,False,False,False,2124.T,,861.0,16.251415,6.8454485,52.98,125.777,136859074560.0,1786516200.0,1786516200.0,1786516200.0,True,,,True,1786516200.0,2026-08-12,45.0
3,False,39.39719054210934,False,False,True,True,0.2981670470952531,637.5,637.5,1052665887.1456909,1052.665887145691,784.1040649414062,0.8130298368592674,-0.21829050917970683,-0.08085209264956872,17.363531442031274,2.7236912065931413,-0.042073628850488376,-0.07648846693707934,14.117585176107672,19.497446047604353,22.243151394387997,,1,trend_break,True,False,False,False,False,False,False,False,False,2127.T,,637.5,18.44618,4.0310345,34.56,158.148,202124034048.0,1785393000.0,1785393000.0,1785393000.0,True,,,True,1785393000.0,2026-07-30,36.0
1,False,36.0655737704918,False,False,True,False,0.436183131939654,1008.0,1008.0,207274685.0,207.274685,1426.6488037109375,0.7065509026314211,-0.33550569871568725,-0.13178786650271346,48.09009251163162,4.770842511074566,-0.1384615384615384,-0.1384615384615384,16.91173538437151,19.916443469276146,30.741372900866203,fund_small_mcap,2,trend_break;trailing_stop,True,False,False,False,True,False,False,False,False,2130.T,,1008.0,10.647512,1.9442345,94.67,518.456,12920587264.0,,1753768800.0,1754287200.0,True,,,False,1753768800.0,2025-07-29,-226.0
0,False,28.57142857142857,False,False,True,True,0.34894239197913224,25.0,25.0,71838805.0,71.838805,104.0,0.2403846153846154,-0.7788461538461539,-0.34810951760104303,1.6632009447166627,6.652803778866651,-0.19354838709677424,-0.2647058823529411,16.538179966473738,11.634574606331483,18.751015346338974,"fund_neg_eps,fund_low_adv20,fund_small_mcap",3,trend_break;macd_sell_like;trailing_stop,True,False,True,False,True,False,False,False,False,2134.T,,25.0,-10.288065843621398,2.6126032,-2.43,9.569,13692274688.0,,1747296000.0,1747296000.0,True,,,False,1747296000.0,2025-05-15,-279.0
3,False,45.9915611814346,False,False,True,False,0.5362153166752607,1376.0,1376.0,2456850.0,2.45685,1587.55078125,0.8667439279747449,-0.1490035997864242,-0.04223809754925245,27.226142818042195,1.9786441001484154,-0.037088873337998596,-0.10021151693676089,42.77112966451852,15.800416173423196,25.95928768690593,"fund_low_adv20,fund_small_mcap",2,trend_break;di_bear,True,False,False,False,False,False,True,False,False,2136.T,,1376.0,12.285714,2.8956776,112.0,475.191,5235942912.0,,1746687600.0,1746687600.0,True,,,False,1746687600.0,2025-05-08,-284.0
0,False,20.83333333333333,False,False,True,False,0.3356672017594665,463.0,463.0,18370530.0,18.37053,717.0,0.6457461645746164,-0.3542538354253836,-0.18327027050864797,13.242357850555882,2.860120486081184,-0.11809523809523814,-0.16876122082585276,33.05310190625197,10.138738756686275,31.768730496496328,"fund_neg_eps,fund_low_adv20,fund_small_mcap",4,trend_break;macd_sell_like;trailing_stop;di_bear,True,False,True,False,True,False,True,False,False,2138.T,,463.0,-9.414396095973974,0.5060375,-49.18,914.952,4429854208.0,,1754375400.0,1754980200.0,True,,,False,1754375400.0,2025-08-05,-221.0
4,True,28.888888888888886,False,False,True,True,0.580960642337147,478.0,478.0,1656315.0,1.656315,542.3836669921875,0.88129497455329,-0.28343908059125855,0.05312254771318026,6.26113410680632,1.3098606918004856,-0.047808764940239,-0.07184466019417479,14.008485412764104,13.74661718034506,26.731582260639374,"fund_low_adv20,fund_small_mcap",0,,False,False,False,False,False,False,False,False,False,2139.T,,478.0,17.256317,1.495816,27.7,319.558,3250411520.0,,1754549400.0,1754895000.0,True,,,False,1754549400.0,2025-08-07,-219.0
3,False,50.0,False,False,True,False,0.5432642374775949,176.0,176.0,909740130.0,909.74013,213.7044219970703,0.8235674224954166,-0.2888311871468594,-0.053754132254550946,4.553396079803142,2.5871568635245126,-0.03825136612021862,-0.12,32.7656278455132,14.869870373292473,20.139815908148968,,2,trend_break;di_bear,True,False,False,False,False,False,True,False,False,2146.T,,176.0,15.094339,3.261373,11.66,53.965,100035584000.0,1778740200.0,1785997800.0,1785997800.0,True,,,True,1785997800.0,2026-08-06,41.0
2,False,47.66355140186916,True,False,True,True,0.6120057178135363,1157.0,1157.0,90851670.0,90.85167,1816.8712158203125,0.6368090318815567,-0.3824548541304178,-0.24568596846858148,39.272745747336785,3.39436004730655,-0.06918744971842317,-0.3631909681184433,55.675949365051466,15.364744647588429,34.20185207522331,"fund_low_adv20,fund_small_mcap",2,trend_break;di_bear,True,False,False,False,False,False,True,False,False,2148.T,,1157.0,18.948574,2.592264,61.06,446.328,22533556224.0,,1754294400.0,1754640000.0,True,,,False,1754294400.0,2025-08-04,-222.0
3,False,44.29530201342282,False,False,True,True,0.16956939138853472,1387.0,1387.0,1368870.0,1.36887,1590.0,0.8723270440251573,-0.12893081761006286,-0.030177172577750655,31.065992690469727,2.2397975984477094,-0.08448844884488449,-0.12767295597484274,19.126706580714675,23.23168292342233,38.00817197365345,"fund_low_adv20,fund_small_mcap",3,trend_break;macd_sell_like;trailing_stop,True,False,True,False,True,False,False,False,False,2152.T,,1387.0,13.11088,3.4056866,105.79,407.26,14983137280.0,,1747033200.0,1747033200.0,True,,,False,1747033200.0,2025-05-12,-282.0
3,False,39.32811403253763,True,False,True,True,0.592325439535892,1579.0,1579.0,149062550.0,149.06255,1885.3780517578125,0.8374978156385324,-0.2113085795680847,-0.06369869880749413,24.49156588377347,1.5510808032788772,-0.03128834355828225,-0.11256386061197243,38.36224716457033,15.905237872733883,35.327589029683935,"fund_low_adv20,fund_small_mcap",2,trend_break;di_bear,True,False,False,False,False,False,True,False,False,2153.T,,1579.0,7.6881876,0.80795825,205.38,1954.309,28384374784.0,,1752129000.0,1752474600.0,True,,,False,1752129000.0,2025-07-10,-239.0
5,True,60.08583690987125,True,False,True,False,0.46060128579683557,1910.0,1910.0,435024900.0,435.0249,1947.0,0.9809964047252183,-0.23295062678838763,0.06177847995825059,39.42220110760691,2.063989586785702,-0.004171011470281538,-0.004171011470281538,18.19227948869014,28.22308764438906,16.063859219957653,,0,,False,False,False,False,False,False,False,False,False,2154.T,,1910.0,12.522947,2.081948,152.52,917.41,162248359936.0,1778567400.0,1786084200.0,1786084200.0,True,,,True,1786084200.0,2026-08-07,42.0
1,False,36.36363636363636,False,False,True,False,0.29764212868844925,257.0,257.0,4453340.0,4.45334,417.6196594238281,0.6153924850055474,-0.637349100670743,-0.17939672249596572,8.117262750528441,3.1584679963145685,-0.07553956834532372,-0.16775496384673938,41.19869775517955,22.18676682816566,28.470517047517113,"fund_neg_eps,fund_low_adv20,fund_small_mcap",4,trend_break;cross_sma25_down;macd_sell_like;di_bear,True,True,True,False,False,False,True,False,False,2156.T,,257.0,-262.2448979591837,0.5706609,-0.98,450.355,1322797568.0,,1747204200.0,1747204200.0,True,,,False,1747204200.0,2025-05-14,-280.0
2,False,46.103896103896105,True,False,True,True,0.5520896835680732,972.0,972.0,393994925.0,393.994925,1467.65087890625,0.6622828453074425,-0.37314792419460174,-0.1689505988192762,22.354686369441424,2.2998648528231915,-0.041420118343195256,-0.14811568799298858,32.58785908780906,18.92504531155666,22.599564001312675,,2,trend_break;di_bear,True,False,False,False,False,False,True,False,False,2157.T,,972.0,14.5074625,2.098808,67.0,463.12,80547692544.0,,1751956200.0,1752474600.0,True,,,True,1751956200.0,2025-07-08,-241.0
1,False,38.8235294117647,False,False,True,False,0.34784119147504244,562.0,562.0,273102875.0,273.102875,1069.0,0.5257249766136576,-0.4742750233863424,-0.3399146117300227,28.46598238845322,5.065121421432957,-0.292191435768262,-0.34422403733955664,25.751583524275574,19.9480091598569,32.48016717894567,fund_small_mcap,3,trend_break;trailing_stop;di_bear,True,False,False,False,True,False,True,False,False,2158.T,,562.0,40.519108,5.7316523,13.87,98.052,22020005888.0,1778826600.0,1786602600.0,1786602600.0,True,,,False,1786602600.0,2026-08-13,46.0
3,True,43.731778425655975,False,False,True,True,0.4691864163361437,2735.0,2735.0,3868176060.0,3868.17606,4290.0,0.6375291375291375,-0.4856486796785304,0.01047420242735475,166.75141053917906,6.096943712584244,-0.09286898839137647,-0.22521246458923516,17.48116466830501,23.94495407922487,23.587238194086048,fund_neg_eps,1,trailing_stop,False,False,False,False,True,False,False,False,False,2160.T,,2735.0,-33.79046207066963,3.0447314,-80.94,898.273,152486920192.0,1778826600.0,1786602600.0,1786602600.0,True,,,False,1786602600.0,2026-08-13,46.0
2,False,92.6829268292683,False,False,True,False,0.3418571625336758,538.0,538.0,106576950.0,106.57695,619.3777465820312,0.8686137062057759,-0.38607744285021417,0.20949855509139548,11.253917573672798,2.091806240459628,0.0,0.0,41.55407304084312,62.19527790550081,8.217833246955378,"fund_low_adv20,fund_small_mcap",2,trend_break;rsi_reversal;ext_dev200,True,False,False,True,False,True,False,False,False,2162.T,,538.0,33.436916,2.049602,16.09,262.49,10329998336.0,,1754533800.0,1754965800.0,True,,,False,1754533800.0,2025-08-07,-219.0
4,False,56.353591160220994,True,True,False,True,0.47287648704407576,1940.0,1940.0,35393185.0,35.393185,2191.701904296875,0.8851568711039542,-0.13720018388784672,-0.016335068948149734,30.033474397514603,1.5481172369852887,-0.002057613168724326,-0.01970692268822638,17.502595000271143,33.48233308347176,12.65687053094307,"fund_low_adv20,fund_small_mcap",1,trend_break,True,False,False,False,False,False,False,False,False,2163.T,,1940.0,16.37269,3.9473739,118.49,491.466,20563345408.0,,1749452400.0,1749452400.0,True,,,False,1749452400.0,2025-06-09,-262.0
3,False,48.64864864864865,True,False,True,True,0.5274385734231879,290.0,290.0,7760150.0,7.76015,418.5,0.6929510155316607,-0.48797736916548795,-0.06981219829037888,12.438660972256498,4.2891934387091375,-0.05228758169934644,-0.1807909604519774,13.173361850264252,17.644285702063517,20.22870316051412,"fund_neg_eps,fund_low_adv20,fund_small_mcap",1,trend_break,True,False,False,False,False,False,False,False,False,2164.T,,290.0,-42.70986745213549,12.022718,-6.79,24.121,2186074624.0,,1750917600.0,1751263200.0,True,,,False,1750917600.0,2025-06-26,-249.0
1,False,35.98258029395754,False,False,True,False,0.364738993056568,1510.0,1510.0,713918680.0,713.91868,2388.16650390625,0.6322842220298039,-0.38027771615621864,-0.19079568478194775,46.99500398232615,3.112251919359348,-0.12463768115942031,-0.21492168713849358,28.781663405557772,21.495276472828557,37.32273475520807,fund_neg_eps,3,trend_break;trailing_stop;di_bear,True,False,False,False,True,False,True,False,False,2168.T,,1510.0,-10.623329112142958,0.44144547,-142.14,3420.581,56402165760.0,,1752129000.0,1752474600.0,True,,,False,1752129000.0,2025-07-10,-239.0
4,False,30.47619047619048,True,False,True,False,0.432702937215787,1764.0,1764.0,6897860.0,6.89786,1840.0,0.9586956521739131,-0.046739130434782616,-0.015608018306500382,13.376815266586343,0.7583228609175932,-0.03076923076923077,-0.04130434782608694,27.193307339226706,21.301054108866747,26.59547869974743,"fund_low_adv20,fund_small_mcap",2,trend_break;di_bear,True,False,False,False,False,False,True,False,False,2169.T,,1764.0,26.355894,1.3640825,66.93,1293.177,12029843456.0,,1754548200.0,1754980200.0,True,,,False,1754548200.0,2025-08-07,-219.0
5,True,59.57446808510638,False,False,True,True,0.3665156844219614,560.0,560.0,217163605.0,217.163605,639.0,0.8763693270735524,-0.2470208653829099,0.058058053270407584,17.019351430739817,3.039169898346396,-0.012345679012345734,-0.12363067292644758,7.695848176015085,20.16780809562945,20.209958148487512,,0,,False,False,False,False,False,False,False,False,False,2170.T,,560.0,37.533512,4.9288836,14.92,113.616,59687247872.0,,1754548200.0,1754893800.0,True,,,True,1754548200.0,2025-08-07,-219.0
3,False,37.5796178343949,True,False,True,False,0.5167017122406684,663.0,663.0,28523945.0,28.523945,1066.0,0.6219512195121951,-0.38742964352720455,-0.18856694510442074,28.557147524370507,4.3072620700408,-0.2533783783783784,-0.34356435643564354,40.064838868033725,14.65510050121119,33.27551492810853,"fund_low_adv20,fund_small_mcap",3,trend_break;trailing_stop;di_bear,True,False,False,False,True,False,True,False,False,2173.T,,663.0,5.4065075,2.173058,122.63,305.1,10380689408.0,,1754460000.0,1754978400.0,True,,,False,1754460000.0,2025-08-06,-220.0
4,True,68.48484848484848,False,False,True,False,0.4897125116088394,2057.0,2057.0,746770085.0,746.770085,2082.0,0.9879923150816523,-0.381797332557981,0.29829072731658957,65.60665566363048,3.189433916559576,-0.012007684918347694,-0.012007684918347694,30.617785704912713,33.354374935121825,17.95960833281986,,0,ext_dev200,False,False,False,False,False,True,False,False,False,2175.T,,2057.0,29.016787,6.318363,70.89,325.559,168839479296.0,1785306600.0,1785306600.0,1785306600.0,True,,,True,1785306600.0,2026-07-29,35.0
2,False,14.666666666666671,False,False,True,False,0.2489923967625677,760.0,760.0,2081020.0,2.08102,813.9329223632812,0.9337378782926175,-0.09809833572159532,-0.024842238041429487,10.016781767646421,1.317997601006108,-0.06519065190651907,-0.06519065190651907,31.603521238513828,27.231177105320686,31.126192959164445,"fund_low_adv20,fund_small_mcap",2,trend_break;di_bear,True,False,False,False,False,False,True,False,False,2179.T,,760.0,7.2202163,0.9737647,105.26,780.476,4216402432.0,,1747290600.0,1747290600.0,True,,,False,1747290600.0,2025-05-15,-279.0
4,True,60.0,False,False,True,False,0.3766164404124826,1317.0,1317.0,234809695.0,234.809695,1318.0,0.9992412746585736,-0.2570323766963587,0.47309336509231037,13.743318509680783,1.0435321571511604,-0.0007587253414264028,-0.0007587253414264028,60.21501760207814,50.08923550730563,8.4641921714886,fund_small_mcap,2,macd_sell_like;rsi_reversal;ext_dev200,False,False,True,True,False,True,False,False,False,2180.T,,1317.0,12.860072,3.3611343,102.41,391.832,19506540544.0,,1754985600.0,1755504000.0,True,,,False,1754985600.0,2025-08-12,-216.0
2,False,56.957329173732234,True,False,True,False,0.4776326939126305,247.5,247.5,2577373491.3692474,2577.3734913692474,291.6011657714844,0.8487620388800344,-0.2489274150259958,-0.03176419778478756,6.384984677767673,2.5797917889970394,0.0,0.0,18.896841563699258,23.72852187008354,27.860993156301706,,1,trend_break,True,False,False,False,False,False,False,False,False,2181.T,,247.5,12.904066,2.5152438,19.18,98.4,552091516928.0,1786084200.0,1786084200.0,1786084200.0,True,,,True,1786084200.0,2026-08-07,42.0
0,False,32.5,False,False,True,False,0.50964400859966,213.0,213.0,10359005.0,10.359005,348.2434387207031,0.6116411002098721,-0.40845978101768243,-0.2752995271347647,5.787141042774283,2.716967625715626,-0.11250000000000004,-0.307321266574046,57.61632711262988,7.081544077041387,29.598419293937283,"fund_neg_eps,fund_low_adv20,fund_small_mcap",3,trend_break;trailing_stop;di_bear,True,False,False,False,True,False,True,False,False,2183.T,,213.0,-1.4450474898236092,1.2102892,-147.4,175.991,4810910208.0,,1754982000.0,1755500400.0,True,,,False,1754982000.0,2025-08-12,-216.0
7,True,40.136054421768705,True,False,True,True,0.48730281263632497,1826.0,1826.0,4979555.0,4.979555,1932.2786865234375,0.9449982617597182,-0.2005044992061552,0.044301440181160334,24.698711966865165,1.3526129226103596,-0.028206492815327278,-0.04597701149425293,10.525812188454267,26.401603213280247,21.7791864941015,"fund_low_adv20,fund_small_mcap",0,,False,False,False,False,False,False,False,False,False,2185.T,,1826.0,9.154259,1.0304723,199.47,1772.003,23594727424.0,,1754546400.0,1754978400.0,True,,,False,1754546400.0,2025-08-07,-219.0
3,False,42.857142857142854,False,False,True,False,0.39713854901977436,899.0,899.0,2255415.0,2.255415,947.1830444335938,0.9491301657934483,-0.0734150443932432,-0.002381533805318914,3.690460718039027,0.4105073101266994,-0.009911894273127775,-0.012087912087912045,13.613600843907516,21.073010056785467,20.9852178216484,"fund_low_adv20,fund_small_mcap",1,trend_break,True,False,False,False,False,False,False,False,False,2186.T,,899.0,15.3780365,1.5592237,58.46,576.569,7072644096.0,,1744353000.0,1744353000.0,True,,,False,1744353000.0,2025-04-11,-303.0
1,False,37.5,False,False,True,True,0.2985670282546041,120.0,120.0,36092415.0,36.092415,229.0,0.5240174672489083,-0.4759825327510917,-0.21197793538219067,3.825728497714816,3.1881070814290133,-0.0625,-0.2638036809815951,29.900664322442363,12.011725301891003,23.403143280280876,"fund_low_adv20,fund_small_mcap",2,trend_break;di_bear,True,False,False,False,False,False,True,False,False,2193.T,,120.0,12.565445,0.7104627,9.55,168.904,8626152448.0,,1754557200.0,1754902800.0,True,,,False,1754557200.0,2025-08-07,-219.0
2,False,37.90849673202615,False,False,True,True,0.3468923241727252,365.0,365.0,66003345.0,66.003345,604.0,0.6043046357615894,-0.5061147980046469,-0.009739080999521255,28.1906257846939,7.72345911909422,-0.16856492027334857,-0.39569536423841056,10.951315032640881,22.261741036281226,28.303157045108694,"fund_low_adv20,fund_small_mcap",2,trend_break;trailing_stop,True,False,False,False,True,False,False,False,False,2195.T,,365.0,20.609825,2.1828446,17.71,167.213,6406651392.0,,1754555400.0,1754987400.0,True,,,False,1754555400.0,2025-08-07,-219.0
7,True,66.66666666666666,True,False,False,False,0.4044444732880425,814.0,814.0,27520880.0,27.52088,828.0,0.9830917874396136,-0.10223263874908517,0.031816428941553454,9.987646923866139,1.2269836515806067,0.0,-0.006105006105006083,23.879776143454283,28.417824765404987,17.623410388063682,"fund_low_adv20,fund_small_mcap",0,,False,False,False,False,False,False,False,False,False,2198.T,,814.0,11.979397,1.9931391,67.95,408.401,23685820416.0,,1749708000.0,1749708000.0,True,,,False,1749708000.0,2025-06-12,-259.0
5,False,50.551181102362214,True,False,True,True,0.41085288513834944,2562.5,2562.5,840675612.5,840.6756125,2862.0,0.8953529000698812,-0.19227454517532194,-0.03093708385376248,50.03968077120013,1.9527680300956147,-0.004080839486980126,-0.10464709993011878,24.999278868537065,21.039538916282538,18.669066743748484,,1,trend_break,True,False,False,False,False,False,False,False,False,2201.T,,2562.5,12.137072,1.5157636,211.13,1690.567,215171743744.0,1785997800.0,1785997800.0,1785997800.0,True,,,True,1785997800.0,2026-08-06,41.0
6,True,57.74647887323944,True,False,True,True,0.5247777858442869,3120.0,3120.0,22000925.0,22.000925,3375.0,0.9244444444444444,-0.10222222222222221,0.009522880109454679,44.241289601373296,1.4179900513260673,-0.006369426751592355,-0.0755555555555556,18.387339654783673,27.115624700527558,15.76485728154336,"fund_low_adv20,fund_small_mcap",0,,False,False,False,False,False,False,False,False,False,2204.T,,3120.0,19.614006,0.71464825,159.07,4365.784,17829568512.0,,1754373600.0,1754978400.0,True,,,False,1754373600.0,2025-08-05,-221.0
4,False,39.9673735725938,True,False,True,True,0.4955637226257021,5350.0,5350.0,1127171495.0,1127.171495,6290.0,0.8505564387917329,-0.16868044515103342,-0.015452607371114424,98.96878964472708,1.8498839185930296,-0.03811578568860119,-0.14944356120826707,35.698077056779404,14.646468005466762,25.31529795140951,,2,trend_break;di_bear,True,False,False,False,False,False,True,False,False,2206.T,,5350.0,67.82455,1.6288177,78.88,3284.591,331261870080.0,1778221800.0,1785911400.0,1785911400.0,True,,,True,1785911400.0,2026-08-05,40.0
5,True,46.41025641025641,False,True,False,False,0.48165491140830596,2970.0,2970.0,190543000.0,190.543,3310.0,0.8972809667673716,-0.12296072507552869,0.17078050504885312,72.11751496523581,2.4281991570786468,-0.10136157337367624,-0.10271903323262843,39.34244654778872,8.666515392113658,25.58646497360763,fund_low_adv20,2,trailing_stop;di_bear,False,False,False,False,True,False,True,False,False,2207.T,,2970.0,16.213562,0.7810096,183.18,3802.77,48418467840.0,,1754550000.0,1754982000.0,True,,,False,1754550000.0,2025-08-07,-219.0
6,True,58.6283185840708,True,False,True,True,0.6947027686643223,2918.0,2918.0,20935135.0,20.935135,3327.564697265625,0.8769175855236779,-0.15373546235960356,0.06459089247381855,59.09458777223956,2.025174358198751,-0.012855209742895779,-0.12240601503759396,25.32174273905823,26.074473659460562,17.355180117874937,fund_low_adv20,0,,False,False,False,False,False,False,False,False,False,2208.T,,2918.0,11.9291935,1.0495368,244.61,2780.274,70536355840.0,,1753683300.0,1754028900.0,True,,,False,1753683300.0,2025-07-28,-227.0
3,False,58.36575875486381,True,False,True,False,0.40342088551774197,2286.0,2286.0,57262555.0,57.262555,2591.06005859375,0.8822643814905179,-0.1524704366784001,-0.06449808847966698,30.239305960780058,1.3228042852484716,0.0,-0.06731946144430845,33.950843784851756,21.649004410138208,20.233705958908583,"fund_low_adv20,fund_small_mcap",1,trend_break,True,False,False,False,False,False,False,False,False,2209.T,,2286.0,12.238997,1.1687618,186.78,1955.916,29254111232.0,,1754548800.0,1754980800.0,True,,,False,1754548800.0,2025-08-07,-219.0
5,False,54.7244094488189,True,False,True,False,0.46817129798869606,2347.0,2347.0,100059655.0,100.059655,2649.751708984375,0.8857433668377869,-0.1614450742517486,-0.06435238822805833,30.372477048574524,1.2940978716904357,-0.017580577647551276,-0.07012678288431062,36.71990656406451,23.36387634446952,22.577534699904113,fund_low_adv20,1,trend_break,True,False,False,False,False,False,False,False,False,2211.T,,2347.0,29.803175,1.0133708,78.75,2316.033,60495347712.0,,1753682400.0,1754028000.0,True,,,False,1753682400.0,2025-07-28,-227.0
3,False,45.5919395465995,True,False,True,True,0.34915317052865275,3140.0,3140.0,1892343275.0,1892.343275,3629.0,0.8652521355745384,-0.17057040507026733,-0.0389774141762973,79.02569496078466,2.5167418777319956,-0.043266301035953636,-0.1347478644254616,13.30473478872346,24.175017888199076,24.77171979523344,,1,trend_break,True,False,False,False,False,False,False,False,False,2212.T,,3140.0,15.180817,1.3377732,206.84,2347.184,618281369600.0,1777357800.0,1777357800.0,1777357800.0,True,,,True,1777357800.0,2026-04-28,-31.0
5,False,44.444444444444436,False,False,True,False,0.4531412320980283,602.0,602.0,7611675.0,7.611675,657.0,0.9162861491628614,-0.24148148148148152,-0.015390654389035086,5.330716762336345,0.8855011233116852,-0.03059581320450888,-0.03059581320450888,18.389290521434084,21.084391173155502,17.619319653453633,"fund_low_adv20,fund_small_mcap",1,trend_break,True,False,False,False,False,False,False,False,False,2215.T,,602.0,12.996546,0.47692874,46.32,1262.243,4167881472.0,,1754982000.0,1755500400.0,True,,,False,1754982000.0,2025-08-12,-216.0
2,False,57.89473684210526,True,False,True,True,0.6191745006187039,1115.0,1115.0,93596330.0,93.59633,2409.604248046875,0.4627315879376344,-0.5654888138379344,-0.27797039432540704,31.656498400649433,2.8391478386232674,0.0,-0.11226114649681529,26.990645148110694,21.85944470486398,19.091709601549663,fund_low_adv20,1,trend_break,True,False,False,False,False,False,False,False,False,2216.T,,1115.0,13.899277,2.4433696,80.22,456.337,47033368576.0,,1753677000.0,1754022600.0,True,,,False,1753677000.0,2025-07-28,-227.0
4,False,45.39473684210527,True,False,True,True,0.1489736829447997,1486.0,1486.0,34609705.0,34.609705,1670.958984375,0.8893096801869248,-0.2062727316918942,-0.023466936834157015,20.027599812382856,1.3477523426906364,-0.019141914191419196,-0.02939255388634876,18.68408804289421,15.641029863183437,19.11948562034591,"fund_low_adv20,fund_small_mcap",1,trend_break,True,False,False,False,False,False,False,False,False,2217.T,,1486.0,46.700188,1.4991748,31.82,991.212,29810049024.0,,1749708000.0,1749708000.0,True,,,False,1749708000.0,2025-06-12,-259.0
3,False,47.599999999999994,True,False,True,False,0.5117567241917551,1245.0,1245.0,276234945.0,276.234945,1517.0,0.8206987475280159,-0.22146830679799556,-0.07527679332709158,31.085352864560974,2.4968154911293956,-0.056103108415466285,-0.17930125247198414,45.12038126495744,14.346149537067147,27.367062457791473,,2,trend_break;di_bear,True,False,False,False,False,False,True,False,False,2220.T,,1245.0,3.1950111,0.784823,389.67,1586.345,78745190400.0,,1753941600.0,1754287200.0,True,,,True,1753941600.0,2025-07-31,-224.0
3,False,28.57142857142857,True,False,True,True,0.4981495751704106,3015.0,3015.0,6211650.0,6.21165,3332.12060546875,0.9048291934726839,-0.15710144496682799,-0.0199927929065169,32.58104365893392,1.0806316304787371,-0.024271844660194164,-0.08703143644855538,28.184064120384043,18.404404902525762,25.44001707951334,fund_low_adv20,2,trend_break;di_bear,True,False,False,False,False,False,True,False,False,2221.T,,3015.0,15.248066,0.44279245,197.73,6809.059,30929940480.0,,1747204200.0,1747204200.0,True,,,False,1747204200.0,2025-05-14,-280.0
5,True,88.89980353634577,True,True,False,True,0.3391794344324191,2396.0,2396.0,1400957377.5,1400.9573775,2396.0,1.0,-0.3234310040017354,0.27459207739149427,78.54348927953438,3.2781089014830713,0.0,0.0,20.459640659800527,45.90195832086587,12.873434036341747,,1,rsi_reversal;ext_dev200,False,False,False,True,False,True,False,False,False,2222.T,,2396.0,29.481976,7.719943,81.27,310.365,370021564416.0,1778740200.0,1785393000.0,1785393000.0,True,,,True,1785393000.0,2026-07-30,36.0
7,True,74.54545454545455,True,False,True,True,0.6220918884233543,3650.0,3650.0,6075275.0,6.075275,3997.563720703125,0.9130561149274207,-0.12696826271323336,0.04821713052225007,29.537728160560164,0.8092528263167168,0.0,-0.03895144501194436,33.498496651268034,38.660458516837636,14.491407080037263,"fund_low_adv20,fund_small_mcap",0,,False,False,False,False,False,False,False,False,False,2224.T,,3650.0,165.98454,5.923392,21.99,616.201,12681991168.0,,1747029600.0,1747029600.0,True,,,False,1747029600.0,2025-05-12,-282.0
6,True,50.0,False,False,True,True,0.40007381822860355,4670.0,4670.0,5084650.0,5.08465,4931.54443359375,0.9469650051590115,-0.12650137958415486,0.007421004125431674,16.30273537305724,0.34909497586846333,-0.002136752136752129,-0.004264392324093813,31.40906774738024,22.621686331880326,8.674407516816032,fund_low_adv20,0,,False,False,False,False,False,False,False,False,False,2226.T,,4670.0,19.189678,2.3399959,243.36,1995.73,49818521600.0,,1746677700.0,1746677700.0,True,,,False,1746677700.0,2025-05-08,-284.0
2,False,29.454545454545453,False,False,True,False,0.24763427193926635,2854.0,2854.0,1609067857.5,1609.0678575,3151.0,0.9057442081878768,-0.23738755181307236,-0.017818806846182644,48.555619930624566,1.7013181475341472,-0.048666666666666636,-0.09425579181212318,24.84118765541953,16.085149021300936,23.52698238078007,,2,trend_break;di_bear,True,False,False,False,False,False,True,False,False,2229.T,,2854.0,20.395914,1.6477137,139.93,1732.097,347011743744.0,1785393000.0,1785393000.0,1785393000.0,True,,,True,1785393000.0,2026-07-30,36.0
5,True,64.17445482866043,False,False,True,True,0.40512264370690854,3553.0,3553.0,6787098.3,6.7870983,3602.0,0.9863964464186563,-0.13027702409135544,0.1029147718695862,34.351187215551995,0.9668220437813677,-0.013603553581343686,-0.013603553581343686,26.852228939583625,35.403507314237274,24.020998863526994,"fund_low_adv20,fund_small_mcap",1,macd_sell_like,False,False,True,False,False,False,False,False,False,2235.T,,3553.0,23.940542,,148.40933,,,,,,True,,,False,,,
5,True,74.57006270565593,True,True,False,False,0.3722107398475578,1434.0,1434.0,48823208.25,48.82320825,1450.4749755859375,0.9886416685132522,-0.13020814564244731,0.07682630409986158,11.81223794728627,0.8237264956266576,0.0,0.0,17.4534217356096,40.85291204782827,16.783947894824976,"fund_low_adv20,fund_small_mcap",0,,False,False,False,False,False,False,False,False,False,2236.T,,1434.0,22.81537,,62.852367,,,,,,True,,,False,,,
5,True,43.71980676328502,False,False,True,True,0.4815308111969538,115100.0,115100.0,100220495.0,100.220495,124300.0,0.9259855189058729,-0.1673543124336836,0.11111234921663526,2142.1845562415997,1.86115078735152,-0.07401448109412712,-0.07401448109412712,27.173864966114863,28.137206329225567,35.1007886833438,"fund_neg_eps,fund_low_adv20,fund_small_mcap",2,macd_sell_like;di_bear,False,False,True,False,False,False,True,False,False,2237.T,,115100.0,,,,,,,,,True,,,False,,,
2,False,55.507559395248386,True,False,False,True,0.4503089319005124,5432.0,5432.0,25564532.6,25.5645326,6758.0,0.80378810298905,-0.315879618301933,-0.06724202768395438,52.69778322600864,0.9701359209500854,0.0,-0.13157474020783377,17.836870222544942,38.784677807405316,29.62206903400133,"fund_neg_eps,fund_low_adv20,fund_small_mcap",1,trend_break,True,False,False,False,False,False,False,False,False,2238.T,,5432.0,,,,,,,,,True,,,False,,,
5,True,43.83860414394766,False,False,True,True,0.49160394694102616,25025.0,25025.0,32445490.25,32.44549025,26725.0,0.9363891487371375,-0.18085106382978722,0.11061676398894482,444.4405899650745,1.775986373486811,-0.06361085126286248,-0.06361085126286248,27.82398607455622,28.966940334412083,40.60255557265846,"fund_neg_eps,fund_low_adv20,fund_small_mcap",2,macd_sell_like;di_bear,False,False,True,False,False,False,True,False,False,2239.T,,25025.0,,,,,,,,,True,,,False,,,
2,False,55.25362318840579,True,True,False,True,0.46889158956817617,5505.0,5505.0,1195476.55,1.19547655,6800.0,0.8095588235294118,-0.33059788980070337,-0.067288248594367,57.731972363582386,1.0487188440251114,0.0,-0.13197729422894988,18.12459430458084,33.391059365914465,33.616730964008354,"fund_neg_eps,fund_low_adv20,fund_small_mcap",1,trend_break,True,False,False,False,False,False,False,False,False,2240.T,,5505.0,,,,,,,,,True,,,False,,,
5,True,64.35429405792168,False,False,True,False,0.4107092565185559,903.7999877929688,903.7999877929688,20572711.455444336,20.572711455444335,915.9000244140625,0.9867889111272438,-0.13183184938099124,0.10367853491391132,8.85578946657073,0.9798395204890514,-0.013211088872756238,-0.013211088872756238,24.668207785555175,35.90251329828719,26.316047557432203,"fund_low_adv20,fund_small_mcap",1,macd_sell_like,False,False,True,False,False,False,False,False,False,2241.T,,903.8,28.877249,,31.297995,,,,,,True,,,False,,,
4,True,58.60147514654282,False,False,True,True,0.4104054571243908,654.9000244140625,654.9000244140625,13688563.3152771,13.688563315277099,665.0999755859375,0.98466403315849,-0.10793551902607301,0.052108579191652016,6.508075559231815,0.9937510026900023,-0.015335966841509951,-0.015335966841509951,13.127023829529573,32.09106130845975,31.68573836395391,"fund_neg_eps,fund_low_adv20,fund_small_mcap",1,macd_sell_like,False,False,True,False,False,False,False,False,False,2242.T,,654.9,,,,,,,,,True,,,False,,,
4,True,55.89653660675142,False,False,True,False,0.5190729554275978,4748.0,4748.0,2964367560.7,2964.3675607,5261.0,0.9024900209085726,-0.28576917864037144,0.613044887819274,187.89457795667613,3.9573415744877027,-0.09750997909142745,-0.09750997909142745,34.22882894953131,37.53886645288021,34.02870584252146,fund_small_mcap,3,macd_sell_like;trailing_stop;ext_dev200;natr_spike,False,False,True,False,True,True,False,False,True,2243.T,,4748.0,46.043034,,103.12092,,,,,,True,,,False,,,
5,True,46.9620253164557,False,False,True,True,0.5039768055509837,3447.0,3447.0,739307864.2,739.3078642,3710.0,0.92911051212938,-0.14802224969097655,0.12609890199639984,66.23244747642485,1.9214519140245097,-0.07088948787062,-0.07088948787062,33.20508203383747,32.0483412393688,38.17518372245413,fund_small_mcap,2,macd_sell_like;di_bear,False,False,True,False,False,False,True,False,False,2244.T,,3447.0,32.933567,,104.66525,,,,,,True,,,False,,,
3,False,51.52123483226267,False,False,True,False,0.1957500142334201,708.9000244140625,708.9000244140625,80759.14947509766,0.08075914947509766,743.3857421875,0.9536099284444719,-0.05912960392670097,-0.011215417282805507,5.25424767134335,0.7411831697546096,-0.02031502441659383,-0.02031502441659383,13.19550403432724,43.658387988336415,51.47952702404851,"fund_neg_eps,fund_low_adv20,fund_small_mcap",3,trend_break;cross_sma25_down;macd_sell_like,True,True,True,False,False,False,False,False,False,2245.T,,708.9,,,,,,,,,True,,,False,,,
3,False,43.91049037552186,False,False,True,False,0.2432303777278699,708.9000244140625,708.9000244140625,86257.20065307617,0.08625720065307617,741.7349853515625,0.9557322202862831,-0.05513896383864303,-0.009504925956689392,5.470001875638382,0.7716182377281737,-0.011435467593635673,-0.011435467593635673,52.024835263986446,11.647086479898372,82.3119795356652,"fund_neg_eps,fund_low_adv20,fund_small_mcap",2,trend_break;di_bear,True,False,False,False,False,False,True,False,False,2246.T,,708.9,,,,,,,,,True,,,False,,,
6,True,49.06832298136646,False,False,True,True,0.4500992741554439,2219.0,2219.0,49742623.95,49.74262395,2287.0,0.9702667249672059,-0.9121336448837554,0.11453416695850316,20.76731927666752,0.9358864027340028,-0.029733275032794104,-0.029733275032794104,32.96350011032206,34.14675538106352,31.672106583429265,"fund_neg_eps,fund_low_adv20,fund_small_mcap",1,macd_sell_like,False,False,True,False,False,False,False,False,False,2247.T,,2219.0,,,,,,,,,True,,,False,,,
5,True,43.881856540084385,False,False,True,True,0.4777083269193179,2658.0,2658.0,34993500.5,34.9935005,2749.0,0.9668970534739906,-0.9536359644659669,0.06297416210813211,23.136370122434343,0.8704428187522326,-0.033102946526009425,-0.033102946526009425,29.450903283487815,34.763622324544365,35.91365418071175,"fund_neg_eps,fund_low_adv20,fund_small_mcap",2,macd_sell_like;di_bear,False,False,True,False,False,False,True,False,False,2248.T,,2658.0,,,,,,,,,True,,,False,,,
2,False,55.784865540963104,True,False,True,True,0.48042117714885557,10185.0,10185.0,65732273.4,65.7322734,15706.5986328125,0.6484535728010912,-0.5472447853152282,-0.13673229857253033,173.84800709850762,1.7069023770103842,-0.0004906771344455052,-0.24889380530973448,25.26540203378809,38.624037915065095,34.58813476190065,"fund_neg_eps,fund_low_adv20,fund_small_mcap",1,trend_break,True,False,False,False,False,False,False,False,False,2249.T,,10185.0,,,,,,,,,True,,,False,,,
6,True,50.54793684449914,False,True,False,False,0.2467457425952101,351.8999938964844,351.8999938964844,437322.4474182129,0.4373224474182129,380.0,0.9260526155170642,-0.13308846260475593,0.12788390851957354,9.269399340239296,2.6341004549622133,-0.07394738448293581,-0.07394738448293581,34.936100035012764,28.35503749617744,15.325388889210053,"fund_low_adv20,fund_small_mcap",2,macd_sell_like;vol_distribution,False,False,True,False,False,False,False,True,False,2250.T,,351.9,18.371054,,19.155134,,,,,,True,,,False,,,
7,True,36.52174836067966,False,False,True,True,0.2700549329289041,886.5,886.5,105272073.9638977,105.27207396389771,904.7000122070312,0.9798828208671823,-0.04493283002804482,0.05325126595948815,7.135415226822324,0.80489737471205,-0.020117179132817742,-0.020117179132817742,30.535809612215328,30.529657793578124,20.678559533056177,"fund_neg_eps,fund_low_adv20,fund_small_mcap",1,cross_sma25_down,False,True,False,False,False,False,False,False,False,2251.T,,886.5,,,,,,,,,True,,,False,,,
5,True,72.3076923076923,False,False,True,True,0.35450237273065094,1412.0,1412.0,5384036.05,5.38403605,1430.0,0.9874125874125874,-0.1803134345743569,0.09463562146826443,15.536649549040105,1.1003292881756448,-0.012587412587412583,-0.012587412587412583,26.961573728678975,36.527577809447855,22.053724780868556,"fund_low_adv20,fund_small_mcap",1,rsi_reversal,False,False,False,True,False,False,False,False,False,2252.T,,1412.0,20.445953,,69.06012,,,,,,True,,,False,,,
7,True,49.51668280658509,False,False,True,True,0.35807256107905844,1308.0,1308.0,12338995.2,12.3389952,1334.0,0.9805097451274363,-0.13405533985129592,0.1003219503730528,11.844678209221298,0.9055564380138607,-0.019490254872563728,-0.019490254872563728,15.76560636387786,19.967035783587143,26.117506072492304,"fund_low_adv20,fund_small_mcap",0,,False,False,False,False,False,False,False,False,False,2253.T,,1308.0,12.9587345,,100.93578,,,,,,True,,,False,,,
2,False,22.115384615384613,False,True,False,True,0.45482586847773404,1192.0,1192.0,46224626.15,46.22462615,1387.0,0.859408795962509,-0.22702702702702704,-0.012231098147104658,32.011773258192115,2.685551447834909,-0.11703703703703705,-0.14059120403749104,20.38079339957369,12.259898352308834,30.96196179134878,"fund_low_adv20,fund_small_mcap",5,trend_break;macd_sell_like;trailing_stop;di_bear;vol_distribution,True,False,True,False,True,False,True,True,False,2254.T,,1192.0,28.318813,,42.09216,,,,,,True,,,False,,,
6,True,74.16661580403645,False,False,True,True,0.41611492312205933,209.39999389648438,209.39999389648438,38026384.66165161,38.02638466165161,214.83209228515625,0.9747146791203727,-0.15441865381393505,0.02247983555048272,1.2898435662276853,0.6159711575088735,-0.005225682201974502,-0.009460738210708475,21.98530144498733,36.5301196964521,26.90895799972678,"fund_neg_eps,fund_low_adv20,fund_small_mcap",1,rsi_reversal,False,False,False,True,False,False,False,False,False,2255.T,,209.4,,,,,,,,,True,,,False,,,
6,True,67.34692924272716,False,False,True,True,0.3626896937069755,225.39999389648438,225.39999389648438,28217130.337280273,28.217130337280274,225.6999969482422,0.9986707884102161,-0.08640465308887102,0.036259074585591966,1.6653480238498082,0.7388412018389957,-0.0013292115897839407,-0.0013292115897839407,44.61355841898874,56.40160149366381,13.437407658240396,"fund_neg_eps,fund_low_adv20,fund_small_mcap",0,,False,False,False,False,False,False,False,False,False,2256.T,,225.4,,,,,,,,,True,,,False,,,
5,True,71.08436835874018,False,False,False,True,0.36118752801108195,227.5,227.5,16951065.54763031,16.95106554763031,227.8000030517578,0.9986830419326655,-0.08273275844469552,0.03874719813196936,0.9601224032530786,0.4220318256057488,-0.0013169580673344505,-0.0013169580673344505,17.918728965251265,28.475413646500886,19.797568660307917,"fund_neg_eps,fund_low_adv20,fund_small_mcap",0,,False,False,False,False,False,False,False,False,False,2257.T,,227.5,,,,,,,,,True,,,False,,,
6,True,80.00015258905478,False,True,False,True,0.28930595684266025,229.1999969482422,229.1999969482422,11731159.223762512,11.731159223762512,229.1999969482422,1.0,-0.07310748053659744,0.05068944069706727,0.8312713103196493,0.3626838225950616,0.0,0.0,33.39140784114519,34.84976621638547,12.976228469898768,"fund_low_adv20,fund_small_mcap",0,,False,False,False,False,False,False,False,False,False,2258.T,,229.2,11.687616,,19.6105,,,,,,True,,,False,,,
3,False,51.6666369968745,False,False,True,True,0.30552128783009463,185.1999969482422,185.1999969482422,23289958.732055664,23.289958732055663,190.94590759277344,0.969908176001418,-0.06431893761315421,-0.006496941826126146,0.8551171495049095,0.46172633023524773,-0.010155045928872064,-0.010155045928872064,14.128776673654192,30.295735756270137,31.85306542057942,"fund_neg_eps,fund_low_adv20,fund_small_mcap",2,trend_break;macd_sell_like,True,False,True,False,False,False,False,False,False,2259.T,,185.2,,,,,,,,,True,,,False,,,
5,True,79.37625754527163,True,False,True,False,0.42980567355006605,5268.0,5268.0,2892290385.0,2892.290385,5286.0,0.996594778660613,-0.15329626687847497,0.3069048729745312,184.07662544063166,3.494241181485035,-0.0034052213393870323,-0.0034052213393870323,22.753545749692687,29.408353535076987,14.139373660430818,,0,ext_dev200,False,False,False,False,False,True,False,False,False,2264.T,,5268.0,19.091799,1.5494308,275.93,3399.958,425094053888.0,1778653800.0,1785997800.0,1785997800.0,True,,,True,1785997800.0,2026-08-06,41.0
2,False,41.007194244604314,False,False,True,False,0.23928996398729588,1047.0,1047.0,42003435.0,42.003435,1286.9202880859375,0.8135702029822097,-0.2756083521065614,-0.11534959613687024,18.801152294515703,1.7957165515296754,-0.050770625566636474,-0.11720067453625638,37.10007580797517,13.882941726867987,25.947934591524575,"fund_low_adv20,fund_small_mcap",2,trend_break;di_bear,True,False,False,False,False,False,True,False,False,2266.T,,1047.0,13.723948,0.60869366,76.29,1720.077,20398514176.0,,1754633700.0,1754633700.0,True,,,False,1754633700.0,2025-08-08,-218.0
6,True,43.870014771048744,False,False,True,True,0.35389042907362517,2682.0,2682.0,3401160197.5,3401.1601975,3087.0,0.8688046647230321,-0.3088608494516356,0.06600681794002972,86.54876290917774,3.227023225547269,-0.04589114194236932,-0.13119533527696792,13.234293395140282,21.351329687982215,23.48480537053821,,0,,False,False,False,False,False,False,False,False,False,2267.T,,2682.0,17.785145,1.2923564,150.8,2075.279,781206355968.0,1778567400.0,1785220200.0,1785220200.0,True,,,True,1785220200.0,2026-07-28,34.0
6,True,58.69565217391305,True,False,True,False,0.27047907285640777,4135.0,4135.0,31885275.0,31.885275,4290.77978515625,0.9636942949868547,-0.1153033448469295,0.020339865704305238,25.35676516764051,0.6132228577422131,-0.0012077294685990392,-0.0012077294685990392,31.246737050671086,30.243929526688007,12.915846741689277,fund_low_adv20,1,natr_spike,False,False,False,False,False,False,False,False,True,2268.T,,4135.0,22.511978,2.7204823,183.68,1519.951,39844184064.0,,1752732000.0,1753164000.0,True,,,False,1752732000.0,2025-07-17,-234.0
7,True,54.370629370629366,True,False,True,False,0.553462333127606,3763.0,3763.0,4050969660.0,4050.96966,4022.0,0.935604177026355,-0.18812220189603723,0.09285396981701322,80.68731855347896,2.1442285026170333,-0.013113034356149966,-0.06439582297364499,12.074900702907698,23.277803168664768,19.856537764601544,,0,,False,False,False,False,False,False,False,False,False,2269.T,,3763.0,29.033253,1.3204459,129.61,2849.795,1020156641280.0,1785911400.0,1785911400.0,1785911400.0,True,,,True,1785911400.0,2026-08-05,40.0
5,True,67.51592356687897,True,False,False,False,0.36047164710400303,3755.0,3755.0,1036801725.0,1036.801725,3755.0,1.0,-0.10893856967894977,0.21018786179642146,102.89248288168699,2.7401460154909985,0.0,0.0,25.008616017512534,36.51695389263179,11.14277750863663,,0,ext_dev200,False,False,False,False,False,True,False,False,False,2270.T,,3755.0,7.1541524,0.9628185,524.87,3900.008,227467984896.0,1786084200.0,1786084200.0,1786084200.0,True,,,True,1786084200.0,2026-08-07,42.0
4,False,35.98615916955018,True,False,True,True,0.4521708903474513,2375.0,2375.0,220983560.0,220.98356,2872.4140625,0.8268306547465247,-0.20345745765892687,-0.06283044562481199,49.07522252902325,2.0663251591167686,-0.05265257279617075,-0.1616660783621603,32.04385546629524,21.31426130999419,27.245784209989903,,2,trend_break;di_bear,True,False,False,False,False,False,True,False,False,2281.T,,2375.0,26.004599,0.97903746,91.33,2425.852,119373078528.0,,1753765200.0,1754283600.0,True,,,True,1753765200.0,2025-07-29,-226.0
4,False,44.64153732446415,True,False,True,False,0.4501999387665611,6085.0,6085.0,3753902260.0,3753.90226,7411.0,0.8210767777627851,-0.21279179597895026,-0.03949526788438351,161.03187265385688,2.6463742424627257,-0.04037218104399942,-0.1789232222372149,23.61513010347305,20.626479666487306,27.6379789738947,,2,trend_break;di_bear,True,False,False,False,False,False,True,False,False,2282.T,,6085.0,16.852222,1.0667896,361.08,5704.03,572802007040.0,1778221800.0,1785479400.0,1785479400.0,True,,,True,1785479400.0,2026-07-31,37.0
6,True,48.73949579831933,True,False,True,True,0.4831220565138505,850.0,850.0,25719405.0,25.719405,977.2484741210938,0.8697890275699464,-0.15169987781707583,0.11707156269577679,23.636533228964616,2.780768615172308,-0.05973451327433632,-0.13021097243005364,21.57842865395333,19.982843905592407,28.944621374984976,"fund_low_adv20,fund_small_mcap",1,di_bear,False,False,False,False,False,False,True,False,False,2286.T,,850.0,5.5313334,0.5124594,153.67,1658.668,6941304832.0,,1754546400.0,1754892000.0,True,,,False,1754546400.0,2025-08-07,-219.0
7,True,48.186528497409334,True,False,True,False,0.360503366838734,2227.0,2227.0,206501365.0,206.501365,2443.0,0.9115841178878428,-0.12074748858835749,0.052799776047923075,46.61078709769286,2.092985500569953,-0.02878325337985177,-0.08841588211215723,11.508822008455764,20.68522286353819,19.87921445554839,,0,,False,False,False,False,False,False,False,False,False,2288.T,,2227.0,5.56931,0.71546865,399.87,3112.645,53848698880.0,,1754373600.0,1754978400.0,True,,,True,1754373600.0,2025-08-05,-221.0
0,False,6.410256410256409,False,False,True,False,0.6808553146334149,485.0,485.0,2549565.0,2.549565,1106.0,0.4385171790235081,-0.5614828209764919,-0.31671855848748254,9.784808998289225,2.0174863913998404,-0.1415929203539823,-0.22647527910685805,64.2987831577491,4.039311309624786,45.246814137081905,"fund_neg_eps,fund_low_adv20,fund_small_mcap",4,trend_break;trailing_stop;di_bear;natr_spike,True,False,False,False,True,False,True,False,True,2291.T,,485.0,-3.1288303980388363,0.65067136,-155.01,745.384,1618218496.0,,1747119600.0,1747119600.0,True,,,False,1747119600.0,2025-05-13,-281.0
2,False,27.135678391959786,False,False,True,True,0.5649889755385574,2637.0,2637.0,268224455.0,268.224455,3220.0,0.818944099378882,-0.2003105590062112,-0.04908633537347762,48.51382980164126,1.8397356769678141,-0.07180570221752902,-0.1548076923076923,44.3762911292392,14.143901314138644,32.044909940859945,,2,trend_break;di_bear,True,False,False,False,False,False,True,False,False,2292.T,,2637.0,9.041969,0.6323116,291.64,4170.412,83522453504.0,,1752127200.0,1752472800.0,True,,,True,1752127200.0,2025-07-10,-239.0
4,False,41.49659863945578,True,True,False,True,0.6055362702400013,2660.0,2660.0,1368590.0,1.36859,3035.0,0.8764415156507414,-0.18506493506493504,-0.028404556271265036,23.47977555329688,0.8826983290713112,-0.009310986964618295,-0.12355848434925865,18.81457747905693,39.00495969408306,23.583250797853196,"fund_neg_eps,fund_low_adv20,fund_small_mcap",1,trend_break,True,False,False,False,False,False,False,False,False,2293.T,,2660.0,-23.733047822983583,1.636917,-112.08,1625.006,5462392320.0,,1747200600.0,1747200600.0,True,,,False,1747200600.0,2025-05-14,-280.0
3,False,51.92307692307693,True,False,True,True,0.4350476071382966,2529.0,2529.0,71395100.0,71.3951,2983.3056640625,0.8477173594596231,-0.17440575075165998,-0.04825412992829603,35.74043551821243,1.4132240220724566,-0.020905923344947785,-0.15228264054037688,47.62589113600751,12.823220640670051,26.485516039691763,"fund_low_adv20,fund_small_mcap",2,trend_break;di_bear,True,False,False,False,False,False,True,False,False,2294.T,,2529.0,34.955082,1.5966755,72.35,1583.916,24222466048.0,,1749537000.0,1749537000.0,True,,,False,1749537000.0,2025-06-10,-261.0
2,False,44.11764705882353,True,False,True,True,0.6864417469243169,4845.0,4845.0,956617425.0,956.617425,6369.50927734375,0.7606551445389353,-0.2668194994846588,-0.12555418235907734,91.87151083455922,1.896212813922791,-0.026130653266331683,-0.1943800421477353,47.80142599076759,17.951581476437735,29.007112641322912,,2,trend_break;di_bear,True,False,False,False,False,False,True,False,False,2296.T,,4845.0,13.596183,0.93266934,356.35,5194.767,274956517376.0,1777617000.0,1777617000.0,1777617000.0,True,,,True,1777617000.0,2026-05-01,-28.0
4,False,37.5,False,True,False,True,0.37932873962025543,493.0,493.0,713230.0,0.71323,528.4689331054688,0.9328835984794018,-0.12085798235557055,-0.02731257887356575,3.3718388192595166,0.6839429653670419,-0.01988071570576544,-0.023762376237623783,16.14812718957653,19.289566596993055,23.817843305943864,"fund_low_adv20,fund_small_mcap",1,trend_break,True,False,False,False,False,False,False,False,False,2300.T,,493.0,48.09756,0.8033097,10.25,613.711,2593670912.0,,1744693200.0,1744693200.0,True,,,False,1744693200.0,2025-04-15,-301.0
2,False,37.68115942028985,False,False,False,True,0.4599859233403102,1531.0,1531.0,148226850.0,148.22685,1856.578125,0.8246353759015662,-0.2940840852822645,-0.08446337804913817,29.115319780931326,1.9017191235095574,-0.04252657911194502,-0.08051223186605483,22.490214811539307,21.485386491684647,34.15753547985774,"fund_low_adv20,fund_small_mcap",3,trend_break;macd_sell_like;di_bear,True,False,True,False,False,False,True,False,False,2301.T,,1531.0,11.847095,1.4718889,129.23,1040.16,20545583104.0,,1749448800.0,1749448800.0,True,,,False,1749448800.0,2025-06-09,-262.0
3,False,39.454890100831044,False,False,True,False,0.27271910688597445,1259.0,1259.0,33696060.0,33.69606,1501.618408203125,0.8384287200544854,-0.1915389466670807,-0.012167911040920631,56.226566832405965,4.465970360000473,-0.09768819589483668,-0.16157127994551457,18.916677858953932,17.081534472540465,27.933591664106444,"fund_low_adv20,fund_small_mcap",2,trend_break;trailing_stop,True,False,False,False,True,False,False,False,False,2303.T,,1259.0,17.883522,2.6242561,70.4,479.755,7485243392.0,,1744261200.0,1744261200.0,True,,,False,1744261200.0,2025-04-10,-304.0
3,False,23.913043478260875,False,False,True,True,0.4450296268847582,915.0,915.0,3854845.0,3.854845,1025.36376953125,0.8923662286393215,-0.163742629682877,-0.03904380366289617,9.18906815251117,1.004269743443844,-0.02969247083775184,-0.05377456049638052,22.78349350371574,15.033564400138566,28.626344470159072,"fund_low_adv20,fund_small_mcap",2,trend_break;di_bear,True,False,False,False,False,False,True,False,False,2304.T,,915.0,6.7923684,1.3529699,134.71,676.29,4539216384.0,,1754982000.0,1755500400.0,True,,,False,1754982000.0,2025-08-12,-216.0
3,False,71.53846153846155,True,False,True,True,0.43330913281197225,1814.0,1814.0,52874880.0,52.87488,2115.2587890625,0.8575782827991366,-0.1797693932433836,-0.07264524835952801,23.209819938729137,1.2794829073169316,0.0,-0.09163745618427643,27.282926771414303,21.594120963640854,20.47440826584099,fund_low_adv20,1,trend_break,True,False,False,False,False,False,False,False,False,2305.T,,1814.0,26.481752,1.0191755,68.5,1779.87,30808649728.0,,1752042600.0,1752474600.0,True,,,False,1752042600.0,2025-07-09,-240.0
3,False,56.09756097560975,True,False,False,False,0.4429490219838432,947.0,947.0,34926235.0,34.926235,1182.88134765625,0.8005874823171207,-0.3001126863084891,-0.06328523022509869,21.83438357859432,2.3056371255115438,-0.0021074815595363283,-0.05110220440881763,18.143203471027615,25.058362110608716,16.62644421130065,"fund_low_adv20,fund_small_mcap",1,trend_break,True,False,False,False,False,False,False,False,False,2307.T,,947.0,8.775019,1.9916297,107.92,475.49,13254306816.0,,1754289000.0,1754634600.0,True,,,False,1754289000.0,2025-08-04,-222.0
4,False,38.70967741935485,False,False,True,True,0.42447832962408316,785.0,785.0,14475770.0,14.47577,889.3348999023438,0.8826821033181081,-0.13925441478655043,-0.027701306446084373,13.314178883813609,1.6960737431609691,-0.05649038461538458,-0.07100591715976334,18.114824224098708,18.611879419649693,23.69668896488688,"fund_low_adv20,fund_small_mcap",1,trend_break,True,False,False,False,False,False,False,False,False,2311.T,,785.0,16.53676,1.5254804,47.47,514.592,7027894784.0,,1754460000.0,1754978400.0,True,,,False,1754460000.0,2025-08-06,-220.0
0,False,29.16666666666667,False,True,False,False,0.44514915457622334,55.0,55.0,116613960.0,116.61396,167.0,0.32934131736526945,-0.6706586826347305,-0.40553393860786857,3.3858913480634345,6.156166087388063,-0.17910447761194026,-0.36046511627906974,32.03088251435963,10.826755007589242,32.025475030014135,"fund_low_adv20,fund_small_mcap",5,trend_break;macd_sell_like;trailing_stop;di_bear;vol_distribution,True,False,True,False,True,False,True,True,False,2315.T,,55.0,45.081966,2.353243,1.22,23.372,9275003904.0,,1749794400.0,1749794400.0,True,,,False,1749794400.0,2025-06-13,-258.0
2,False,39.473684210526315,False,False,True,True,0.5305828776987214,412.0,412.0,514431050.0,514.43105,527.7279052734375,0.7807053519114664,-0.23977694952311357,-0.11582823157438182,10.090360645893607,2.4491166616246622,-0.030588235294117694,-0.07415730337078652,7.789146541598428,18.7661773593436,25.48496511187827,,2,trend_break;macd_sell_like,True,False,True,False,False,False,False,False,False,2317.T,,412.0,4.5374446,3.7180426,90.8,110.811,147271811072.0,1778653800.0,1785393000.0,1785393000.0,True,,,True,1785393000.0,2026-07-30,36.0
1,False,30.612244897959187,False,False,True,True,0.385625283468826,139.0,139.0,25556950.0,25.55695,410.0,0.33902439024390246,-0.6609756097560975,-0.32440642542953657,7.9957857467200295,5.752363846561172,-0.1871345029239766,-0.6609756097560975,52.69415809886639,8.078238155195864,29.969808931222985,"fund_neg_eps,fund_low_adv20,fund_small_mcap",3,trend_break;trailing_stop;di_bear,True,False,False,False,True,False,True,False,False,2321.T,,139.0,-72.02072538860104,3.9769964,-1.93,34.951,7226235392.0,,1747202400.0,1747202400.0,True,,,False,1747202400.0,2025-05-14,-280.0
2,False,35.07462686567165,False,False,True,False,0.47657621344464984,310.0,310.0,50703705.0,50.703705,454.0,0.6828193832599119,-0.31718061674008813,-0.02243151819757172,24.863940344274276,8.020625917507832,-0.2807424593967517,-0.2807424593967517,20.255360980301322,15.886408307487724,33.847265423022385,"fund_low_adv20,fund_small_mcap",4,trend_break;macd_sell_like;trailing_stop;di_bear,True,False,True,False,True,False,True,False,False,2323.T,,310.0,15.5544405,4.610968,19.93,67.231,6510603776.0,,1755068400.0,1755500400.0,True,,,False,1755068400.0,2025-08-13,-215.0
1,False,45.08928571428571,False,False,True,False,0.2787619427033186,5010.0,5010.0,172233375.0,172.233375,6608.3818359375,0.7581281052427647,-0.33039583518977367,-0.018536056662761036,145.78224020071454,2.909825153706877,-0.06355140186915886,-0.06355140186915886,15.336378644141227,30.321287328977576,23.515261218548535,fund_low_adv20,1,trend_break,True,False,False,False,False,False,False,False,False,2325.T,,5010.0,21.844341,1.5785732,229.35,3173.752,47710789632.0,,1754971200.0,1755489600.0,True,,,False,1754971200.0,2025-08-12,-216.0
1,False,27.39726027397259,True,False,True,True,0.33651648903404424,3625.0,3625.0,988916000.0,988.916,7974.9345703125,0.45454918382583714,-0.5454508161741629,-0.4084608610357733,185.47574641252677,5.116572314828325,-0.16666666666666663,-0.40082644628099173,30.33833453148354,17.301896942332025,37.2229340520982,,3,trend_break;trailing_stop;di_bear,True,False,False,False,True,False,True,False,False,2326.T,,3625.0,14.601039,2.641108,248.27,1372.53,48625332224.0,1778135400.0,1785393000.0,1785393000.0,True,,,True,1785393000.0,2026-07-30,36.0
0,False,29.14285714285714,False,False,True,True,0.5085893022959371,3256.0,3256.0,812852430.0,812.85243,4596.287109375,0.7083978703938598,-0.2916021296061402,-0.1383702176405538,104.46656572433591,3.208432608241275,-0.11062551215514882,-0.1670503965208493,35.4998166703767,11.033307736791748,36.30837727294994,,4,trend_break;macd_sell_like;trailing_stop;di_bear,True,False,True,False,True,False,True,False,False,2327.T,,3256.0,19.313128,2.133887,168.59,1525.854,595787448320.0,1777271400.0,1777271400.0,1777271400.0,True,,,True,1777271400.0,2026-04-27,-32.0
0,False,29.6875,False,False,True,False,0.545791965973395,538.0,538.0,27579050.0,27.57905,696.6480712890625,0.7722694171886479,-0.25796276384170913,-0.13434009398757807,10.18079100028058,1.8923403346246432,-0.11513157894736847,-0.1735598156151451,48.73333317697461,14.325925420926925,36.39078813274168,fund_low_adv20,3,trend_break;trailing_stop;di_bear,True,False,False,False,True,False,True,False,False,2329.T,,538.0,10.63031,0.8622832,50.61,623.925,74026090496.0,,1747377000.0,1747377000.0,True,,,False,1747377000.0,2025-05-16,-278.0
2,False,39.99999999999999,True,False,True,False,0.5347193264546457,72.0,72.0,47582880.0,47.58288,292.0,0.2465753424657534,-0.7568493150684932,-0.5663173111673292,4.752578920898367,6.6008040568032875,-0.16279069767441856,-0.42400000000000004,21.556945355491486,23.918552171371093,24.122340225043786,"fund_low_adv20,fund_small_mcap",3,trend_break;trailing_stop;di_bear,True,False,False,False,True,False,True,False,False,2330.T,,72.0,7.079646,1.0082197,10.17,71.413,3138572800.0,,1754979300.0,1755497700.0,True,,,False,1754979300.0,2025-08-12,-216.0
2,False,30.31161473087819,False,False,True,False,0.47925177645679645,1080.5,1080.5,1946666657.5,1946.6666575,1304.5,0.8282866998850135,-0.18397853583748558,-0.07368520892004005,25.164702146761194,2.328986778969106,-0.08120748299319724,-0.17171330011498653,22.46803316991597,19.771244020564758,31.50697774041068,,3,trend_break;trailing_stop;di_bear,True,False,False,False,True,False,True,False,False,2331.T,,1080.5,15.766818,1.3687316,68.53,789.417,525092028416.0,1778567400.0,1785825000.0,1785825000.0,True,,,True,1785825000.0,2026-08-04,39.0
7,True,37.04735376044569,False,False,True,False,0.30578158135873806,1671.0,1671.0,155356490.0,155.35649,2031.0,0.8227474150664698,-0.26269529045143036,0.04194886342449755,110.94232517301552,6.6392773891690915,-0.17725258493353024,-0.17725258493353024,29.1360182368725,27.317680325784178,26.588932397695153,"fund_low_adv20,fund_small_mcap",2,macd_sell_like;trailing_stop,False,False,True,False,True,False,False,False,False,2332.T,,1671.0,10.969605,1.1488887,152.33,1454.449,8567262208.0,,1747209600.0,1747209600.0,True,,,False,1747209600.0,2025-05-14,-280.0
3,True,56.09195402298851,False,False,False,False,0.5558988753767007,570.0,570.0,2065553805.0,2065.553805,968.0,0.5888429752066116,-0.7210743801652892,0.22719331209237748,56.99756681381836,9.999573125231292,-0.13767019667170954,-0.13767019667170954,30.736901018181655,29.326063411161673,11.81386462930888,"fund_neg_eps,fund_small_mcap",2,trailing_stop;ext_dev200;natr_spike,False,False,False,False,True,True,False,False,True,2334.T,,570.0,-34.96932515337423,9.882793,-16.3,57.676,19549118464.0,,1747204260.0,1747204260.0,True,,,False,1747204260.0,2025-05-14,-280.0
4,False,46.610169491525426,True,False,True,True,0.3958823232357188,1019.0,1019.0,18806940.0,18.80694,1186.4971923828125,0.8588305193993488,-0.1625375458407774,-0.046382661732579544,13.896734168722373,1.3637619400120091,-0.014506769825918808,-0.03320683111954459,12.089980300018164,20.786472487851025,16.968082971398676,"fund_low_adv20,fund_small_mcap",1,trend_break,True,False,False,False,False,False,False,False,False,2335.T,,1019.0,9.8616085,1.3561388,103.33,751.398,15465409536.0,,1754377200.0,1754982000.0,True,,,False,1754377200.0,2025-08-05,-221.0
4,True,20.51282051282051,False,False,True,True,0.4403193319381691,445.0,445.0,443921195.0,443.921195,524.0,0.8492366412213741,-0.1805868615930678,0.03519660359054999,12.899390438747547,2.898739424437651,-0.09919028340080971,-0.1507633587786259,37.487390203774275,10.254922641301071,28.94318446848082,,2,trailing_stop;di_bear,False,False,False,False,True,False,True,False,False,2337.T,,445.0,10.764393,1.5336841,41.34,290.151,175672147968.0,1784097000.0,1784097000.0,1784097000.0,True,,,True,1784097000.0,2026-07-15,25.0
1,False,52.118644067796616,False,False,True,False,0.48367727264572785,111.0,111.0,223326265.0,223.326265,828.0,0.13405797101449277,-0.8864734299516908,-0.6627779803135254,18.383873072031385,16.562047812640888,-0.46116504854368934,-0.46116504854368934,11.97843053287954,28.580758741839507,26.689770219712717,"fund_neg_eps,fund_small_mcap",3,trend_break;macd_sell_like;trailing_stop,True,False,True,False,True,False,False,False,False,2338.T,,111.0,-2.052894396153135,-15.888921,-54.07,-6.986,5453740544.0,,1744614000.0,1744614000.0,True,,,False,1744614000.0,2025-04-14,-302.0
2,False,16.666666666666657,False,False,True,True,0.401099682111695,472.0,472.0,15321485.0,15.321485,501.80487060546875,0.9406046605934559,-0.1485507197708983,-0.01684439818976835,3.124554857442305,0.6619819613225222,-0.01666666666666672,-0.030800821355236097,21.979493332017636,10.409367262166427,13.959574192160643,"fund_low_adv20,fund_small_mcap",2,trend_break;di_bear,True,False,False,False,False,False,True,False,False,2340.T,,472.0,16.619719,3.0406885,28.4,155.228,14972747776.0,,1747722600.0,1747722600.0,True,,,False,1747722600.0,2025-05-20,-276.0
2,False,32.25806451612904,True,False,True,False,0.40662376954234575,156.0,156.0,7632675.0,7.632675,220.0,0.7090909090909091,-0.3136363636363636,-0.1163080396509324,4.985317066677854,3.19571606838324,-0.1567567567567567,-0.2909090909090909,29.419355522008686,16.681531622553337,35.08855431839078,"fund_low_adv20,fund_small_mcap",3,trend_break;trailing_stop;di_bear,True,False,False,False,True,False,True,False,False,2341.T,,156.0,15.11628,0.9997052,10.32,156.046,2853159168.0,,1744266600.0,1744266600.0,True,,,False,1744266600.0,2025-04-10,-304.0
1,False,24.096385542168676,False,False,True,True,0.28879367644809195,210.0,210.0,33140430.0,33.14043,487.0,0.43121149897330596,-0.568788501026694,-0.18380038089315565,10.799840249762017,5.142781071315246,-0.1984732824427481,-0.35779816513761464,20.56415306371741,13.348302084965486,30.505575494735627,"fund_neg_eps,fund_low_adv20,fund_small_mcap",4,trend_break;macd_sell_like;trailing_stop;di_bear,True,False,True,False,True,False,True,False,False,2342.T,,210.0,-45.258620689655174,0.73177874,-4.64,286.972,3497176064.0,,1747133940.0,1747133940.0,True,,,False,1747133940.0,2025-05-13,-281.0
3,False,35.8974358974359,False,True,False,False,0.2986887948902154,208.0,208.0,166707295.0,166.707295,357.0,0.5826330532212886,-0.695364238410596,-0.13244770703426412,19.661124714353953,9.452463804977862,-0.15102040816326534,-0.21804511278195493,20.040118386813546,23.03095945461215,16.146195757422223,"fund_neg_eps,fund_low_adv20,fund_small_mcap",6,trend_break;cross_sma25_down;macd_sell_like;trailing_stop;vol_distribution;natr_spike,True,True,True,False,True,False,False,True,True,2345.T,,208.0,-2.697095435684647,11.0415125,-77.12,18.838,3864622592.0,,1745826300.0,1745826300.0,True,,,False,1745826300.0,2025-04-28,-292.0
2,False,49.90176817288802,False,False,True,False,0.273022402777755,2299.0,2299.0,7842080.0,7.84208,2500.0,0.9196,-0.14745896336070718,-0.012940422398700191,56.48570177691316,2.4569683243546394,-0.07298387096774195,-0.08040000000000003,19.19762346698072,24.024234987952834,28.38073410428849,"fund_low_adv20,fund_small_mcap",2,trend_break;macd_sell_like,True,False,True,False,False,False,False,False,False,2349.T,,2299.0,10.040178,1.0346358,228.98,2222.038,25117857792.0,,1747204200.0,1747204200.0,True,,,False,1747204200.0,2025-05-14,-280.0
2,False,35.260115606936424,False,False,True,False,0.40623578748984895,304.0,304.0,14328425.0,14.328425,455.0,0.6681318681318681,-0.46053280241060135,-0.12280991226669491,20.79526854364656,6.840548863041632,-0.24378109452736318,-0.3318681318681319,18.3455274444366,18.746370086183706,27.156127878993736,"fund_low_adv20,fund_small_mcap",2,trend_break;trailing_stop,True,False,False,False,True,False,False,False,False,2351.T,,304.0,26.974266,0.820256,11.27,370.616,2371772160.0,,1747285200.0,1747285200.0,True,,,False,1747285200.0,2025-05-15,-279.0
3,False,50.0,True,False,False,True,0.4975215564421393,245.0,245.0,372391635.0,372.391635,303.0,0.8085808580858086,-0.2277227722772277,-0.09982731381122101,5.731720756283881,2.339477859707707,-0.02777777777777779,-0.14035087719298245,35.61353220105489,18.9562058098989,27.117092875797262,,2,trend_break;di_bear,True,False,False,False,False,False,True,False,False,2353.T,,245.0,16.055046,3.9086182,15.26,62.682,76477120512.0,,1749191400.0,1749191400.0,True,,,True,1749191400.0,2025-06-06,-263.0
6,True,47.826086956521735,False,False,True,False,0.40158193292409766,885.0,885.0,191728470.0,191.72847,1039.0,0.8517805582290664,-0.2139452547376488,0.14933301079575423,43.78164658196001,4.94707870982599,-0.1482194417709336,-0.1482194417709336,19.516093545819146,25.505959837362262,26.821072071066194,"fund_low_adv20,fund_small_mcap",2,macd_sell_like;trailing_stop,False,False,True,False,True,False,False,False,False,2354.T,,885.0,13.140312,1.9447728,67.35,455.066,15775995904.0,,1743404400.0,1743404400.0,True,,,False,1743404400.0,2025-03-31,-312.0
3,False,37.37373737373737,False,False,True,True,0.37229880125728354,2027.0,2027.0,52164170.0,52.16417,2313.0,0.8763510592304367,-0.14051015996541283,-0.02415609470099156,49.917851675653324,2.462646851290248,-0.03568030447193149,-0.12364894076956334,11.144457795418726,18.207111457767596,19.652791351926645,"fund_low_adv20,fund_small_mcap",1,trend_break,True,False,False,False,False,False,False,False,False,2359.T,,2027.0,10.120326,1.4061497,200.29,1441.525,29120086016.0,,1753684200.0,1754029800.0,True,,,False,1753684200.0,2025-07-28,-227.0
0,False,0.0,False,False,False,False,0.3354819037046989,24.0,24.0,31547560.0,31.54756,41.0,0.5853658536585366,-0.4423076923076923,-0.2440944881889764,1.326557823610164,5.52732426504235,-0.1724137931034483,-0.22580645161290325,35.4346732607653,6.409911645775365,18.47790871316634,"fund_neg_eps,fund_low_adv20,fund_small_mcap",4,trend_break;macd_sell_like;trailing_stop;di_bear,True,False,True,False,True,False,True,False,False,2370.T,,24.0,-5.369127516778524,0.85674506,-4.47,28.013,6694013952.0,,1754546400.0,1754978400.0,True,,,False,1754546400.0,2025-08-07,-219.0
5,True,38.46153846153846,False,False,True,True,0.6061135295890361,3353.0,3353.0,4628923410.0,4628.92341,3528.0,0.9503968253968254,-0.4611285022124587,0.3868324696602299,81.39644385472053,2.4275706488136155,-0.04960317460317465,-0.04960317460317465,56.1875046403287,33.29562866966426,12.129298611033132,,0,ext_dev200,False,False,False,False,False,True,False,False,False,2371.T,,3353.0,35.2428,10.207189,95.14,328.494,663345037312.0,1778221800.0,1785911400.0,1785911400.0,True,,,True,1785911400.0,2026-08-05,40.0
3,False,55.0,False,False,True,True,0.43576412781194823,418.0,418.0,3048720.0,3.04872,577.95849609375,0.7232353236869741,-0.3019179827129266,-0.03296903954032715,7.24928600066222,1.7342789475268467,-0.009478672985781977,-0.06847996626756758,30.403133410885253,13.221084360664111,19.87957750717131,"fund_low_adv20,fund_small_mcap",2,trend_break;di_bear,True,False,False,False,False,False,True,False,False,2373.T,,418.0,14.697609,1.2670083,28.44,329.911,5647063552.0,,1749801600.0,1749801600.0,True,,,False,1749801600.0,2025-06-13,-258.0
1,False,62.96296296296296,False,False,False,True,0.34438941551492114,212.0,212.0,5865600.0,5.8656,306.39239501953125,0.6919231790543818,-0.6676465256934002,-0.06689152982512347,5.023010830904645,2.3693447315587948,-0.01851851851851849,-0.06194690265486724,14.185321693967918,21.06952643245273,15.731834487852058,"fund_low_adv20,fund_small_mcap",1,trend_break,True,False,False,False,False,False,False,False,False,2375.T,,212.0,15.451895,1.5577126,13.72,136.097,4207368960.0,,1749621600.0,1749621600.0,True,,,False,1749621600.0,2025-06-11,-260.0
3,False,82.52427184466019,False,False,True,True,0.14774801535080506,808.0,808.0,3567125.0,3.567125,872.0,0.926605504587156,-0.27064220183486243,0.09993587151672934,22.151500626317166,2.7415223547422234,-0.01703163017031628,-0.07339449541284404,54.16860229242993,47.58340564953109,5.042244222810398,"fund_low_adv20,fund_small_mcap",2,trend_break;rsi_reversal,True,False,False,True,False,False,False,False,False,2376.T,,808.0,90.17857,0.56239915,8.96,1436.702,4531250176.0,,1754547600.0,1754979600.0,True,,,False,1754547600.0,2025-08-07,-219.0
2,False,47.61904761904762,True,False,True,True,0.5549166367030932,994.0,994.0,40596455.0,40.596455,1275.5855712890625,0.7792499557638443,-0.2372130714706031,-0.0785555356714307,13.769445117957584,1.385256048084264,-0.015841584158415856,-0.11708967025508155,22.689665728497964,17.86564532973587,21.38045299379611,"fund_neg_eps,fund_low_adv20,fund_small_mcap",2,trend_break;di_bear,True,False,False,False,False,False,True,False,False,2378.T,,994.0,-8.840270366417645,1.940508,-112.44,512.237,18802446336.0,,1754461800.0,1754980200.0,True,,,False,1754461800.0,2025-08-06,-220.0
1,False,61.502347417840376,True,False,True,True,0.4980189886700251,1781.0,1781.0,575887605.0,575.887605,2398.1064453125,0.7426692853777456,-0.2945976848168971,-0.134925764398941,33.37120301914768,1.8737340269032947,-0.0016816143497757619,-0.165807962529274,38.05099788898954,17.67724180285894,24.017212236409733,,2,trend_break;di_bear,True,False,False,False,False,False,True,False,False,2379.T,,1781.0,15.65852,2.5082529,113.74,710.056,93244129280.0,1783665000.0,1783665000.0,1783665000.0,True,,,True,1783665000.0,2026-07-10,22.0
4,True,30.0,False,False,True,False,0.3010182980248074,4560.0,4560.0,622436725.0,622.436725,5020.0,0.9083665338645418,-0.1087533080865517,0.1750332480159298,151.45477491936862,3.32137664296861,-0.0916334661354582,-0.0916334661354582,28.66913199269436,23.99039578514802,16.630501891027,,1,trailing_stop,False,False,False,False,True,False,False,False,False,2384.T,,4560.0,15.377871,1.7844522,296.53,2555.406,181111193600.0,,1754452800.0,1754971200.0,True,,,True,1754452800.0,2025-08-06,-220.0
5,True,52.17391304347826,False,False,True,True,0.33481670731382995,245.0,245.0,17745130.0,17.74513,312.0,0.7852564102564102,-0.2844036366616446,0.06609808102345416,5.328988366754459,2.1750972925528402,-0.0684410646387833,-0.0684410646387833,14.887847914264283,14.8606530553314,19.06515165394683,"fund_low_adv20,fund_small_mcap",0,,False,False,False,False,False,False,False,False,False,2385.T,,245.0,36.89759,1.0436012,6.64,234.764,6408758272.0,,1755064800.0,1755496800.0,True,,,False,1755064800.0,2025-08-13,-215.0
0,False,25.0,False,False,True,False,0.3700742221663522,38.0,38.0,6415335.0,6.415335,115.0,0.33043478260869563,-0.6695652173913044,-0.4029850746268656,1.9763022555922167,5.200795409453201,-0.22448979591836737,-0.41538461538461535,61.53836364472946,6.208650925350925,37.9642400839935,"fund_neg_eps,fund_low_adv20,fund_small_mcap",4,trend_break;trailing_stop;di_bear;natr_spike,True,False,False,False,True,False,True,False,True,2388.T,,38.0,-2.7240143369175627,0.60242873,-13.95,63.078,1613293056.0,,1754985600.0,1755504000.0,True,,,False,1754985600.0,2025-08-12,-216.0
1,False,28.57142857142857,False,False,True,True,0.31771531953507093,1180.0,1180.0,9164445.0,9.164445,1355.0,0.8708487084870848,-0.13136531365313653,-0.04539511251987294,10.47318390934803,0.8875579584193246,-0.04684975767366717,-0.06349206349206349,24.964628094071898,15.394915284590619,29.46981551821552,"fund_low_adv20,fund_small_mcap",2,trend_break;di_bear,True,False,False,False,False,False,True,False,False,2391.T,,1180.0,18.3629,1.4553258,64.26,810.815,7824308736.0,,1748414400.0,1748414400.0,True,,,False,1748414400.0,2025-05-28,-270.0
5,True,96.91991786447639,True,True,False,False,0.09315553078419234,4065.0,4065.0,115502430.0,115.50243,4065.0,1.0,-0.14110286495865032,0.7727859881935146,175.37066788241395,4.3141615715230985,0.0,0.0,34.24051059055417,74.57959578791836,4.532250288308665,fund_low_adv20,2,rsi_reversal;ext_dev200;natr_spike,False,False,False,True,False,True,False,False,True,2393.T,,4065.0,27.980452,3.3960354,145.28,1196.984,63173038080.0,,1746685800.0,1746685800.0,True,,,False,1746685800.0,2025-05-08,-284.0
0,False,20.257234726688097,False,False,True,False,0.4935765779600381,1102.0,1102.0,382613820.0,382.61382,1911.9451904296875,0.576376355094331,-0.4330381407239067,-0.287577842642029,45.684981332044835,4.145642589114776,-0.1437451437451438,-0.2862694300518135,32.476497462714875,14.665103702465338,32.97690970962241,,3,trend_break;trailing_stop;di_bear,True,False,False,False,True,False,True,False,False,2395.T,,1102.0,10.045579,1.0639479,109.7,1035.765,45878259712.0,,1754274600.0,1754620200.0,True,,,True,1754274600.0,2025-08-04,-222.0
5,True,69.33333333333334,True,True,False,True,0.5202738069091062,582.0,582.0,3489320.0,3.48932,639.0,0.9107981220657277,-0.29107981220657275,0.12035112035112028,9.965761294053383,1.7123301192531586,0.0,0.0,26.129089641451746,29.46536776930297,24.11000802636754,"fund_low_adv20,fund_small_mcap",0,,False,False,False,False,False,False,False,False,False,2404.T,,582.0,18.505564,8.150576,31.45,71.406,7775614464.0,,1752470400.0,1752816000.0,True,,,False,1752470400.0,2025-07-14,-237.0
5,True,49.008498583569406,False,False,True,False,0.2630845382095385,820.0,820.0,32173310.0,32.17331,934.0,0.8779443254817987,-0.12847965738758027,0.15221275143003354,32.797974428855944,3.999752979128774,-0.12205567451820132,-0.12205567451820132,40.56961958459578,22.16623328043728,18.4123797492424,"fund_low_adv20,fund_small_mcap",3,macd_sell_like;trailing_stop;natr_spike,False,False,True,False,True,False,False,False,True,2408.T,,820.0,17.868816,0.9975778,45.89,821.991,5909353984.0,,1751869800.0,1752215400.0,True,,,False,1751869800.0,2025-07-07,-242.0
5,True,60.410557184750736,False,False,True,False,0.5257224465041104,2518.0,2518.0,47629730.0,47.62973,2583.0,0.9748354626403407,-0.0761647493501818,0.06060771343794835,41.44182168978231,1.6458229424059696,-0.02516453735965929,-0.02516453735965929,10.092355546911996,23.19605940962944,24.514338822100278,"fund_low_adv20,fund_small_mcap",1,macd_sell_like,False,False,True,False,False,False,False,False,False,2410.T,,2518.0,11.486702,2.8600018,219.21,880.419,13311726592.0,,1753772400.0,1754290800.0,True,,,False,1753772400.0,2025-07-29,-226.0
4,False,42.42424242424243,True,False,True,True,0.39312480214878565,446.0,446.0,8113610.0,8.11361,494.0,0.902834008097166,-0.11133603238866396,-0.010594893068776368,6.973712433518946,1.563612653255369,-0.0304347826086957,-0.09716599190283404,8.793361022247437,18.01638704738199,16.033898423114977,"fund_low_adv20,fund_small_mcap",1,trend_break,True,False,False,False,False,False,False,False,False,2411.T,,446.0,10.563714,1.2608594,42.22,353.727,4905999872.0,,1744957800.0,1744957800.0,True,,,False,1744957800.0,2025-04-18,-298.0
2,False,81.36246786632391,True,False,True,False,0.4180639309408717,1651.0,1651.0,10097146650.0,10097.14665,2700.4384765625,0.6113821937915899,-0.5135975096636867,-0.14460693396031987,56.68049999845742,3.4331011507242533,0.0,-0.017554299315679867,23.921405826817356,30.880389462029356,14.393452232834456,,1,trend_break,True,False,False,False,False,False,False,False,False,2413.T,,1651.0,22.78813,2.6993444,72.45,611.63,1101925580800.0,1777617000.0,1777617000.0,1777617000.0,True,,,True,1777617000.0,2026-05-01,-28.0
2,False,61.88340807174889,True,False,True,True,0.4643061115066936,1573.0,1573.0,21487650.0,21.48765,2017.5855712890625,0.7796447508270934,-0.25108504863335146,-0.11674892888804766,31.69254859768409,2.014783763361989,-0.010069225928256764,-0.11338666813449172,29.939105371703246,22.213102702210207,21.68934382034624,"fund_low_adv20,fund_small_mcap",1,trend_break,True,False,False,False,False,False,False,False,False,2415.T,,1573.0,7.3656116,0.83582675,213.56,1881.969,16324534272.0,,1747290720.0,1747290720.0,True,,,False,1747290720.0,2025-05-15,-279.0
2,False,44.554455445544555,True,False,False,True,0.5854674404088686,579.0,579.0,70563370.0,70.56337,736.19580078125,0.7864755536306591,-0.2795698862328707,-0.07287914859907674,15.097945460249226,2.6075898895076386,-0.06158833063209079,-0.1383928571428571,35.48256300038321,20.32192349064925,24.371348441382455,"fund_low_adv20,fund_small_mcap",2,trend_break;di_bear,True,False,False,False,False,False,True,False,False,2418.T,,579.0,5.7537518,0.73028976,100.63,792.836,27238342656.0,,1754546400.0,1754892000.0,True,,,False,1754546400.0,2025-08-07,-219.0
4,False,53.846153846153854,True,False,True,True,0.4048958004883975,600.0,600.0,1583630.0,1.58363,713.0,0.8415147265077139,-0.16690042075736322,-0.06313677422376973,5.41445851220914,0.9024097520348566,-0.0016638935108153063,-0.040000000000000036,19.243719637414983,22.02731310531359,16.527003012010834,"fund_low_adv20,fund_small_mcap",1,trend_break,True,False,False,False,False,False,False,False,False,2424.T,,600.0,10.436598,0.7524634,57.49,797.381,3191196672.0,,1757572200.0,1757917800.0,True,,,False,1757572200.0,2025-09-11,-194.0
2,False,24.285714285714278,True,False,True,False,0.36008652011117726,662.0,662.0,4008670.0,4.00867,810.7157592773438,0.8165623924593423,-0.1982393427514011,-0.133223907760608,11.696782610041662,1.7668855906407346,-0.12084993359893759,-0.14121935802983698,34.754361850964294,23.183508825561734,31.130142067185634,"fund_low_adv20,fund_small_mcap",3,trend_break;trailing_stop;di_bear,True,False,False,False,True,False,True,False,False,2425.T,,662.0,9.56924,0.88139516,69.18,751.082,2511093760.0,,1747206000.0,1747206000.0,True,,,False,1747206000.0,2025-05-14,-280.0
2,False,47.5,True,False,True,True,0.4785349131544,608.0,608.0,48170830.0,48.17083,780.3681030273438,0.7791194919953001,-0.2661330199263082,-0.08290759631991895,10.390498386508108,1.7089635504125178,-0.02564102564102566,-0.08433734939759041,25.52679794327957,14.38751316296239,26.385758768502438,"fund_low_adv20,fund_small_mcap",2,trend_break;di_bear,True,False,False,False,False,False,True,False,False,2428.T,,608.0,11.290623,1.2797117,53.85,475.107,11526488064.0,,1754980200.0,1755498600.0,True,,,False,1754980200.0,2025-08-12,-216.0
4,False,47.27793696275072,True,False,True,True,0.4220466951589613,2364.0,2364.0,158371660.0,158.37166,2856.0,0.8277310924369747,-0.19747899159663862,-0.06715127547037303,50.30481375626069,2.1279532045795557,-0.0283600493218249,-0.1375410434148121,32.861464652618274,16.19332036276831,28.20051236735013,fund_low_adv20,2,trend_break;di_bear,True,False,False,False,False,False,True,False,False,2429.T,,2364.0,6.403207,0.87251693,369.19,2709.403,42315440128.0,,1754289000.0,1754634600.0,True,,,False,1754289000.0,2025-08-04,-222.0
6,True,39.21302578018995,False,False,True,True,0.3469258359972423,2661.0,2661.0,3995224755.0,3995.224755,2760.5,0.9639558051077703,-0.4397477618978006,0.07636612939151433,68.53288889501755,2.5754561779412835,-0.03604419489222965,-0.03604419489222965,11.091048212628886,19.057276432087736,17.091545615427147,,1,macd_sell_like,False,False,True,False,False,False,False,False,False,2432.T,,2661.0,15.555036,1.2284127,171.07,2166.21,259935846400.0,1778567400.0,1785997800.0,1785997800.0,True,,,True,1785997800.0,2026-08-06,41.0
4,False,46.802325581395344,True,False,True,True,0.3384929666952768,1189.5,1189.5,1269079430.0,1269.07943,1203.0,0.9887780548628429,-0.18994352802938053,0.05837607550833823,30.75158941314148,2.58525341850706,-0.01122194513715713,-0.01122194513715713,16.79667877243989,36.675986572406345,18.85116547757883,,1,trend_break,True,False,False,False,False,False,False,False,False,2433.T,,1189.5,25.82501,1.098763,46.06,1082.581,427068588032.0,1778567400.0,1785997800.0,1785997800.0,True,,,True,1785997800.0,2026-08-06,41.0
2,False,38.095238095238095,False,False,True,True,0.16741534875641445,203.0,203.0,4389020.0,4.38902,255.7423553466797,0.7937676171192561,-0.4132947955747076,-0.04350057143631203,3.2840658557608826,1.6177664314093017,-0.04245283018867929,-0.09721708944397844,24.57250756776281,14.067914163497672,25.991816178449987,"fund_low_adv20,fund_small_mcap",3,trend_break;macd_sell_like;di_bear,True,False,True,False,False,False,True,False,False,2435.T,,203.0,4.3487573,1.162278,46.68,174.657,2278058496.0,,1746759600.0,1746759600.0,True,,,False,1746759600.0,2025-05-09,-283.0
7,True,44.632768361581924,False,False,True,True,0.4406915351823189,1007.0,1007.0,18039365.0,18.039365,1069.0,0.9420018709073901,-0.14845361272020208,0.0529133021732302,25.211348903876683,2.503609623026483,-0.05799812909260993,-0.05799812909260993,30.854749264285967,27.476459455181125,17.104572077291174,"fund_low_adv20,fund_small_mcap",2,cross_sma25_down;macd_sell_like,False,True,True,False,False,False,False,False,False,2436.T,,1007.0,10.395375,1.9636674,96.87,512.816,8797173760.0,,1754978400.0,1755496800.0,True,,,False,1754978400.0,2025-08-12,-216.0
1,False,34.61538461538461,False,False,True,True,0.5736638875574694,378.0,378.0,17787145.0,17.787145,793.0,0.4766708701134931,-0.5233291298865069,-0.12673843737005042,29.24261079639174,7.736140422325858,-0.2157676348547718,-0.514762516046213,36.29048882988763,9.034623458342171,28.586055825375357,"fund_neg_eps,fund_low_adv20,fund_small_mcap",3,trend_break;trailing_stop;di_bear,True,False,False,False,True,False,True,False,False,2437.T,,378.0,-6.733167082294265,2.0435414,-56.14,184.973,4164735232.0,,1744093800.0,1744093800.0,True,,,False,1744093800.0,2025-04-08,-306.0
1,False,49.166666666666664,False,True,False,False,0.3979030902621939,318.0,318.0,31564005.0,31.564005,447.9887390136719,0.7098392711837678,-0.4130513087944364,-0.1232799142721479,14.103605982111862,4.435096220789894,-0.1382113821138211,-0.15079440172021563,23.3097038796226,21.002402446599746,30.97832316164585,"fund_low_adv20,fund_small_mcap",5,trend_break;rsi_reversal;trailing_stop;di_bear;vol_distribution,True,False,False,True,True,False,True,True,False,2438.T,,318.0,16.763311,0.8997106,18.97,353.447,4770398720.0,,1749553140.0,1749553140.0,True,,,False,1749553140.0,2025-06-10,-261.0
1,False,51.515151515151516,False,False,True,False,0.4285386069708243,124.0,124.0,24584340.0,24.58434,265.0,0.4679245283018868,-0.5836177474402731,-0.290597557138362,4.3047195933575155,3.4715480591592867,-0.05343511450381677,-0.19999999999999996,35.174923315398416,18.030933073199904,18.752957629313595,"fund_low_adv20,fund_small_mcap",2,trend_break;di_bear,True,False,False,False,False,False,True,False,False,2440.T,,124.0,29.665073,1.3419768,4.18,92.401,6990392832.0,,1753942200.0,1754287800.0,True,,,False,1753942200.0,2025-07-31,-224.0
1,False,24.074074074074076,False,False,True,True,0.34962056697224314,374.0,374.0,48271330.0,48.27133,470.35748291015625,0.7951398959064468,-0.3437128560251015,-0.054474949345650225,9.347897058150672,2.4994377160830674,-0.13824884792626724,-0.13824884792626724,24.546859019782886,16.98508425574953,33.92761656608025,"fund_low_adv20,fund_small_mcap",3,trend_break;trailing_stop;di_bear,True,False,False,False,True,False,True,False,False,2445.T,,374.0,10.283201,0.72943866,36.37,512.723,17146178560.0,,1754287200.0,1754632800.0,True,,,False,1754287200.0,2025-08-04,-222.0
3,False,38.46153846153846,False,False,True,True,0.43419810856737184,1032.0,1032.0,6614705.0,6.614705,1206.0,0.8557213930348259,-0.14593698175787728,-0.054525598802864006,12.8899862215859,1.2490296726342927,-0.047091412742382266,-0.06521739130434778,34.496715746485194,17.18494910607645,34.29188237912354,"fund_low_adv20,fund_small_mcap",3,trend_break;macd_sell_like;di_bear,True,False,True,False,False,False,True,False,False,2449.T,,1032.0,9.728507,0.8507951,106.08,1212.983,4597696000.0,,1752129000.0,1752474600.0,True,,,False,1752129000.0,2025-07-10,-239.0
5,True,,False,False,True,True,0.49053649120881315,412.0,412.0,0.0,0.0,412.0,1.0,0.0,0.007433489827856077,0.0,0.0,0.0,0.0,,,,"fund_neg_eps,fund_low_adv20,fund_small_mcap",0,,False,False,False,False,False,False,False,False,False,2452.T,,412.0,-73.57142857142857,1.220994,-5.6,337.43,184370000.0,,1747290600.0,1747290600.0,True,,,False,1747290600.0,2025-05-15,-279.0
1,False,27.272727272727266,False,False,True,True,0.45562188816405014,348.0,348.0,3357895.0,3.357895,417.91168212890625,0.8327118261620124,-0.16728817383798755,-0.09686065851636483,5.474942026893129,1.5732592031302097,-0.05691056910569103,-0.1255482834096585,22.292520822528285,13.852767194527027,27.463891814208623,"fund_neg_eps,fund_low_adv20,fund_small_mcap",3,trend_break;macd_sell_like;di_bear,True,False,True,False,False,False,True,False,False,2454.T,,348.0,-10.341753343239228,1.3738542,-33.65,253.302,4903213056.0,,1747035000.0,1747035000.0,True,,,False,1747035000.0,2025-05-12,-282.0
0,False,27.450980392156865,False,False,True,True,0.2231195280301858,166.0,166.0,11792650.0,11.79265,484.0,0.34297520661157027,-0.6570247933884297,-0.304595534330359,7.498799523037206,4.517349110263377,-0.17412935323383083,-0.2936170212765957,21.91485734181447,23.06988550234116,34.314005704343934,"fund_neg_eps,fund_low_adv20,fund_small_mcap",4,trend_break;macd_sell_like;trailing_stop;di_bear,True,False,True,False,True,False,True,False,False,2459.T,,166.0,-11.40893470790378,3.879955,-14.55,42.784,1245464832.0,,1744354800.0,1744354800.0,True,,,False,1744354800.0,2025-04-11,-303.0
2,False,39.39393939393939,True,False,True,False,0.6045298665206477,411.0,411.0,30620455.0,30.620455,525.4990234375,0.7821137274651513,-0.22930399118397504,-0.14231958354716556,8.581258068275133,2.0878973402129275,-0.050808314087759765,-0.1217948717948718,22.963561875850093,17.68261851469028,23.194824973612548,"fund_low_adv20,fund_small_mcap",2,trend_break;di_bear,True,False,False,False,False,False,True,False,False,2461.T,,411.0,20.831223,1.6675661,19.73,246.467,26984546304.0,,1754460000.0,1754978400.0,True,,,False,1754460000.0,2025-08-06,-220.0
2,False,16.86205741984999,False,False,True,False,0.253592041731611,1415.0,1415.0,138611110.0,138.61111,1610.7789306640625,0.8784569831793427,-0.13333855228384284,-0.05323877503653118,26.101574244540434,1.844634222229006,-0.11669859883285472,-0.12154301682065727,38.274259742122986,13.775048545392918,41.85875811699055,"fund_low_adv20,fund_small_mcap",3,trend_break;trailing_stop;di_bear,True,False,False,False,True,False,True,False,False,2462.T,,1415.0,11.710668,1.5393804,120.83,919.201,27153940480.0,,1752127200.0,1752472800.0,True,,,False,1752127200.0,2025-07-10,-239.0
1,False,28.26086956521739,False,True,False,False,0.3867853506622085,316.0,316.0,5315405.0,5.315405,349.0,0.9054441260744985,-0.1031518624641834,-0.05550714598783646,6.61837616927083,2.094422838376845,-0.07331378299120239,-0.09455587392550147,55.41857478469634,9.111640777161579,32.28326533814058,"fund_low_adv20,fund_small_mcap",2,trend_break;di_bear,True,False,False,False,False,False,True,False,False,2464.T,,316.0,14.589105,0.85413253,21.66,369.966,4001610496.0,,1754460000.0,1754892000.0,True,,,False,1754460000.0,2025-08-06,-220.0
3,False,35.38461538461537,True,False,True,False,0.5995818766563207,2650.0,2650.0,107359785.0,107.359785,4240.5634765625,0.6249169514019755,-0.3786203143606772,-0.1258301418889971,120.02545278977513,4.529262369425477,-0.21828908554572268,-0.36845848573399476,35.49633843081058,10.259800034276505,30.138999413977192,"fund_low_adv20,fund_small_mcap",3,trend_break;trailing_stop;di_bear,True,False,False,False,True,False,True,False,False,2469.T,,2650.0,8.603058,1.8710711,308.03,1416.301,26275168256.0,,1747204200.0,1747204200.0,True,,,False,1747204200.0,2025-05-14,-280.0
2,False,69.76744186046511,True,False,True,False,0.3341315806393602,246.0,246.0,81392860.0,81.39286,347.5862121582031,0.7077380845245772,-0.3555555653109541,-0.09882710495173896,6.655333055003696,2.705419941058413,-0.004048582995951455,-0.0786516853932584,18.26329858507984,24.157711549583848,17.30979309975788,"fund_low_adv20,fund_small_mcap",1,trend_break,True,False,False,False,False,False,False,False,False,2471.T,,246.0,13.333333,2.0520692,18.45,119.879,19213498368.0,,1752127200.0,1752472800.0,True,,,False,1752127200.0,2025-07-10,-239.0
5,True,34.751773049645394,False,False,True,False,0.3497919982679974,1750.0,1750.0,82983015.0,82.983015,1857.9326171875,0.9419071412014467,-0.27912142924188854,0.09140055197719943,42.91268887510413,2.4521536500059504,-0.04684095860566451,-0.04684095860566451,27.955697672677907,28.217485927090717,21.3383549476509,fund_low_adv20,0,,False,False,False,False,False,False,False,False,False,2475.T,,1750.0,12.34655,1.0239595,141.74,1709.052,33570191360.0,,1754548200.0,1754980200.0,True,,,False,1754548200.0,2025-08-07,-219.0
2,False,58.83720930232558,True,False,True,True,0.5102442146950109,2324.0,2324.0,32467670.0,32.46767,3347.880859375,0.6941704611417554,-0.3743296249281446,-0.20165719897298495,77.08732598230242,3.317010584436421,-0.0292397660818714,-0.19193324061196104,30.95715617319672,30.646025769204925,19.721640076926462,"fund_low_adv20,fund_small_mcap",1,trend_break,True,False,False,False,False,False,False,False,False,2477.T,,2324.0,13.293673,8.450909,174.82,275.0,13720157184.0,,1753769100.0,1754287500.0,True,,,False,1753769100.0,2025-07-29,-226.0
2,False,31.578947368421055,False,False,True,True,0.28893977756221345,232.0,232.0,8547025.0,8.547025,250.6459197998047,0.9256085245086075,-0.1250000380486671,-0.004650716844739722,3.4499850793568547,1.4870625342055408,-0.04526748971193417,-0.049180327868852514,16.600243012119638,13.780575980840638,29.19797342028476,"fund_low_adv20,fund_small_mcap",2,trend_break;macd_sell_like,True,False,True,False,False,False,False,False,False,2479.T,,232.0,12.636166,1.2593911,18.36,184.216,1862287232.0,,1747204200.0,1747204200.0,True,,,False,1747204200.0,2025-05-14,-280.0
6,True,51.79856115107915,False,False,True,True,0.38374324340147103,1700.0,1700.0,1898400.0,1.8984,1725.547119140625,0.9851947716424294,-0.20480550384152152,0.03322642709698331,13.248213625522737,0.7793066838542787,-0.0052662375658280025,-0.011627906976744207,12.961961137976077,35.717130275915295,27.647437933919083,"fund_low_adv20,fund_small_mcap",0,,False,False,False,False,False,False,False,False,False,2480.T,,1700.0,20.20202,1.4831218,84.15,1146.231,5997746176.0,,1746167400.0,1746167400.0,True,,,False,1746167400.0,2025-05-02,-288.0
1,False,33.33333333333333,False,False,True,False,0.34501500453808337,642.0,642.0,2819170.0,2.81917,784.0,0.8188775510204082,-0.18112244897959184,-0.06036634003907826,12.907748116944713,2.0105526661907653,-0.0749279538904899,-0.09577464788732393,16.499293611146705,18.964251250563994,22.285881207700534,"fund_low_adv20,fund_small_mcap",3,trend_break;macd_sell_like;natr_spike,True,False,True,False,False,False,False,False,True,2481.T,,642.0,9.265407,0.6390622,69.29,1004.597,3544239872.0,,1745562600.0,1745562600.0,True,,,False,1745562600.0,2025-04-25,-293.0
6,True,35.672514619883046,False,False,True,True,0.4498021262642514,2078.0,2078.0,35287350.0,35.28735,2193.0,0.9475604195166438,-0.15030457651428153,0.13461919695592472,39.06143784824409,1.8797612054015442,-0.033488372093023244,-0.052439580483356174,20.858032358872542,25.202116316964656,22.744752381672413,"fund_low_adv20,fund_small_mcap",1,macd_sell_like,False,False,True,False,False,False,False,False,False,2483.T,,2078.0,15.089681,0.99322474,137.71,2092.175,6975415808.0,,1747117800.0,1747117800.0,True,,,False,1747117800.0,2025-05-13,-281.0
1,False,51.72413793103448,False,False,True,True,0.26931826448394464,118.0,118.0,33524450.0,33.52445,246.0,0.4796747967479675,-0.5365853658536586,-0.1739586979348967,3.5780464400924474,3.0322427458410575,-0.032786885245901676,-0.16312056737588654,17.263921925735904,17.74480579597141,20.215127219598223,"fund_neg_eps,fund_low_adv20,fund_small_mcap",1,trend_break,True,False,False,False,False,False,False,False,False,2484.T,,118.0,-1.9478375701551667,0.51646787,-60.58,228.475,13142014976.0,1784097000.0,1784097000.0,1784097000.0,True,,,False,1784097000.0,2026-07-15,25.0
2,False,62.96296296296296,True,False,True,True,0.5578049887583705,462.0,462.0,21078395.0,21.078395,593.6082153320312,0.7782911153639999,-0.25877036632000017,-0.07324111646729414,9.016847271323844,1.9516985435765897,0.0,-0.11304924941927719,41.444527877187134,22.54886162555525,19.871534614966535,"fund_low_adv20,fund_small_mcap",1,trend_break,True,False,False,False,False,False,False,False,False,2485.T,,462.0,26.551725,1.1497542,17.4,401.825,10396082176.0,,1754980200.0,1755498600.0,True,,,False,1754980200.0,2025-08-12,-216.0
3,False,42.705570291777185,False,False,True,False,0.5389555213642542,1323.0,1323.0,53837935.0,53.837935,1556.10595703125,0.8501991744341296,-0.28457484612814,-0.018909529545699133,43.68252261989418,3.3017779758045487,-0.11445783132530118,-0.11445783132530118,27.257225360127048,27.651580317575004,20.794700095275804,"fund_low_adv20,fund_small_mcap",3,trend_break;macd_sell_like;trailing_stop,True,False,True,False,True,False,False,False,False,2488.T,,1323.0,10.970149,2.5269263,120.6,523.561,7281220608.0,,1747291200.0,1747291200.0,True,,,False,1747291200.0,2025-05-15,-279.0
1,False,38.095238095238095,False,False,True,True,0.21970711481637178,263.0,263.0,29724580.0,29.72458,355.5330505371094,0.7397343217534397,-0.32948209447106636,-0.056747402807694525,8.344131715900069,3.172673656235768,-0.08041958041958042,-0.1054421768707483,15.140575931533588,18.272613852007474,19.482955997497168,"fund_low_adv20,fund_small_mcap",2,trend_break;trailing_stop,True,False,False,False,True,False,False,False,False,2489.T,,263.0,40.64915,0.7377693,6.47,356.48,10278597632.0,,1753768800.0,1754287200.0,True,,,False,1753768800.0,2025-07-29,-226.0
2,False,38.13559322033898,False,False,True,False,0.566389860944198,454.0,454.0,138383960.0,138.38396,807.6744384765625,0.5621076740478947,-0.5962091342116488,-0.24031592373057986,18.517442648982094,4.078731861009271,-0.08651911468812878,-0.09920634920634919,9.383970040703511,16.755168933045788,19.203924516213227,"fund_low_adv20,fund_small_mcap",3,trend_break;macd_sell_like;trailing_stop,True,False,True,False,True,False,False,False,False,2491.T,,454.0,20.168814,0.8079686,22.51,561.903,9841052672.0,1777357800.0,1785220200.0,1785220200.0,True,,,False,1785220200.0,2026-07-28,34.0
1,False,37.333333333333336,False,False,True,True,0.5095685813213254,357.0,357.0,949679990.0,949.67999,487.0,0.7330595482546202,-0.2982062814275789,-0.07966779748680153,17.215155093100012,4.8221722949859975,-0.15000000000000002,-0.26694045174537984,17.634607059427147,15.583732218242313,25.929707452191813,,3,trend_break;macd_sell_like;trailing_stop,True,False,True,False,True,False,False,False,False,2492.T,,357.0,42.148758,3.2235928,8.47,110.746,95143313408.0,1777530600.0,1785393000.0,1785393000.0,True,,,True,1785393000.0,2026-07-30,36.0
2,False,10.091743119266056,False,False,True,False,0.4102407889423608,910.0,910.0,18243200.0,18.2432,1026.0,0.8869395711500975,-0.21708803387600628,-0.0556225168374348,7.582841513545796,0.8332792872028347,-0.08908908908908908,-0.11306042884990253,52.381032927113154,13.282444953491954,54.906923018954046,"fund_low_adv20,fund_small_mcap",3,trend_break;trailing_stop;di_bear,True,False,False,False,True,False,True,False,False,2493.T,,910.0,27.42616,1.0934976,33.18,832.192,4026256896.0,,1751610600.0,1752215400.0,True,,,False,1751610600.0,2025-07-04,-243.0
2,False,52.777777777777786,True,False,True,True,0.519842116062979,494.0,494.0,14449740.0,14.44974,663.966552734375,0.7440133813451723,-0.3885331401963722,-0.056797666275720804,6.8898927254046,1.3947151266001216,-0.01200000000000001,-0.09107635694572214,6.548324200605566,14.703880896097296,14.2776547282626,"fund_neg_eps,fund_low_adv20,fund_small_mcap",1,trend_break,True,False,False,False,False,False,False,False,False,2497.T,,494.0,-11.949685534591193,1.0705525,-41.34,461.444,18495952896.0,,1754375400.0,1754980200.0,True,,,False,1754375400.0,2025-08-05,-221.0
3,False,38.328530259366,False,False,True,True,0.5713186361658525,2944.0,2944.0,36207155.0,36.207155,3401.855712890625,0.8654100139651203,-0.18220337929277386,-0.0547466927067628,59.57087635711772,2.02346726756514,-0.03475409836065568,-0.06835443037974687,15.207469703814294,17.577041224621198,23.90859043042929,fund_low_adv20,1,trend_break,True,False,False,False,False,False,False,False,False,2498.T,,2944.0,7.9662304,1.1582471,369.56,2541.772,35031658496.0,,1754979300.0,1755497700.0,True,,,False,1754979300.0,2025-08-12,-216.0
1,False,28.94736842105263,True,False,True,False,0.6343268333789485,277.0,277.0,4351365.0,4.351365,373.0438232421875,0.7425401058581959,-0.273543795351729,-0.1902174115595865,6.012293950533137,2.1705032312393997,-0.06418918918918914,-0.20340454631661087,65.18456294215291,3.63322875153204,38.477429031121396,"fund_low_adv20,fund_small_mcap",2,trend_break;di_bear,True,False,False,False,False,False,True,False,False,2499.T,,277.0,10.862745,0.6973536,25.5,397.216,2511171072.0,,1754978400.0,1755496800.0,True,,,False,1754978400.0,2025-08-12,-216.0
7,True,50.52493438320211,True,False,True,False,0.1535329939316833,1673.5,1673.5,2334076102.5,2334.0761025,1894.0,0.8835797254487856,-0.25177943535653724,0.04029777757772779,56.71430538430554,3.3889635724114457,-0.009470257472625088,-0.1164202745512144,21.111393027058508,22.973497343710076,23.527724910312326,,1,di_bear,False,False,False,False,False,False,True,False,False,2501.T,,1673.5,43.276443,3.0355027,38.67,551.309,652399869952.0,1778740200.0,1785997800.0,1785997800.0,True,,,True,1785997800.0,2026-08-06,41.0
3,False,43.69747899159664,True,False,True,False,0.22845295097934107,1543.5,1543.5,9917277675.0,9917.277675,1948.63525390625,0.7920928233777396,-0.2438297536461942,-0.07864008678426637,30.610464908640115,1.9831852872458773,-0.0365168539325843,-0.06990057246158476,23.435561872918306,25.493241032464375,29.272533926964577,,2,trend_break;di_bear,True,False,False,False,False,False,True,False,False,2502.T,,1543.5,13.361323,0.82525325,115.52,1870.335,2257935138816.0,1783492200.0,1783492200.0,1783492200.0,True,,,True,1783492200.0,2026-07-08,20.0
5,True,44.750254841997965,False,False,True,False,0.2260847115848176,2719.5,2719.5,10296275377.5,10296.2753775,2771.0,0.9814146517502707,-0.12837345003646972,0.13560934008289394,66.08546431610081,2.4300593607685537,-0.01858534824972935,-0.01858534824972935,17.639413455966242,25.496158500366157,16.56909896263826,,0,,False,False,False,False,False,False,False,False,False,2503.T,,2719.5,14.927545,1.6653225,182.18,1633.017,2177572274176.0,1786084200.0,1786084200.0,1786084200.0,True,,,True,1786084200.0,2026-08-07,42.0
2,False,57.272775193024216,False,False,True,True,0.2651977162771208,810.2999877929688,810.2999877929688,148167765.66381836,148.16776566381836,881.6449584960938,0.9190774358594134,-0.09079049580989684,-0.030354532164316606,2.9955285432337475,0.3696814251957145,-0.006376471130632999,-0.027367649095095703,15.221106592314738,19.706947223378684,24.261604814940313,"fund_neg_eps,fund_low_adv20,fund_small_mcap",1,trend_break,True,False,False,False,False,False,False,False,False,2510.T,,810.3,,,,,,,,,True,,,False,,,
6,True,61.85567010309279,False,False,True,True,0.2702951565889963,1190.5,1190.5,136650951.0,136.650951,1218.5421142578125,0.976987160370003,-0.06686373407658353,0.03648178620240983,5.8112176876181225,0.4881325231094601,-0.003348681456676439,-0.017739273927392718,21.59785970390833,28.031695171914013,19.377155056904854,"fund_neg_eps,fund_low_adv20,fund_small_mcap",0,,False,False,False,False,False,False,False,False,False,2511.T,,1190.5,,,,,,,,,True,,,False,,,
4,False,53.697739730463304,False,False,True,True,0.16337934243705837,733.7000122070312,733.7000122070312,61719542.93197632,61.71954293197632,762.565673828125,0.9621466548891633,-0.046901778119136095,-0.009567300969830717,3.0146046019992574,0.410877000387539,-0.009182967985102986,-0.030779376212640375,8.842926642926072,23.8986197805913,22.77077591936986,"fund_neg_eps,fund_low_adv20,fund_small_mcap",1,trend_break,True,False,False,False,False,False,False,False,False,2512.T,,733.7,,,,,,,,,True,,,False,,,
6,True,51.72413793103448,False,False,True,True,0.4194643535509137,3486.0,3486.0,130652222.85,130.65222285,3585.0,0.9723849372384937,-0.09153818866047003,0.10920014154974611,33.27634691604393,0.9545710532427978,-0.02761506276150627,-0.02761506276150627,41.83698644833507,33.51094224211777,28.384643394782827,"fund_low_adv20,fund_small_mcap",1,macd_sell_like,False,False,True,False,False,False,False,False,False,2513.T,,3486.0,24.448534,,142.58524,,,,,,True,,,False,,,
6,True,44.502617801047116,False,False,True,True,0.4244863406538409,1959.0,1959.0,8007198.95,8.00719895,2024.0,0.9678853754940712,-0.09526321170000085,0.058020148423470586,23.985242917434356,1.2243615578067564,-0.032114624505928835,-0.032114624505928835,34.439580521043,32.03487272509689,26.659146156059023,"fund_low_adv20,fund_small_mcap",1,macd_sell_like,False,False,True,False,False,False,False,False,False,2514.T,,1959.0,24.126568,,81.19679,,,,,,True,,,False,,,
6,True,56.14059539335052,False,False,True,False,0.15566832096570582,1666.0,1666.0,68715665.5,68.7156655,1666.7796630859375,0.9995322338619766,-0.11787262074744276,0.11837310652599253,19.127314354613254,1.1480981005170021,-0.0004677661380233511,-0.0004677661380233511,24.113940592702697,46.11068667547639,25.505577661476625,"fund_low_adv20,fund_small_mcap",0,,False,False,False,False,False,False,False,False,False,2515.T,,1666.0,22.434177,,74.261696,,,,,,True,,,False,,,
2,False,34.62731898901494,False,False,True,False,0.383439768380834,573.7999877929688,573.7999877929688,413127578.1800232,413.1275781800232,668.7999877929688,0.8579545428619119,-0.19606604034632802,-0.01592478313189294,22.746957814591454,3.964265998346226,-0.14204545713808814,-0.14204545713808814,18.592049050579508,14.376868141738036,29.990035595826193,fund_small_mcap,3,trend_break;macd_sell_like;trailing_stop,True,False,True,False,True,False,False,False,False,2516.T,,573.8,17.629572,,32.547585,,,,,,True,,,False,,,
4,False,41.99134199134199,True,False,True,True,0.5521669660793866,1082.0,1082.0,11049890.0,11.04989,1234.5126953125,0.8764591924476779,-0.13812145955237587,-0.06157477956683677,15.43047164019549,1.4261064362472726,-0.02522522522522519,-0.09282600536848817,26.965350630920224,15.815158685516167,21.041642662538745,"fund_low_adv20,fund_small_mcap",2,trend_break;di_bear,True,False,False,False,False,False,True,False,False,2517.T,,1082.0,20.88792,,51.800274,,,,,,True,,,False,,,
6,True,47.45454545454545,False,False,True,False,0.30185098759946977,2201.0,2201.0,3040490.2,3.0404902000000003,2350.0,0.936595744680851,-0.11687728573987599,0.11804289899878184,69.39586034083513,3.1529241408830138,-0.06340425531914895,-0.06340425531914895,27.736668680593446,20.992788272930884,23.231637648282756,"fund_low_adv20,fund_small_mcap",2,macd_sell_like;di_bear,False,False,True,False,False,False,True,False,False,2518.T,,2201.0,16.509577,,133.31656,,,,,,True,,,False,,,
6,True,71.55172413793103,False,False,True,True,0.2721765656730305,1204.5,1204.5,7392118.0,7.392118,1214.5,0.991766158913133,-0.07010178040072224,0.05891760471562546,7.653891673273325,0.635441400852912,-0.008233841086866978,-0.008233841086866978,29.272735821746718,31.982133424541537,14.352212703084966,"fund_neg_eps,fund_low_adv20,fund_small_mcap",0,,False,False,False,False,False,False,False,False,False,2519.T,,1204.5,,,,,,,,,True,,,False,,,
4,True,53.16698656429943,False,True,False,False,0.33443585357165817,2347.0,2347.0,46715857.5,46.7158575,2499.0,0.9391756702681072,-0.12075865351201398,0.19099395143810471,57.62875662374806,2.4554220973049876,-0.06082432973189278,-0.06082432973189278,17.903949105454576,30.294711818566327,34.75468276383458,"fund_low_adv20,fund_small_mcap",2,macd_sell_like;ext_dev200;vol_distribution,False,False,True,False,False,True,False,True,False,2520.T,,2347.0,16.891308,,138.9472,,,,,,True,,,False,,,
5,True,44.23963133640553,False,False,True,True,0.48271023345348724,2086.0,2086.0,25912167.15,25.91216715,2165.0,0.9635103926096997,-0.09566517189835577,0.061465679433652554,19.288425848193295,0.9246608747935423,-0.03648960739030027,-0.03648960739030027,26.56491521004662,31.9225947260484,37.08332522692778,"fund_low_adv20,fund_small_mcap",2,macd_sell_like;di_bear,False,False,True,False,False,False,True,False,False,2521.T,,2086.0,26.560698,,78.537094,,,,,,True,,,False,,,
5,True,51.390996459281745,False,False,True,False,0.48902002799465694,8429.0,8429.0,73847295.75,73.84729575,8832.0,0.9543704710144928,-0.13964811023041235,0.228717393135782,211.79484620007952,2.512692445130852,-0.045629528985507206,-0.045629528985507206,35.03631845582865,34.63138612953544,30.244440004885213,"fund_low_adv20,fund_small_mcap",1,macd_sell_like;ext_dev200,False,False,True,False,False,True,False,False,False,2522.T,,8429.0,35.20194,,239.44704,,,,,,True,,,False,,,
6,True,38.98809523809524,False,False,True,False,0.22674506582180678,2906.0,2906.0,493773.5,0.4937735,3111.0,0.9341047894567663,-0.11281237065789185,0.05410773032569671,22.261672538996198,0.766058931142333,-0.06589521054323366,-0.06589521054323366,47.23327301392177,34.22543606195796,58.25042745449856,"fund_low_adv20,fund_small_mcap",2,macd_sell_like;di_bear,False,False,True,False,False,False,True,False,False,2523.T,,2906.0,16.667292,,174.35347,,,,,,True,,,False,,,
6,True,50.95986038394415,False,False,True,True,0.25456345672737096,3988.0,3988.0,61944711.95,61.944711950000006,4129.0,0.9658512957132478,-0.11108343711083435,0.11664892632140256,57.754357705113755,1.448203553287707,-0.03414870428675221,-0.03414870428675221,12.823137374982384,33.07721560790306,32.19097059378067,"fund_low_adv20,fund_small_mcap",1,macd_sell_like,False,False,True,False,False,False,False,False,False,2524.T,,3988.0,17.34526,,229.9187,,,,,,True,,,False,,,
4,True,56.90402476780186,False,True,False,False,0.3363499225703326,64980.0,64980.0,199610975.0,199.610975,69490.0,0.9350985753345805,-0.1256738544474394,0.22683727559365985,1414.9366283567397,2.1774955807275154,-0.06490142466541948,-0.06490142466541948,33.01277767008489,38.646624968049856,31.588673882631035,"fund_low_adv20,fund_small_mcap",2,macd_sell_like;ext_dev200;vol_distribution,False,False,True,False,False,True,False,True,False,2525.T,,64980.0,21.80196,,2980.466,,,,,,True,,,False,,,
6,True,47.88273615635179,False,True,False,True,0.2514851272159536,35700.0,35700.0,43307383.5,43.3073835,36880.0,0.9680043383947939,-0.10137216465975918,0.11360304107210295,338.81467504635174,0.9490607144155511,-0.03199566160520606,-0.03199566160520606,22.280663392659715,33.997595348063,39.31697359042279,"fund_low_adv20,fund_small_mcap",3,macd_sell_like;di_bear;vol_distribution,False,False,True,False,False,False,True,True,False,2526.T,,35700.0,17.443243,,2046.6377,,,,,,True,,,False,,,
4,False,41.747572815533985,True,False,False,False,0.5239562411960861,1103.0,1103.0,22180080.55,22.18008055,1260.0,0.8753968253968254,-0.13730158730158726,-0.06044782768234225,15.032848960689929,1.362905617469622,-0.024756852343059244,-0.09218106995884778,23.35743437500475,15.159100165885746,21.94101151914206,"fund_low_adv20,fund_small_mcap",2,trend_break;di_bear,True,False,False,False,False,False,True,False,False,2527.T,,1103.0,20.900803,,52.773094,,,,,,True,,,False,,,
3,False,35.45454545454547,False,False,True,True,0.551001738414724,1078.0,1078.0,11513524.25,11.51352425,1228.7364501953125,0.8773240183675252,-0.132442111707067,-0.06651548855721956,12.913642508487301,1.1979260211954825,-0.030575539568345356,-0.09790794979079498,38.25855187787607,12.971795387432868,26.608505444727154,"fund_low_adv20,fund_small_mcap",2,trend_break;di_bear,True,False,False,False,False,False,True,False,False,2528.T,,1078.0,20.70825,,52.05655,,,,,,True,,,False,,,
6,True,48.51485148514852,False,False,True,True,0.4214126146602835,2157.0,2157.0,37013824.65,37.01382465,2299.69384765625,0.9379509373381689,-0.10322578179457909,0.06864503234665076,34.44503369280661,1.596895396050376,-0.0257452574525745,-0.03316898251904976,8.746336600775306,22.807666178678,26.356780825297072,"fund_low_adv20,fund_small_mcap",1,macd_sell_like,False,False,True,False,False,False,False,False,False,2529.T,,2157.0,15.2584915,,141.3639,,,,,,True,,,False,,,
6,True,35.572601771148385,False,False,True,True,0.3695046448654495,17355.0,17355.0,1251969.0,1.251969,18165.42578125,0.9553863591743329,-0.8111661567068998,0.041076193323661636,294.4759026614645,1.6967784653498388,-0.0446136408256671,-0.0446136408256671,20.82224953142256,11.717519227148918,28.818643411904898,"fund_low_adv20,fund_small_mcap",1,di_bear,False,False,False,False,False,False,True,False,False,2530.T,,17355.0,15.626361,,1110.6233,,,,,,True,,,False,,,
4,True,60.894780447390225,False,False,True,False,0.5453734221388735,2134.5,2134.5,1439619672.5,1439.6196725,2237.5,0.9539664804469273,-0.23476362723091138,0.2864374352700394,79.6724420401579,3.7326044525724007,-0.046033519553072666,-0.046033519553072666,32.18561639988958,26.885481585436743,19.649413388136445,,1,macd_sell_like;ext_dev200,False,False,True,False,False,True,False,False,False,2531.T,,2134.5,32.44414,1.587461,65.79,1344.6,410344357888.0,1778653800.0,1786084200.0,1786084200.0,True,,,True,1786084200.0,2026-08-07,42.0
1,False,50.0,False,False,True,True,0.35360038728004367,485.0,485.0,62921165.0,62.921165,622.4418334960938,0.7791892734392244,-0.3364841857105161,-0.030212314486254832,11.79832018859687,2.432643337855025,-0.028056112224448926,-0.03386454183266929,19.797962346023706,27.243778336027503,20.390899236403705,"fund_low_adv20,fund_small_mcap",1,trend_break,True,False,False,False,False,False,False,False,False,2533.T,,485.0,8.863304,1.0258645,54.72,472.772,27328024576.0,,1754370000.0,1754974800.0,True,,,False,1754370000.0,2025-08-05,-221.0
4,False,50.0,True,False,True,True,0.4272967831828467,4025.0,4025.0,180959750.0,180.95975,5480.0,0.7344890510948905,-0.2691605839416058,-0.039316422915585236,7.5799463774664035,0.1883216491296001,-0.001240694789081842,-0.006172839506172867,11.19292143878165,14.482085689431898,13.701133286028133,"fund_neg_eps,fund_low_adv20",1,trend_break,True,False,False,False,False,False,False,False,False,2540.T,,4025.0,-24.569649615431572,1.2039982,-163.82,3343.028,55797305344.0,,1753682400.0,1754028000.0,True,,,False,1753682400.0,2025-07-28,-227.0
4,False,40.260347965312235,True,False,True,True,0.5885464394575619,1907.0,1907.0,12663206.65,12.663206650000001,2180.277587890625,0.8746592684305783,-0.13910044738112448,-0.06955601603597872,24.805577744529476,1.3007644333785777,-0.02778721817711227,-0.08976600408162361,41.7336259952859,11.225024873426335,26.54635204696678,"fund_low_adv20,fund_small_mcap",2,trend_break;di_bear,True,False,False,False,False,False,True,False,False,2552.T,,1907.0,20.316929,,93.86261,,,,,,True,,,False,,,
5,True,33.813747228381374,False,False,True,False,0.40283321457332727,2466.0,2466.0,8910705.0,8.910705,2694.5,0.9151976247912414,-0.9636792472682821,0.07658322346305302,63.85216231787031,2.5893009861261276,-0.07950727883538633,-0.08480237520875855,16.108922539644663,20.953715122002947,27.366049116498143,"fund_low_adv20,fund_small_mcap",1,macd_sell_like,False,False,True,False,False,False,False,False,False,2553.T,,2466.0,25.501972,,96.6984,,,,,,True,,,False,,,
3,False,50.49616302251043,False,False,True,True,0.2899608538972212,751.5999755859375,751.5999755859375,1550778.8381347656,1.5507788381347656,770.2692260742188,0.9757626945796192,-0.030975687893217252,-0.010808047259936115,2.756350611010679,0.366731067129408,-0.0076454456318986175,-0.010746636323878178,20.313705114322534,19.964282441344647,40.44562970912702,"fund_neg_eps,fund_low_adv20,fund_small_mcap",2,trend_break;di_bear,True,False,False,False,False,False,True,False,False,2554.T,,751.6,,,,,,,,,True,,,False,,,
4,False,43.75,True,False,True,False,0.5150893517599207,1836.0,1836.0,46066498.0,46.066498,2098.568603515625,0.8748820490901478,-0.13917515158967753,-0.0685822562968249,23.43443988545356,1.2763856146761199,-0.032920726889649754,-0.09771151675649847,31.305578294249273,16.36860291106875,26.136432241088208,"fund_low_adv20,fund_small_mcap",2,trend_break;di_bear,True,False,False,False,False,False,True,False,False,2555.T,,1836.0,20.10142,,91.33683,,,,,,True,,,False,,,
4,False,40.53156146179401,True,True,False,True,0.5307930551478293,1836.5,1836.5,81064844.75,81.06484475,2153.744384765625,0.85270100434869,-0.16146037906140254,-0.06526482875315132,22.485796868933313,1.2243831673799788,-0.03545168067226889,-0.09196396442506394,42.655029493161614,13.132318104123208,26.884036813806127,"fund_low_adv20,fund_small_mcap",2,trend_break;di_bear,True,False,False,False,False,False,True,False,False,2556.T,,1836.5,20.482012,,89.66405,,,,,,True,,,False,,,
6,True,48.529411764705884,False,False,True,True,0.26031361076264886,3883.0,3883.0,54151570.5,54.1515705,4051.0,0.9585287583312763,-0.11399094849123304,0.10839857064034142,59.81320041037802,1.5403863098217363,-0.041471241668723735,-0.041471241668723735,14.135859517938288,32.742557060300435,33.20530394016449,"fund_low_adv20,fund_small_mcap",1,macd_sell_like,False,False,True,False,False,False,False,False,False,2557.T,,3883.0,17.211702,,225.60231,,,,,,True,,,False,,,
1,False,3.7159567687841673,False,True,False,False,0.059950488548691144,3392.0,3392.0,763910522.95,763.9105229500001,35003.26171875,0.09690525492322981,-0.9030947450767702,-0.8859952508961926,2019.6604575323838,59.541876696119814,-0.9030947450767702,-0.9030947450767702,60.76987018516194,5.276266016833815,90.81281835472426,fund_small_mcap,6,trend_break;macd_sell_like;trailing_stop;di_bear;vol_distribution;natr_spike,True,False,True,False,True,False,True,True,True,2558.T,,3392.0,3.5072913,,967.1281,,,,,,True,,,False,,,
1,False,6.449220669398173,False,True,False,False,0.060982918170673125,2908.0,2908.0,1077531700.15,1077.53170015,30357.630859375,0.09579140129447736,-0.9042085987055226,-0.8851409894969147,1870.8543301523773,64.33474312766084,-0.9042085987055226,-0.9042085987055226,55.86525298397288,6.971001295094367,84.63684827748976,fund_small_mcap,6,trend_break;macd_sell_like;trailing_stop;di_bear;vol_distribution;natr_spike,True,False,True,False,True,False,True,True,True,2559.T,,2908.0,2.9349663,,990.8121,,,,,,True,,,False,,,
6,True,42.29074889867841,False,False,True,True,0.08940418203576982,50540.0,50540.0,33202.5,0.0332025,61364.1953125,0.8236073127435749,-0.3247603925181839,0.09185039320971744,233.019917459595,0.46106038278511086,-0.025265188042430053,-0.025265188042430053,16.702476443464196,38.53893936864207,59.67490489414647,"fund_low_adv20,fund_small_mcap",1,macd_sell_like,False,False,True,False,False,False,False,False,False,2560.T,,50540.0,17.094753,,2956.4626,,,,,,True,,,False,,,
3,False,65.59139784946237,True,False,False,False,0.34450865079301357,2022.0,2022.0,42557541.1,42.5575411,2217.7734375,0.9117252311756935,-0.1186823899845828,-0.03733234540465391,12.675093019211468,0.6268591997631785,-0.004921259842519676,-0.032474967293026125,19.974523950460974,21.27704078094294,15.460737909547436,"fund_neg_eps,fund_low_adv20,fund_small_mcap",1,trend_break,True,False,False,False,False,False,False,False,False,2561.T,,2022.0,,,,,,,,,True,,,False,,,
4,True,59.01162790697674,False,False,True,True,0.40731185653230667,3566.0,3566.0,23973344.9,23.973344899999997,3621.0,0.9848108257387462,-0.10402024177677816,0.052947948543272894,30.50629370128034,0.8554765479887925,-0.015189174261253768,-0.015189174261253768,12.629246269908702,32.21357333285641,36.78562199987384,"fund_low_adv20,fund_small_mcap",1,macd_sell_like,False,False,True,False,False,False,False,False,False,2562.T,,3566.0,23.798656,,149.8404,,,,,,True,,,False,,,
5,True,43.5294149326234,False,False,True,True,0.4772016774866932,391.8999938964844,391.8999938964844,412194206.4170532,412.19420641705324,406.29998779296875,0.9645582221778901,-0.09481027901978234,0.06318416337333588,3.9273238399790777,1.0021239860025188,-0.03544177782210989,-0.03544177782210989,37.58712464992538,32.113033367781,36.54757619754956,fund_small_mcap,2,macd_sell_like;di_bear,False,False,True,False,False,False,True,False,False,2563.T,,391.9,26.593164,,14.73687,,,,,,True,,,False,,,
4,False,41.53225806451612,True,False,True,True,0.578020800949887,3269.0,3269.0,106403080.85,106.40308085,3679.4375,0.8884510200268383,-0.11345144468413992,-0.003360111346042083,44.50355372185198,1.3613812701698373,-0.03255401006214853,-0.08222715347879206,32.16153222302736,16.901742052828826,30.73355226492734,"fund_low_adv20,fund_small_mcap",2,trend_break;di_bear,True,False,False,False,False,False,True,False,False,2564.T,,3269.0,15.347395,,213.00032,,,,,,True,,,False,,,
4,False,43.95604395604395,True,True,False,True,0.5147954126969283,883.0,883.0,16861545.85,16.861545850000002,1000.5806884765625,0.8824875496492088,-0.1335031647272208,-0.04704289171606946,12.213482282890118,1.383180326488122,-0.018888888888888844,-0.08256610317087976,33.5930905932334,12.624665604518878,23.149969213159636,"fund_low_adv20,fund_small_mcap",2,trend_break;di_bear,True,False,False,False,False,False,True,False,False,2565.T,,883.0,21.710802,,40.670998,,,,,,True,,,False,,,
4,False,40.74074074074074,True,False,True,False,0.5329303312672824,1010.0,1010.0,3586860.85,3.58686085,1149.6998291015625,0.87849017146438,-0.1415150502620366,-0.06500204457914249,14.757694569776776,1.4611578781957204,-0.03349282296650713,-0.08946525099924285,40.44292522692178,14.67900825565879,25.005951907893525,"fund_low_adv20,fund_small_mcap",2,trend_break;di_bear,True,False,False,False,False,False,True,False,False,2566.T,,1010.0,20.5942,,49.042934,,,,,,True,,,False,,,
5,True,52.029149534265436,False,False,True,False,0.2110561659191742,517.9000244140625,517.9000244140625,138779.3027191162,0.1387793027191162,530.4000244140625,0.9764328819294289,-0.10626189628172489,0.11798495023122468,9.215875347198192,1.779469958053154,-0.023567118070571103,-0.023567118070571103,14.875642117397902,26.73982726112452,33.529815240742735,"fund_low_adv20,fund_small_mcap",0,,False,False,False,False,False,False,False,False,False,2567.T,,517.9,17.352135,,29.846474,,,,,,True,,,False,,,
5,True,48.68421052631579,False,False,True,False,0.521610589445984,7961.0,7961.0,187694212.45,187.69421244999998,8500.0,0.9365882352941176,-0.11644522691608361,0.17280147752490493,129.78788848676433,1.6302963005497342,-0.06341176470588239,-0.06341176470588239,43.3761762338111,37.22633136006085,32.75938823622926,"fund_low_adv20,fund_small_mcap",1,macd_sell_like,False,False,True,False,False,False,False,False,False,2568.T,,7961.0,31.847183,,249.975,,,,,,True,,,False,,,
5,True,45.793103448275865,False,False,True,True,0.52526949097488,4244.0,4244.0,186114037.8,186.1140378,4499.0,0.9433207379417649,-0.12861261732447804,0.11929733294949996,65.49248523249982,1.5431782571277053,-0.05667926205823515,-0.05667926205823515,33.90958728989235,33.369275387810106,40.207700993674024,"fund_low_adv20,fund_small_mcap",2,macd_sell_like;di_bear,False,False,True,False,False,False,True,False,False,2569.T,,4244.0,31.553503,,134.50171,,,,,,True,,,False,,,
6,True,47.916666666666664,False,False,True,True,0.4818009548413303,4215.0,4215.0,29107725.0,29.107725,4385.0,0.9612314709236032,-0.08267581823630643,0.059564348367652675,45.29766821103736,1.0746777748763312,-0.015186915887850483,-0.03876852907639683,12.82289404174931,21.10364126058496,20.329622264786767,fund_low_adv20,0,,False,False,False,False,False,False,False,False,False,2573.T,,4215.0,34.293385,1.3239222,122.91,3183.722,57353629696.0,,1754463600.0,1754982000.0,True,,,False,1754463600.0,2025-08-06,-220.0
4,True,79.44535073409462,True,True,False,True,0.556796643714443,3882.0,3882.0,2774653530.0,2774.65353,4201.0,0.9240656986431802,-0.21947155439181143,0.22521557738485543,107.20807302253462,2.761671123712896,0.0,-0.04148148148148145,19.02041220965708,32.282951009439024,16.5305824132255,fund_neg_eps,0,ext_dev200,False,False,False,False,False,True,False,False,False,2579.T,,3882.0,-13.098491750177143,1.72838,-296.37,2246.034,630736617472.0,1777530600.0,1785479400.0,1785479400.0,True,,,False,1785479400.0,2026-07-31,37.0
1,False,74.91525423728814,False,False,True,False,0.47120269983643015,1760.0,1760.0,2179922570.0,2179.92257,2952.65380859375,0.5960739436765291,-0.6820461391409178,-0.009573595087457587,103.75878639544838,5.895385590650476,-0.02708678828081812,-0.02708678828081812,20.531545667056612,26.737039353713925,18.350187048323946,,1,trend_break,True,False,False,False,False,False,False,False,False,2585.T,,1760.0,26.482096,5.5297046,66.46,318.281,91322843136.0,,1747133940.0,1747133940.0,True,,,True,1747133940.0,2025-05-13,-281.0
2,False,52.77777777777778,False,False,True,False,0.4439543670816525,90.0,90.0,433322870.0,433.32287,423.0,0.2127659574468085,-0.8108747044917257,-0.44332766352249886,8.513409297978106,9.459343664420118,-0.25619834710743805,-0.25619834710743805,29.02025953816572,25.56392893737517,20.79445957876139,fund_small_mcap,4,trend_break;macd_sell_like;trailing_stop;natr_spike,True,False,True,False,True,False,False,False,True,2586.T,,90.0,113.92405,1.3017255,0.79,69.139,9575510016.0,,1747290600.0,1747290600.0,True,,,False,1747290600.0,2025-05-15,-279.0
2,False,62.05420827389444,True,False,True,False,0.33348285729258526,4339.0,4339.0,4863758230.0,4863.75823,5245.0,0.8272640610104862,-0.2120805658485856,-0.06824751877615409,100.28512396078047,2.311249687964519,0.0,-0.0853709949409781,13.157844822074203,21.543790096054558,15.525240042129498,,1,trend_break,True,False,False,False,False,False,False,False,False,2587.T,,4339.0,15.107413,1.0195007,287.21,4256.005,1340749512704.0,1785997800.0,1785997800.0,1785997800.0,True,,,True,1785997800.0,2026-08-06,41.0
1,False,20.65217391304347,False,False,True,True,0.4755707763974439,3390.0,3390.0,31496900.0,31.4969,4265.29248046875,0.7947872310101096,-0.22748556749902327,-0.01959134637572335,84.36598918097,2.488672247226254,-0.07377049180327866,-0.17865665730181557,18.880222003587814,19.138161177116984,27.00559192966809,fund_low_adv20,1,trend_break,True,False,False,False,False,False,False,False,False,2588.T,,3390.0,12.216216,3.2294326,277.5,1049.72,73021497344.0,,1747117800.0,1747117800.0,True,,,False,1747117800.0,2025-05-13,-281.0
3,False,48.03921568627451,False,False,True,False,0.2931469056442153,2549.0,2549.0,336967895.0,336.967895,2912.0,0.8753434065934066,-0.31292902710345705,-0.0032114414300231653,68.95861080828941,2.7053201572494863,-0.06252298639205589,-0.07778581765557169,13.857470668399422,24.47300863322991,19.86234473137389,fund_neg_eps,1,trend_break,True,False,False,False,False,False,False,False,False,2590.T,,2549.0,-2.6612793769119136,1.2327468,-957.81,2067.74,80800432128.0,,1756101600.0,1756447200.0,True,,,False,1756101600.0,2025-08-25,-207.0
1,False,42.1021021021021,False,False,True,False,0.30019307910143994,2806.0,2806.0,1712904887.5,1712.9048875,3622.919189453125,0.7745135492308792,-0.26040304520166035,-0.08992942629627565,84.09841705621756,2.997092553678459,-0.0677740863787375,-0.0847774313322841,20.761164151183713,24.2889915854765,27.84312273527813,,2,trend_break;di_bear,True,False,False,False,False,False,True,False,False,2593.T,,2806.0,22.904253,1.8348564,122.51,1529.275,323338141696.0,1780295400.0,1788157800.0,1788157800.0,True,,,True,1788157800.0,2026-08-31,58.0
4,False,62.345679012345684,True,False,True,False,0.27132629597756425,1960.0,1960.0,153105170.0,153.10517,2057.817626953125,0.9524653566613883,-0.10298233577870253,-0.00872495086923486,17.533881831410064,0.8945858077250032,0.0,-0.03110749158149606,24.746350535675912,23.04666663822256,15.788785588262586,fund_low_adv20,1,trend_break,True,False,False,False,False,False,False,False,False,2594.T,,1960.0,72.378136,1.321894,27.08,1482.721,41989967872.0,,1753678800.0,1754024400.0,True,,,False,1753678800.0,2025-07-28,-227.0
7,True,64.28571428571428,True,False,True,True,0.4133939588121421,1082.0,1082.0,3452045.0,3.452045,1172.0,0.9232081911262798,-0.14249146757679176,0.03928815935006358,6.674637748208717,0.6168796440118962,0.0,-0.016363636363636358,26.489938217011712,22.48946510744092,11.572566055391704,"fund_low_adv20,fund_small_mcap",0,,False,False,False,False,False,False,False,False,False,2597.T,,1082.0,21.45974,2.0173357,50.42,536.351,14480425984.0,,1754982000.0,1755500400.0,True,,,False,1754982000.0,2025-08-12,-216.0
7,True,56.326530612244895,True,False,True,False,0.49291696497943416,1809.0,1809.0,570078110.0,570.07811,2002.05126953125,0.903573263847309,-0.14737448237293738,0.018982553003694447,30.585243276256996,1.6907265492679378,-0.0033057851239669533,-0.07087827426810478,30.268233458886158,26.659092438016074,20.77030387240789,,0,,False,False,False,False,False,False,False,False,False,2602.T,,1809.0,7.1100106,0.78713226,254.43,2298.216,165470978048.0,1786084200.0,1786084200.0,1786084200.0,True,,,True,1786084200.0,2026-08-07,42.0
4,False,71.78683385579937,True,False,False,False,0.44707664164236466,4008.0,4008.0,1652839335.0,1652.839335,4228.68701171875,0.9478119304864202,-0.27045913035164515,0.12400460089238363,142.94494967333387,3.566490760312721,0.0,0.0,18.106352432197603,36.147308917480785,14.902612773030603,,1,trend_break,True,False,False,False,False,False,False,False,False,2607.T,,4008.0,30.928312,1.434957,129.59,2793.115,344617811968.0,1786084200.0,1786084200.0,1786084200.0,True,,,True,1786084200.0,2026-08-07,42.0
4,True,63.63636363636363,True,True,False,False,0.53516876443291,1602.0,1602.0,23188575.0,23.188575,1734.745849609375,0.9234782146103613,-0.16068396974239318,0.15830830493358383,41.179950795070376,2.5705337574950295,0.0,-0.07652178538963872,14.612686234575513,33.28693424253885,14.579172816717506,fund_low_adv20,0,,False,False,False,False,False,False,False,False,False,2612.T,,1602.0,16.242523,1.1814926,98.63,1355.912,44235087872.0,,1753857000.0,1754289000.0,True,,,False,1753857000.0,2025-07-30,-225.0
4,True,61.46341463414634,True,False,False,True,0.2996128201243467,2049.0,2049.0,147361205.0,147.361205,2103.0,0.9743223965763196,-0.10813100907992435,0.02852460472526719,29.4159536547116,1.43562487333878,0.0,-0.025677603423680417,13.027268982966694,36.68391424381963,16.530920531083353,fund_low_adv20,0,,False,False,False,False,False,False,False,False,False,2613.T,,2049.0,14.278746,0.6136615,143.5,3338.974,67853180928.0,,1754287200.0,1754632800.0,True,,,False,1754287200.0,2025-08-04,-222.0
5,True,92.6825455898772,False,False,True,True,0.30985875816279773,372.1000061035156,372.1000061035156,79022584.63778687,79.02258463778686,372.8999938964844,0.9978546854221971,-0.07809671670634144,0.04145457444199363,0.9246990280527367,0.24850820018409028,0.0,-0.0021453145778028704,14.026257080124633,35.25168193372575,21.471065581737676,"fund_neg_eps,fund_low_adv20,fund_small_mcap",1,rsi_reversal,False,False,False,True,False,False,False,False,False,2620.T,,372.1,,,,,,,,,True,,,False,,,
3,False,67.27272727272728,False,False,True,True,0.3400865910849064,1039.0,1039.0,649964860.3,649.9648602999999,1115.4542236328125,0.9314591114426765,-0.174775625187523,-0.02565034740024219,6.318497915154204,0.6081326193603661,-0.00858778625954193,-0.026915654967344493,14.931970884069923,32.46970329621679,37.73109342552795,"fund_neg_eps,fund_small_mcap",1,trend_break,True,False,False,False,False,False,False,False,False,2621.T,,1039.0,,,,,,,,,True,,,False,,,
4,False,55.421686746987945,False,False,True,True,0.3556843083105481,1725.0,1725.0,4846473.7,4.8464737,1759.4166259765625,0.9804386150111207,-0.04665540980970073,0.0012525963173943833,14.155398085717522,0.8206027875778275,-0.014848657909765861,-0.014848657909765861,20.058063581465515,22.282536289398493,28.368307071174637,"fund_neg_eps,fund_low_adv20,fund_small_mcap",3,trend_break;macd_sell_like;di_bear,True,False,True,False,False,False,True,False,False,2622.T,,1725.0,,,,,,,,,True,,,False,,,
3,False,52.11267605633803,False,True,False,True,0.23833069434660634,1940.0,1940.0,2283550.65,2.28355065,1983.4166259765625,0.9781101835045949,-0.04088668807751583,-0.006311148274596334,12.901430736243656,0.6650222028991576,-0.009698825931597765,-0.009698825931597765,24.944003014230766,21.005041657571986,21.116966023394447,"fund_neg_eps,fund_low_adv20,fund_small_mcap",4,trend_break;macd_sell_like;di_bear;vol_distribution,True,False,True,False,False,False,True,True,False,2623.T,,1940.0,,,,,,,,,True,,,False,,,
4,True,59.299191374663074,False,False,True,True,0.3394220287068475,6486.0,6486.0,200913786.75,200.91378675,6885.0,0.9420479302832244,-0.12303264972341532,0.23143026099218145,157.44487702829232,2.427457246813018,-0.05795206971677558,-0.05795206971677558,30.885302408284694,32.209096492057306,27.481432161516402,fund_small_mcap,1,macd_sell_like;ext_dev200,False,False,True,False,False,True,False,False,False,2624.T,,6486.0,21.903517,,296.11682,,,,,,True,,,False,,,
6,True,49.641577060931894,False,False,True,True,0.2769132865349256,3866.0,3866.0,27513314.35,27.51331435,4024.0,0.9607355864811133,-0.11504422903953526,0.11138129925883122,64.59960618283759,1.6709675681023692,-0.039264413518886654,-0.039264413518886654,12.952553745744977,26.963771843633765,30.71676458061896,"fund_low_adv20,fund_small_mcap",1,macd_sell_like,False,False,True,False,False,False,False,False,False,2625.T,,3866.0,17.245028,,224.18057,,,,,,True,,,False,,,
4,False,52.32876712328766,False,False,True,False,0.4879542979152333,2904.0,2904.0,5493780.35,5.49378035,3244.651123046875,0.8950114788529289,-0.19559918739457838,-0.01606345572378165,74.00128199307925,2.548253512158376,-0.055609756097561025,-0.055609756097561025,26.25899035111619,24.262909700218227,14.133356239447629,"fund_low_adv20,fund_small_mcap",2,trend_break;macd_sell_like,True,False,True,False,False,False,False,False,False,2626.T,,2904.0,18.356916,,158.1965,,,,,,True,,,False,,,
3,False,47.87234042553191,False,False,False,True,0.37531690715660626,1418.0,1418.0,893804.95,0.8938049499999999,1572.2982177734375,0.9018645343299172,-0.16682472498435008,-0.025634349844332105,22.664547007928274,1.598346051334857,-0.030095759233926156,-0.030095759233926156,11.384761243847592,20.63113459197368,21.992568044806458,"fund_low_adv20,fund_small_mcap",1,trend_break,True,False,False,False,False,False,False,False,False,2627.T,,1418.0,22.717258,,62.419506,,,,,,True,,,False,,,
5,True,37.94466403162055,False,False,True,False,0.43760404467206326,3745.0,3745.0,53707454.5,53.7074545,4265.0,0.8780773739742087,-0.7513333333333333,0.21031335643001192,179.2123186165304,4.785375663992801,-0.12192262602579129,-0.12192262602579129,36.35479900661193,26.65684813306866,22.308265994315587,"fund_neg_eps,fund_low_adv20,fund_small_mcap",1,trailing_stop;ext_dev200,False,False,False,False,True,True,False,False,False,2628.T,,3745.0,,,,,,,,,True,,,False,,,
3,False,46.27659574468085,False,False,True,True,0.19458129211948366,3662.0,3662.0,4330986.75,4.33098675,9305.0,0.3935518538420204,-0.7417697431018078,-0.012068572476856332,91.74508875978022,2.5053273828448996,-0.04858404780462455,-0.04858404780462455,21.19440380072835,11.907416250225596,17.764709931355053,"fund_neg_eps,fund_low_adv20,fund_small_mcap",3,trend_break;macd_sell_like;di_bear,True,False,True,False,False,False,True,False,False,2629.T,,3662.0,,,,,,,,,True,,,False,,,
5,True,41.821330915661164,False,False,True,True,0.4727132750467441,15460.0,15460.0,41425829.5,41.4258295,16011.955078125,0.965528564411284,-0.09495153524476596,0.0625300021050168,150.55603341554777,0.973842389492547,-0.034471435588716015,-0.034471435588716015,30.561464940065633,27.32471072075192,34.5802476155184,"fund_low_adv20,fund_small_mcap",2,macd_sell_like;di_bear,False,False,True,False,False,False,True,False,False,2630.T,,15460.0,31.546038,,490.0774,,,,,,True,,,False,,,
4,True,49.09217346627313,False,False,True,False,0.5262948696226303,33200.0,33200.0,1161144379.5,1161.1443795,35150.078125,0.9445213715296685,-0.11593912105984294,0.17355298152882304,499.261497403643,1.5037996909748284,-0.05547862847033147,-0.05547862847033147,42.07761166077283,35.60427789539942,36.35217138214925,fund_small_mcap,2,macd_sell_like;di_bear,False,False,True,False,False,False,True,False,False,2631.T,,33200.0,47.103813,,704.8262,,,,,,True,,,False,,,
5,True,45.64359458644491,False,True,False,True,0.5270521644568664,17665.0,17665.0,87197958.25,87.19795825,18738.40234375,0.9427164427330155,-0.1278102163610133,0.11767483743688167,279.1776870454102,1.5804001531016711,-0.05728355726698453,-0.05728355726698453,35.624601666019835,32.40663205276545,39.019545986477596,"fund_low_adv20,fund_small_mcap",3,macd_sell_like;di_bear;vol_distribution,False,False,True,False,False,False,True,True,False,2632.T,,17665.0,53.29899,,331.4322,,,,,,True,,,False,,,
6,True,49.88012540726624,False,False,True,True,0.46559971195340916,544.9000244140625,544.9000244140625,83562038.21435547,83.56203821435547,561.2999877929688,0.9707821775600052,-0.11230406643707946,0.11612299561289507,4.316942740475019,0.79224491595813,-0.029217822439994823,-0.029217822439994823,38.82842096355685,37.16809936488288,34.76674974323681,"fund_low_adv20,fund_small_mcap",1,macd_sell_like,False,False,True,False,False,False,False,False,False,2633.T,,544.9,3.6235645,,150.3768,,,,,,True,,,False,,,
5,True,43.96887159533073,False,False,True,True,0.482228056663802,3055.0,3055.0,150381804.7,150.38180469999998,3159.0,0.9670781893004116,-0.09562081885797957,0.06324258903784896,30.29008604550664,0.9914921782489899,-0.03292181069958844,-0.03292181069958844,24.024060556898924,28.655517360672857,32.403896432178044,"fund_low_adv20,fund_small_mcap",2,macd_sell_like;di_bear,False,False,True,False,False,False,True,False,False,2634.T,,3055.0,3.4845235,,876.73395,,,,,,True,,,False,,,
7,True,53.16946959896508,False,False,True,True,0.21241564987757292,4677.0,4677.0,1217463.95,1.21746395,4878.0,0.9587945879458795,-0.11939978808175777,0.12934331400724308,85.03246116827272,1.8180983786246039,-0.04120541205412054,-0.04120541205412054,27.08211544915194,28.557792689678628,21.93580664943093,"fund_low_adv20,fund_small_mcap",2,cross_sma25_down;macd_sell_like,False,True,True,False,False,False,False,False,False,2636.T,,4677.0,22.156935,,211.08516,,,,,,True,,,False,,,
4,True,60.0,False,False,True,False,0.34850604018425296,3014.0,3014.0,34589905.5,34.5899055,3260.0,0.9245398773006135,-0.15686369088048813,0.43114603392170747,135.6378441816431,4.500260258183248,-0.07546012269938651,-0.07546012269938651,36.17814490070192,22.968639850889723,16.90481469209793,"fund_low_adv20,fund_small_mcap",1,macd_sell_like;ext_dev200,False,False,True,False,False,True,False,False,False,2637.T,,3014.0,26.641237,,113.13288,,,,,,True,,,False,,,
6,True,37.19879518072289,False,False,True,True,0.31723694104063016,2626.0,2626.0,296840589.05,296.84058905,2938.0,0.8938053097345132,-0.17948717948717952,0.0767944976660675,90.69515000118433,3.453737623807476,-0.10619469026548678,-0.10619469026548678,25.124224517850223,21.755329933806824,31.11579117287907,fund_small_mcap,3,macd_sell_like;trailing_stop;di_bear,False,False,True,False,True,False,True,False,False,2638.T,,2626.0,24.484884,,107.24984,,,,,,True,,,False,,,
4,False,44.30379746835443,False,True,False,True,0.2058756178389308,1659.0,1659.0,810626.3,0.8106263,1793.0,0.9252649191299498,-0.1471556649432897,-0.01116555280497622,24.187949240144004,1.4579836793335748,-0.02066115702479343,-0.062182023742227255,14.089079265075855,24.68858958145706,23.478194446277616,"fund_low_adv20,fund_small_mcap",2,trend_break;macd_sell_like,True,False,True,False,False,False,False,False,False,2639.T,,1659.0,19.71144,,84.16433,,,,,,True,,,False,,,
0,False,32.55813953488372,False,False,True,False,0.3636710727857779,3499.0,3499.0,55255731.55,55.25573155,4916.46337890625,0.7116904429741551,-0.28830955702584493,-0.17250440609856865,87.00712762989784,2.4866283975392354,-0.07065073041168657,-0.1308991554893194,12.970548328439174,13.613995242030452,22.715237015284746,"fund_low_adv20,fund_small_mcap",2,trend_break;macd_sell_like,True,False,True,False,False,False,False,False,False,2640.T,,3499.0,17.941523,,195.02246,,,,,,True,,,False,,,
6,True,42.17772215269087,False,False,True,True,0.2075022336600109,4265.0,4265.0,60395386.2,60.395386200000004,4520.0,0.9435840707964602,-0.08296064400715564,0.05784556804577701,94.4727668475558,2.2150707349954466,-0.05641592920353977,-0.05641592920353977,15.747081403723609,14.54916639148977,23.65063092170158,"fund_low_adv20,fund_small_mcap",2,cross_sma25_down;macd_sell_like,False,True,True,False,False,False,False,False,False,2641.T,,4265.0,19.604397,,217.55324,,,,,,True,,,False,,,
6,True,45.74669187145558,False,False,True,False,0.27226974793683273,50640.0,50640.0,211397.0,0.211397,52860.0,0.9580022701475596,-0.12158231529959274,0.09761537192148584,569.6326989982022,1.1248670991275715,-0.041997729852440435,-0.041997729852440435,14.768889209394878,27.961406239332387,42.89022274666716,"fund_low_adv20,fund_small_mcap",1,macd_sell_like,False,False,True,False,False,False,False,False,False,2642.T,,50640.0,17.083467,,2964.2693,,,,,,True,,,False,,,
4,True,59.96621621621622,False,False,True,True,0.26983697950458485,4045.0,4045.0,7605292.2,7.6052922,4210.0,0.9608076009501187,-0.12076218365821523,0.11730008074869391,64.52568268956496,1.595196110990481,-0.039192399049881255,-0.039192399049881255,20.396199369364663,35.27825566943795,36.69356295723878,"fund_low_adv20,fund_small_mcap",2,macd_sell_like;di_bear,False,False,True,False,False,False,True,False,False,2643.T,,4045.0,18.530006,,218.29457,,,,,,True,,,False,,,
4,True,58.394160583941606,False,False,False,False,0.3783084211980399,4083.0,4083.0,13431157843.95,13431.15784395,4489.0,0.9095566941412341,-0.6894008995659489,0.42526469504903375,196.07466548581456,4.802220560514684,-0.09044330585876592,-0.09044330585876592,25.90901589737782,32.13207624436378,25.513471021280605,fund_small_mcap,2,macd_sell_like;trailing_stop;ext_dev200,False,False,True,False,True,True,False,False,False,2644.T,,4083.0,34.674595,,117.75192,,,,,,True,,,False,,,
4,False,61.11111111111111,True,False,True,True,0.3351661880213935,2798.0,2798.0,653046.9,0.6530469,2855.36328125,0.9799103386855602,-0.10638534186625226,0.03228296118848184,54.87442678644763,1.9612018150981996,0.0,0.0,16.895772125231062,35.05244057450078,19.7299312377015,"fund_low_adv20,fund_small_mcap",1,trend_break,True,False,False,False,False,False,False,False,False,2645.T,,2798.0,17.88169,,156.47292,,,,,,True,,,False,,,
4,True,37.83257624918884,False,False,True,True,0.286690827251712,3680.0,3680.0,95938200.55,95.93820054999999,4493.0,0.8190518584464723,-0.23728819007729496,0.20381728393207288,163.89290419244085,4.453611526968501,-0.15480018373909055,-0.18094814155352767,15.846091880339296,18.371802106939334,35.173860516234804,"fund_low_adv20,fund_small_mcap",2,macd_sell_like;trailing_stop;ext_dev200,False,False,True,False,True,True,False,False,False,2646.T,,3680.0,17.946867,,205.04971,,,,,,True,,,False,,,
7,True,66.40648923790923,True,False,True,False,0.3711598656123098,5929.0,5929.0,32912102.3,32.9121023,6044.59814453125,0.9808757932674423,-0.09006794933052009,0.026027399164377796,43.5135043186435,0.7339096697359335,-0.019124206732557658,-0.019124206732557658,37.66459390103352,46.39069854953645,20.22467050191364,"fund_neg_eps,fund_low_adv20,fund_small_mcap",0,,False,False,False,False,False,False,False,False,False,2647.T,,5929.0,,,,,,,,,True,,,False,,,
4,False,54.84503271348511,True,False,True,False,0.2997130155606661,3375.0,3375.0,38378303.25,38.37830325,3510.541748046875,0.9613900765822583,-0.07859442426829011,-0.019686416072472568,18.60916748348392,0.5513827402513753,-0.007207156094483413,-0.024245908100678837,15.473081279710717,26.643983971388785,34.11097354124929,"fund_neg_eps,fund_low_adv20,fund_small_mcap",1,trend_break,True,False,False,False,False,False,False,False,False,2648.T,,3375.0,,,,,,,,,True,,,False,,,
4,False,55.6249833106358,True,False,True,True,0.27898481696336463,588.0,588.0,326425.90216064453,0.32642590216064454,602.62841796875,0.9757256419834012,-0.05412050712135541,-0.0067117443682820355,2.300339522094819,0.39121420443789434,-0.004402261587224121,-0.014414978105708465,12.940080735521395,30.871990963827074,33.46085233308487,"fund_neg_eps,fund_low_adv20,fund_small_mcap",1,trend_break,True,False,False,False,False,False,False,False,False,2649.T,,588.0,,,,,,,,,True,,,False,,,
5,True,73.77049180327869,True,True,False,False,0.3221642938860811,381.0,381.0,39575705.0,39.575705,393.0,0.9694656488549618,-0.5207525845800569,0.11463788293505428,12.217282823280959,3.2066359116222993,0.0,0.0,19.49332281188475,36.464846668984116,13.743095915290368,"fund_low_adv20,fund_small_mcap",1,rsi_reversal,False,False,False,True,False,False,False,False,False,2652.T,,381.0,8.614063,4.0891232,44.23,93.174,12342696960.0,,1754979300.0,1755497700.0,True,,,False,1754979300.0,2025-08-12,-216.0
3,False,42.168674698795186,False,False,True,True,0.4541407303458372,2805.0,2805.0,42462565.0,42.462565,3063.031494140625,0.9157594381140964,-0.15378694244426272,-0.01788385512445667,24.496045710606197,0.8732993123210766,-0.0119760479041916,-0.01991614255765195,12.024414130028546,17.761400164573544,18.159038919714828,fund_low_adv20,1,trend_break,True,False,False,False,False,False,False,False,False,2653.T,,2805.0,16.054258,1.5865394,174.72,1767.999,95877775360.0,,1751954400.0,1752472800.0,True,,,False,1751954400.0,2025-07-08,-241.0
7,True,41.935483870967744,False,False,True,True,0.4985761674410583,392.0,392.0,1816725.0,1.816725,405.6517333984375,0.9663461726538992,-0.22886887936296296,0.015022454909220828,6.09023862638154,1.553632302648352,-0.01754385964912286,-0.02970297029702973,23.068357855863358,22.106470465530837,20.71844576629378,"fund_low_adv20,fund_small_mcap",0,,False,False,False,False,False,False,False,False,False,2654.T,,392.0,11.339312,0.7580182,34.57,517.138,5278076416.0,,1747206000.0,1747206000.0,True,,,False,1747206000.0,2025-05-14,-280.0
5,True,31.034482758620683,False,False,True,True,0.3310922750172155,178.0,178.0,35691050.0,35.69105,215.0,0.827906976744186,-0.3915343915343915,0.20710701207107007,10.472771990427606,5.883579769903149,-0.10999999999999999,-0.172093023255814,21.227303439429782,19.300851744199786,15.47617864892667,"fund_neg_eps,fund_low_adv20,fund_small_mcap",1,trailing_stop;ext_dev200,False,False,False,False,True,True,False,False,False,2656.T,,178.0,-7.725694444444445,5.6686096,-23.04,31.401,5333022208.0,,1747290600.0,1747290600.0,True,,,False,1747290600.0,2025-05-15,-279.0
7,True,48.10126582278481,True,False,True,True,0.5087295191932503,3205.0,3205.0,512085775.0,512.085775,3400.0,0.9426470588235294,-0.18012418829656518,0.10450915318268938,65.80428100498193,2.0531756943832113,-0.021374045801526687,-0.057352941176470607,19.887196217761158,20.669325110937294,23.56271878727633,,0,,False,False,False,False,False,False,False,False,False,2659.T,,3205.0,18.546381,1.2672958,172.81,2529.007,196878663680.0,1783405800.0,1783405800.0,1783405800.0,True,,,True,1783405800.0,2026-07-07,19.0
5,True,78.04878048780488,True,False,True,False,0.24996857737711192,3405.0,3405.0,321638450.0,321.63845,3405.0,1.0,-0.12261794398431669,0.1593720671144394,83.73107801255004,2.459062496697505,0.0,0.0,41.747258218493045,30.256285455655892,5.863959404338933,,0,,False,False,False,False,False,False,False,False,False,2664.T,,3405.0,23.762999,0.65601134,143.29,5190.459,76048113664.0,,1753336800.0,1753682400.0,True,,,True,1753336800.0,2025-07-24,-229.0
3,False,38.095238095238095,False,False,True,True,0.4366098288850469,154.0,154.0,7946805.0,7.946805,178.2774200439453,0.8638222381838321,-0.18579231090720494,-0.03218522866556517,2.9659878994466116,1.925966168471826,-0.04938271604938271,-0.08875739644970415,34.75882308314102,13.55574103168643,27.47130860003851,"fund_low_adv20,fund_small_mcap",3,trend_break;macd_sell_like;di_bear,True,False,True,False,False,False,True,False,False,2666.T,,154.0,5.0376186,0.64467514,30.57,238.88,2225421568.0,,1754629200.0,1755061200.0,True,,,False,1754629200.0,2025-08-08,-218.0
0,False,19.37984496124031,False,False,True,False,0.49128909747682126,133.0,133.0,91463755.0,91.463755,328.0,0.4054878048780488,-0.5945121951219512,-0.4103433752299883,17.709576010907895,13.315470684893155,-0.4217391304347826,-0.5145985401459854,24.51645811129422,12.273008144279443,33.520176225570914,"fund_neg_eps,fund_low_adv20,fund_small_mcap",4,trend_break;trailing_stop;di_bear;natr_spike,True,False,False,False,True,False,True,False,True,2667.T,,133.0,-3.5599571734475375,1.1881471,-37.36,111.939,2010609152.0,,1754546400.0,1754978400.0,True,,,False,1754546400.0,2025-08-07,-219.0
7,True,52.7027027027027,False,False,True,True,0.35580315240512045,1264.0,1264.0,1467820.0,1.46782,1285.0,0.9836575875486381,-0.06381322957198443,0.022619031474296225,15.085009292706253,1.1934342794862542,-0.01018010963194993,-0.011727912431587217,22.696519431961626,24.902378869272663,15.520442932534975,"fund_low_adv20,fund_small_mcap",0,,False,False,False,False,False,False,False,False,False,2668.T,,1264.0,15.069147,1.5976399,83.88,791.167,8569744384.0,,1744093800.0,1744093800.0,True,,,False,1744093800.0,2025-04-08,-306.0
7,True,50.909090909090914,False,False,True,False,0.3289935079179183,3775.0,3775.0,22631150.0,22.63115,4015.0,0.9402241594022416,-0.06226650062266503,0.08566115372816352,67.14804674379987,1.778756205133771,-0.05977584059775842,-0.05977584059775842,30.00149372592973,21.87916458071668,21.87129896783721,fund_low_adv20,2,cross_sma25_down;macd_sell_like,False,True,True,False,False,False,False,False,False,2669.T,,3775.0,19.973545,1.5003402,189.0,2516.096,35736444928.0,,1744353000.0,1744353000.0,True,,,False,1744353000.0,2025-04-11,-303.0
4,True,59.57446808510638,True,False,True,False,0.36756891551441,2753.0,2753.0,1587433577.5,1587.4335775,3205.239013671875,0.8589063056630536,-0.25622121802386677,0.026748380335098743,73.60900234046868,2.6737741496719463,0.0,-0.05216044069547254,15.565434924589189,34.30545315872016,17.43393829221596,,0,,False,False,False,False,False,False,False,False,False,2670.T,,2753.0,14.710912,1.7124503,187.14,1607.638,681688563712.0,1783492200.0,1783492200.0,1783492200.0,True,,,True,1783492200.0,2026-07-08,20.0
1,False,23.07692307692308,True,False,True,True,0.5094225826501807,89.0,89.0,25755760.0,25.75576,329.0,0.270516717325228,-0.7386018237082067,-0.5371213106228059,6.029920147714163,6.775191177206925,-0.23275862068965514,-0.5412371134020619,16.657192648087765,25.271148985352955,28.815837577519133,"fund_low_adv20,fund_small_mcap",2,trend_break;trailing_stop,True,False,False,False,True,False,False,False,False,2673.T,,89.0,5.813194,0.31112134,15.31,286.062,900386304.0,,1747723200.0,1747723200.0,True,,,False,1747723200.0,2025-05-20,-276.0
6,True,52.84697508896797,False,False,False,False,0.31419212828191545,2428.0,2428.0,130926500.0,130.9265,2492.0,0.9743178170144462,-0.23200442767206186,0.25757975463876326,69.697555819241,2.870574786624424,-0.025682182985553803,-0.025682182985553803,34.5232556737682,31.684475047940943,15.21578386550089,fund_low_adv20,0,ext_dev200,False,False,False,False,False,True,False,False,False,2674.T,,2428.0,13.400298,1.6709484,181.19,1453.067,33781055488.0,,1754456400.0,1754974800.0,True,,,False,1754456400.0,2025-08-06,-220.0
5,True,71.7948717948718,True,False,True,True,0.3121073985746776,2085.0,2085.0,51884300.0,51.8843,2138.571533203125,0.9749498520992252,-0.13648648355533577,0.046197835866085946,28.71893726529446,1.3774070630836672,0.0,0.0,15.273365461895727,31.498198442515204,17.67817959623621,fund_low_adv20,0,,False,False,False,False,False,False,False,False,False,2676.T,,2085.0,26.379047,2.2136438,79.04,941.886,38946828288.0,,1753943400.0,1754289000.0,True,,,False,1753943400.0,2025-07-31,-224.0
2,False,41.06280193236715,False,False,True,True,0.3673110449759884,1179.0,1179.0,497012980.0,497.01298,1619.27734375,0.7281025727622517,-0.373317587477377,-0.12951075445600824,29.9373134357894,2.5392123355207294,-0.04534412955465583,-0.04534412955465583,19.64294740759259,15.474110190870366,26.755282544423054,fund_neg_eps,2,trend_break;macd_sell_like,True,False,True,False,False,False,False,False,False,2678.T,,1179.0,-72.15422276621787,1.8957238,-16.34,621.926,105565265920.0,1783060200.0,1783060200.0,1783060200.0,True,,,False,1783060200.0,2026-07-03,17.0
4,True,59.54545454545455,False,False,True,True,0.37268221008251556,2103.0,2103.0,334818900.0,334.8189,2120.0,0.9919811320754717,-0.22548024651174792,0.194642849196778,59.761081680781615,2.841706214017195,-0.008018867924528328,-0.008018867924528328,25.2550516632405,33.240316376371126,17.658652233832004,,0,ext_dev200,False,False,False,False,False,True,False,False,False,2681.T,,2103.0,9.587854,0.8531551,219.34,2464.968,83664642048.0,,1754287200.0,1754632800.0,True,,,True,1754287200.0,2025-08-04,-222.0
6,True,58.33333333333333,True,True,False,False,0.4826098835848593,1006.0,1006.0,1058175.0,1.058175,1053.4339599609375,0.9549720611221832,-0.07694201897005093,0.008983896516423506,2.9459034263294517,0.2928333425774803,0.0,-0.001984126984126977,28.648105330770775,31.210080361469632,13.67765939121108,"fund_low_adv20,fund_small_mcap",0,,False,False,False,False,False,False,False,False,False,2683.T,,1006.0,83.071846,2.8090672,12.11,358.126,2533775872.0,,1744353000.0,1744353000.0,True,,,False,1744353000.0,2025-04-11,-303.0
4,True,78.16901408450704,False,False,True,True,0.3546589154942707,3510.0,3510.0,827855075.0,827.855075,3530.0,0.9943342776203966,-0.31482766517440675,0.19895877783534677,93.46777161629406,2.662899476247694,-0.005665722379603388,-0.005665722379603388,28.950191853359158,35.737975704416094,11.089182948169702,,0,ext_dev200,False,False,False,False,False,True,False,False,False,2685.T,,3510.0,17.049595,1.9880017,205.87,1765.592,161909948416.0,1782801000.0,1782801000.0,1782801000.0,True,,,True,1782801000.0,2026-06-30,14.0
6,True,,False,False,True,True,0.3874441378419224,297.0,297.0,32789205.0,32.789205,298.0,0.9966442953020134,-0.09477124183006536,0.028375547514759125,0.890853513334164,0.2999506778902909,0.0,0.0,58.057673027571425,31.55474477808442,6.6555423872132815,"fund_neg_eps,fund_low_adv20,fund_small_mcap",0,,False,False,False,False,False,False,False,False,False,2686.T,,297.0,-3.8818455103907983,-5.357143,-76.51,-55.44,12642852864.0,,1751956200.0,1752474600.0,True,,,False,1751956200.0,2025-07-08,-241.0
0,False,32.25806451612904,False,False,True,True,0.4959316190137652,478.0,478.0,1956735.0,1.956735,627.5860595703125,0.7616485304458019,-0.2450717587482263,-0.08809916536860996,5.875630942184706,1.229211494180901,-0.02647657841140527,-0.08429118773946365,8.58595883377731,23.443934977523785,26.21875065545333,"fund_neg_eps,fund_low_adv20,fund_small_mcap",1,trend_break,True,False,False,False,False,False,False,False,False,2687.T,,478.0,-2.0699809457820892,0.7550639,-230.92,633.059,2359574784.0,,1752215400.0,1752215400.0,True,,,False,1752215400.0,2025-07-11,-238.0
3,False,37.79069767441861,False,False,True,False,0.3731737616980468,2036.0,2036.0,7667875.0,7.667875,2176.0,0.9356617647058824,-0.06755514705882348,-0.015226265792172122,23.231015131821458,1.1410125310324881,-0.022094140249759864,-0.04859813084112152,23.32360120679025,15.24257702822725,24.157670532909165,"fund_low_adv20,fund_small_mcap",2,trend_break;di_bear,True,False,False,False,False,False,True,False,False,2689.T,,2036.0,9.789403,0.9606887,207.98,2119.313,12069465088.0,,1754546400.0,1754892000.0,True,,,False,1754546400.0,2025-08-07,-219.0
4,True,50.62034739454094,False,False,True,False,0.28324070316465805,345.0,345.0,439808880.0,439.80888,520.0,0.6634615384615384,-0.33653846153846156,0.33720141275018856,40.63930145720727,11.77950766875573,-0.33653846153846156,-0.33653846153846156,42.81552493959425,26.9509987441437,20.484983986226442,fund_small_mcap,3,macd_sell_like;trailing_stop;ext_dev200;natr_spike,False,False,True,False,True,True,False,False,True,2693.T,,345.0,71.72557,0.49292055,4.81,699.91,4004978688.0,,1753941600.0,1754287200.0,True,,,False,1753941600.0,2025-07-31,-224.0
2,False,33.33333333333333,False,False,True,True,0.46358036132031044,69.0,69.0,25239000.0,25.239,74.47917175292969,0.9264335031664184,-0.0964590510530523,-0.028559071734037933,1.008800991738272,1.46203042280909,-0.028169014084507005,-0.04818471428075277,68.73482617591168,0.2104555135575928,5.217497999251309,"fund_neg_eps,fund_low_adv20,fund_small_mcap",2,trend_break;di_bear,True,False,False,False,False,False,True,False,False,2694.T,,69.0,-38.764044943820224,2.609781,-1.78,26.439,16266578944.0,,1747294200.0,1747294200.0,True,,,False,1747294200.0,2025-05-15,-279.0
1,False,38.32335329341317,False,False,True,False,0.4642713086644881,1550.0,1550.0,836014465.0,836.014465,2072.4775390625,0.7478971283332477,-0.35230894487175257,-0.10249831683093014,41.53948723259393,2.6799669182318664,-0.0757304710793083,-0.16216216216216217,17.190823289401763,21.680414137320273,29.26684719665112,,1,trend_break,True,False,False,False,False,False,False,False,False,2695.T,,1550.0,34.12594,1.8488499,45.42,838.359,123203723264.0,,1757311200.0,1757656800.0,True,,,True,1757311200.0,2025-09-08,-197.0
4,False,43.07692307692308,True,False,True,True,0.3691171879555577,3235.0,3235.0,25858500.0,25.8585,3887.161865234375,0.8322267279201523,-0.19478526788560224,-0.0568958092852373,41.674535042773535,1.2882391048770798,-0.013719512195121908,-0.038632986627043064,9.664624514456019,30.69559031459616,21.971289232685667,fund_low_adv20,1,trend_break,True,False,False,False,False,False,False,False,False,2698.T,,3235.0,116.36691,4.914927,27.8,658.199,51763990528.0,,1752040800.0,1752472800.0,True,,,False,1752040800.0,2025-07-09,-240.0
3,False,54.83870967741936,True,False,True,True,0.6232357371379168,1826.0,1826.0,35829695.0,35.829695,6266.1484375,0.291407076964892,-0.7231154005837417,-0.40332241970473504,56.432097464845214,3.0904763124230676,-0.001094091903719896,-0.14070588235294113,22.614758033252944,19.503650526068334,18.00490649246234,"fund_low_adv20,fund_small_mcap",1,trend_break,True,False,False,False,False,False,False,False,False,2700.T,,1826.0,2.703303,0.7261543,675.47,2514.617,14934090752.0,,1754287200.0,1754632800.0,True,,,False,1754287200.0,2025-08-04,-222.0
4,True,26.973684210526315,False,False,True,True,0.537367849676489,7280.0,7280.0,5101176350.0,5101.17635,8590.0,0.8474970896391153,-0.15832363213038414,0.04563915728472212,213.58908428037572,2.9339159928623038,-0.12605042016806722,-0.1525029103608847,22.453158648786808,12.682465758935834,30.313861943455805,,2,trailing_stop;di_bear,False,False,False,False,True,False,True,False,False,2702.T,,7280.0,28.52441,3.4080098,255.22,2136.144,967939588096.0,1778567400.0,1786084200.0,1786084200.0,True,,,True,1786084200.0,2026-08-07,42.0
5,True,46.766169154228855,False,False,True,False,0.39113109732686,7530.0,7530.0,143365100.0,143.3651,8030.0,0.937733499377335,-0.12826899128268987,0.18931192895973714,253.3323006555395,3.3643067816140704,-0.06226650062266503,-0.06226650062266503,26.316803816422404,23.240478181706468,28.381638517424594,fund_low_adv20,2,ext_dev200;di_bear;natr_spike,False,False,False,False,False,True,True,False,True,2705.T,,7530.0,44.20311,13.301278,170.35,566.111,54654947328.0,,1754460000.0,1754978400.0,True,,,False,1754460000.0,2025-08-06,-220.0
4,False,48.06629834254144,True,False,True,True,0.6081503808267559,1823.0,1823.0,3948095.0,3.948095,2251.703125,0.809609392890104,-0.21338297835412,-0.0717550780201266,30.549200319434966,1.6757652396837612,-0.0354497354497354,-0.15932208580219576,34.33427929227928,16.403510012787212,38.47834643126225,"fund_low_adv20,fund_small_mcap",2,trend_break;di_bear,True,False,False,False,False,False,True,False,False,2708.T,,1823.0,4.7948446,0.8726024,380.2,2089.153,8433701376.0,,1747291200.0,1747291200.0,True,,,False,1747291200.0,2025-05-15,-279.0
2,False,65.21739130434783,True,False,True,True,0.34295494097929463,116.0,116.0,16469900.0,16.4699,288.0,0.4027777777777778,-0.625,-0.32060442778493614,5.35100070705706,4.612931644014707,-0.008547008547008517,-0.2704402515723271,27.560692788778546,34.166705023158585,13.823936988222812,"fund_neg_eps,fund_low_adv20,fund_small_mcap",1,trend_break,True,False,False,False,False,False,False,False,False,2721.T,,116.0,-3.9044092898014138,7.907294,-29.71,14.67,1193463680.0,,1754982000.0,1755500400.0,True,,,False,1754982000.0,2025-08-12,-216.0
0,False,25.705359719499555,False,False,True,False,0.4437518960698347,357.0,357.0,9303465.0,9.303465,544.7493286132812,0.6553472969095389,-0.34648840980449347,-0.09427456221988362,4.289429002310654,1.2015207289385585,-0.05263267862743781,-0.07421827702093653,42.44210269156383,4.919598364166255,36.76848843106084,"fund_low_adv20,fund_small_mcap",2,trend_break;di_bear,True,False,False,False,False,False,True,False,False,2722.T,,357.0,11.240554,1.0415269,31.76,342.766,2699639040.0,,1752127200.0,1752472800.0,True,,,False,1752127200.0,2025-07-10,-239.0
2,False,55.144032921810705,True,False,True,True,0.5870783456196421,1448.0,1448.0,1192318340.0,1192.31834,2796.394775390625,0.5178095785126514,-0.5147323217944282,-0.2256955715165443,49.340498171968704,3.407492967677397,0.0,-0.08701134930643128,12.548232112538116,25.786467682106068,21.554389554361215,,1,trend_break,True,False,False,False,False,False,False,False,False,2726.T,,1448.0,14.189122,3.0095253,102.05,481.139,251439841280.0,1783405800.0,1783405800.0,1783405800.0,True,,,True,1783405800.0,2026-07-07,19.0
4,True,63.47305389221557,False,False,True,False,0.2992407460560199,2569.0,2569.0,1564946375.0,1564.946375,2667.0,0.963254593175853,-0.11778086612591121,0.21313689873013897,86.39255977337292,3.36288671753106,-0.03674540682414695,-0.03674540682414695,32.719970177872796,37.3818725620863,11.407436290788839,,1,ext_dev200;natr_spike,False,False,False,False,False,True,False,False,True,2730.T,,2569.0,17.588663,1.158748,146.06,2217.048,271645327360.0,1778481000.0,1785825000.0,1785825000.0,True,,,True,1785825000.0,2026-08-04,39.0
1,False,30.45977011494253,True,False,True,False,0.43181387597426774,2494.0,2494.0,291167400.0,291.1674,3143.260986328125,0.7934435005072313,-0.22341796923089352,-0.1495420796578698,46.410875143323885,1.8609011685374452,-0.10126126126126123,-0.17553719008264468,52.033905371402,11.55841347549859,32.95337666337893,,3,trend_break;trailing_stop;di_bear,True,False,False,False,True,False,True,False,False,2733.T,,2494.0,8.235915,0.67261916,302.82,3707.893,83490922496.0,,1754373600.0,1754892000.0,True,,,True,1754373600.0,2025-08-05,-221.0
3,False,60.18870383030221,True,False,True,True,0.37176225098818005,998.0,998.0,160173190.0,160.17319,1202.428466796875,0.8299870034336031,-0.20660560994423116,-0.05116485881755095,19.442945606891463,1.948190942574295,-0.004667180913645486,-0.0862665877618124,22.484130932143028,22.045601317887805,23.106687628032788,fund_low_adv20,2,trend_break;di_bear,True,False,False,False,False,False,True,False,False,2734.T,,998.0,10.911874,0.67910373,91.46,1469.584,63413104640.0,,1751524200.0,1751869800.0,True,,,False,1751524200.0,2025-07-03,-244.0
3,False,56.25,True,False,True,True,0.351791086929675,612.0,612.0,14061010.0,14.06101,702.6902465820312,0.8709385151947684,-0.20298837756298405,-0.03519649870077024,9.732102980281123,1.5902129052746932,-0.00649350649350644,-0.0496894409937888,12.860191601064741,25.52139205228663,15.942120107669258,"fund_low_adv20,fund_small_mcap",1,trend_break,True,False,False,False,False,False,False,False,False,2735.T,,612.0,9.773235,0.6054089,62.62,1010.887,8123904512.0,,1751956200.0,1752474600.0,True,,,False,1751956200.0,2025-07-08,-241.0
4,True,65.75342465753425,True,False,False,True,0.5128892394335547,681.0,681.0,1647930.0,1.64793,720.5496826171875,0.9451117895527554,-0.2214277328353953,0.10287988657138225,11.328794758366245,1.6635528279539273,0.0,-0.007288629737609353,12.159634557536396,24.74061512374629,16.528207016930015,"fund_low_adv20,fund_small_mcap",0,,False,False,False,False,False,False,False,False,False,2736.T,,681.0,18.232933,1.4144859,37.35,481.447,2439989504.0,,1752129000.0,1752474600.0,True,,,False,1752129000.0,2025-07-10,-239.0
4,True,41.77489177489178,False,False,True,True,0.45616770849895827,14300.0,14300.0,1221051050.0,1221.05105,16780.0,0.8522050059594756,-0.2787219476637389,0.31983422299179565,814.5853339980514,5.696400937049311,-0.07323395981853531,-0.14779499404052443,13.988988684736835,19.7312140093109,22.798676815529653,,1,macd_sell_like;ext_dev200,False,False,True,False,False,True,False,False,False,2737.T,,14300.0,9.712034,1.641745,1472.4,8710.244,97252057088.0,,1753329600.0,1753675200.0,True,,,True,1753329600.0,2025-07-24,-229.0
2,False,50.0,True,False,True,True,0.44356492720923585,3845.0,3845.0,123233725.0,123.233725,5206.6748046875,0.738475158183184,-0.29033401573813666,-0.1498870902228303,100.07330119547001,2.6026866370733424,-0.02904040404040409,-0.15494505494505495,33.34137086703846,19.08967332813256,23.776261228827313,fund_low_adv20,2,trend_break;di_bear,True,False,False,False,False,False,True,False,False,2742.T,,3845.0,9.172889,1.0557989,419.17,3641.792,82084143104.0,,1750831200.0,1751263200.0,True,,,False,1750831200.0,2025-06-25,-250.0
4,False,35.294117647058826,False,False,True,True,0.4362721400527822,3015.0,3015.0,2164805.0,2.164805,3229.382568359375,0.9336149979690118,-0.11028064094855594,-0.03214776721018464,28.6102445101688,0.9489301661747529,-0.02584814216478193,-0.0321027287319422,23.96812088897289,18.279273299169247,47.934544176384655,"fund_low_adv20,fund_small_mcap",2,trend_break;di_bear,True,False,False,False,False,False,True,False,False,2747.T,,3015.0,35.189075,0.962042,85.68,3133.959,3810703616.0,,1751954400.0,1752472800.0,True,,,False,1751954400.0,2025-07-08,-241.0
1,False,22.85714285714286,False,False,True,False,0.5440248297316085,592.0,592.0,115584110.0,115.58411,772.1228637695312,0.766717355201522,-0.30435008331867064,-0.09493614403957917,12.763992922206201,2.156079885507804,-0.08782742681047762,-0.17333354015631552,32.3727192255447,12.835726872356432,26.235139358524794,fund_low_adv20,3,trend_break;trailing_stop;di_bear,True,False,False,False,True,False,True,False,False,2749.T,,592.0,11.823447,2.2108939,50.07,267.765,50697981952.0,,1754974800.0,1755493200.0,True,,,False,1754974800.0,2025-08-12,-216.0
5,False,50.990099009900995,False,False,True,False,0.44553398938473754,1260.0,1260.0,21967660.0,21.96766,1443.6026611328125,0.8728163461622208,-0.20176031548586837,-0.019677933592713637,24.847276920782804,1.9720061048240323,-0.03816793893129766,-0.07845397626710437,17.605243980349254,26.902007299786213,21.580399500403104,"fund_low_adv20,fund_small_mcap",1,trend_break,True,False,False,False,False,False,False,False,False,2750.T,,1260.0,7.722481,0.7275583,163.16,1731.82,9794386944.0,,1747278000.0,1747278000.0,True,,,False,1747278000.0,2025-05-15,-279.0
5,False,49.504950495049506,True,False,False,False,0.5970570147769335,3610.0,3610.0,42616625.0,42.616625,4060.0732421875,0.8891465214196461,-0.15026163465435483,-0.0046253418308205285,60.932719904210984,1.6878869779559829,-0.0013831258644536604,-0.1042508671372534,32.24765280654602,30.90025902826242,21.23486695872344,fund_low_adv20,1,trend_break,True,False,False,False,False,False,False,False,False,2751.T,,3610.0,24.009045,2.519975,150.36,1432.554,43466391552.0,,1749625200.0,1749625200.0,True,,,False,1749625200.0,2025-06-11,-260.0
5,False,86.20689655172414,True,True,False,True,0.40577146079425636,1167.0,1167.0,113200130.0,113.20013,1234.849853515625,0.945054167255674,-0.24462089615500193,0.0432169063246044,10.377966433628897,0.8892858983400941,0.0,0.0,34.81302741271742,36.84082550325948,9.33260464894686,fund_low_adv20,2,trend_break;rsi_reversal,True,False,False,True,False,False,False,False,False,2752.T,,1167.0,670.68964,6.8282347,1.74,170.908,59829129216.0,,1754978400.0,1755496800.0,True,,,False,1754978400.0,2025-08-12,-216.0
4,False,53.5,True,False,True,False,0.5462529509499052,1344.0,1344.0,55730025.0,55.730025,1555.3284912109375,0.8641261364366811,-0.30573924461878565,-0.03563987560420001,23.543550893525094,1.751752298625379,-0.00591715976331364,-0.07310344827586202,18.35023083596147,27.548983595222477,20.180569279994074,"fund_low_adv20,fund_small_mcap",1,trend_break,True,False,False,False,False,False,False,False,False,2753.T,,1344.0,21.744055,1.2264497,61.81,1095.846,27613515776.0,,1751367540.0,1751889600.0,True,,,False,1751367540.0,2025-07-01,-246.0
4,True,32.25806451612904,False,False,True,False,0.42782255886793985,3885.0,3885.0,1029298675.0,1029.298675,4380.0,0.886986301369863,-0.41554267842898085,0.1923692874930183,189.04039027442485,4.865904511568207,-0.113013698630137,-0.113013698630137,31.094247438678043,25.66386279975152,22.013122693478937,,2,macd_sell_like;trailing_stop;ext_dev200,False,False,True,False,True,True,False,False,False,2760.T,,3885.0,14.620103,2.1656895,265.73,1793.886,114411233280.0,,1753770600.0,1754289000.0,True,,,True,1753770600.0,2025-07-29,-226.0
2,False,57.14285714285714,True,False,True,False,0.23270329710475654,92.0,92.0,8802195.0,8.802195,106.0,0.8679245283018868,-0.40506329113924056,-0.06466043106954045,1.612364551817504,1.752570165019026,-0.08910891089108908,-0.12380952380952381,40.985291807406114,9.949368384526814,19.127904187407974,"fund_neg_eps,fund_low_adv20,fund_small_mcap",3,trend_break;trailing_stop;di_bear,True,False,False,False,True,False,True,False,False,2762.T,,92.0,-3.9282664389410757,19.65392,-23.42,4.681,3730622720.0,,1747290600.0,1747290600.0,True,,,False,1747290600.0,2025-05-15,-279.0
3,False,44.326241134751776,True,False,True,False,0.3929122235036311,1071.0,1071.0,82658025.0,82.658025,1269.0,0.8439716312056738,-0.19306540583136322,-0.10452177016210129,39.32395493510006,3.6717044757329655,-0.08068669527896999,-0.15602836879432624,13.726827757683163,20.25159465912263,26.83709970302618,fund_low_adv20,2,trend_break;trailing_stop,True,False,False,False,True,False,False,False,False,2763.T,,1071.0,4.927536,0.90231186,217.35,1186.951,31839840256.0,,1747029600.0,1747029600.0,True,,,False,1747029600.0,2025-05-12,-282.0
1,False,24.13793103448276,False,False,True,True,0.4855043992514595,129.0,129.0,29661905.0,29.661905,168.0,0.7678571428571429,-0.4341463414634147,-0.031022309021257355,5.1981527777314955,4.0295757966910815,-0.11643835616438358,-0.20370370370370372,29.79957183353326,6.905386681094912,22.274813071035098,"fund_low_adv20,fund_small_mcap",3,trend_break;trailing_stop;di_bear,True,False,False,False,True,False,True,False,False,2764.T,,129.0,41.4791,1.4903474,3.11,86.557,9113516032.0,,1754982000.0,1755500400.0,True,,,False,1754982000.0,2025-08-12,-216.0
1,False,40.72164948453609,False,False,True,False,0.3914205538057599,1379.0,1379.0,693676325.0,693.676325,2337.935791015625,0.5898365580865449,-0.42118124284357494,-0.20857136675828092,40.4623106446316,2.9341777117209284,-0.058703071672355,-0.0818908122503329,18.625014380166128,14.551506536059339,19.875264561504384,,1,trend_break,True,False,False,False,False,False,False,False,False,2767.T,,1379.0,6.5955615,1.4036552,209.08,982.435,85846122496.0,,1754546400.0,1754978400.0,True,,,True,1754546400.0,2025-08-07,-219.0
3,True,17.241379310344826,False,False,True,True,0.5202840914164882,5089.0,5089.0,6632670550.0,6632.67055,6989.4697265625,0.7280952917872967,-0.2731923595442195,0.0001686183470948066,146.27439821093085,2.8743249795820565,-0.13949949272911732,-0.229289716795396,22.008636092215887,19.84164338036899,37.206211449205014,,2,trailing_stop;di_bear,False,False,False,False,True,False,True,False,False,2768.T,,5089.0,10.2851715,0.9710644,494.79,5240.641,1058818555904.0,1777617000.0,1785393000.0,1785393000.0,True,,,True,1785393000.0,2026-07-30,36.0
2,False,31.19266055045871,True,False,True,False,0.4437338027012571,831.0,831.0,8841600.0,8.8416,1053.0,0.7891737891737892,-0.22981956315289653,-0.1443707109136494,14.170926683748387,1.7052860028578083,-0.047018348623853234,-0.1370716510903427,31.8177540789881,29.38079276408273,27.073701353592263,"fund_neg_eps,fund_low_adv20,fund_small_mcap",2,trend_break;natr_spike,True,False,False,False,False,False,False,False,True,2769.T,,831.0,-1.8293085609879587,2.6739948,-454.27,310.771,6516534784.0,,1752214200.0,1752214200.0,True,,,False,1752214200.0,2025-07-11,-238.0
1,False,60.526315789473685,True,False,True,True,0.41029111401977875,114.0,114.0,55244970.0,55.24497,173.0,0.6589595375722543,-0.4292452830188679,-0.11890868338679128,4.927826382437916,4.322654721436768,-0.04201680672268904,-0.18571428571428572,15.749192811992957,26.11721349283116,23.508122538670776,"fund_low_adv20,fund_small_mcap",1,trend_break,True,False,False,False,False,False,False,False,False,2776.T,,114.0,52.293575,1.841948,2.18,61.891,6078400000.0,,1749725940.0,1749725940.0,True,,,False,1749725940.0,2025-06-12,-259.0
1,False,39.99999999999999,False,True,False,True,0.4369853212773826,106.0,106.0,5947045.0,5.947045,166.0,0.6385542168674698,-0.36612021857923494,-0.21388312073568672,2.8180875490213375,2.6585731594540922,-0.09401709401709402,-0.23188405797101452,19.10509944637768,12.203640087859215,26.492433184510805,"fund_low_adv20,fund_small_mcap",3,trend_break;trailing_stop;vol_distribution,True,False,False,False,True,False,False,True,False,2778.T,,106.0,72.10884,0.8055384,1.47,131.589,1256323072.0,,1743143400.0,1743143400.0,True,,,False,1743143400.0,2025-03-28,-313.0
5,True,46.36363636363636,False,False,True,False,0.48190171869718484,5130.0,5130.0,541882950.0,541.88295,5950.0,0.8621848739495799,-0.4168649391634037,0.369812881354884,236.77964972475908,4.615587713932926,-0.13781512605042012,-0.13781512605042012,13.825480761567933,23.388476413454352,25.64431179615026,,1,trailing_stop;ext_dev200,False,False,False,False,True,True,False,False,False,2780.T,,5130.0,10.258564,1.5092355,500.07,3399.072,56374734848.0,,1747204800.0,1747204800.0,True,,,True,1747204800.0,2025-05-14,-280.0
4,True,56.75675675675676,False,False,True,True,0.5407556780154369,3695.0,3695.0,847703650.0,847.70365,4375.85498046875,0.8444064112024536,-0.25601279422200096,0.06343714675269929,109.80939299476285,2.971837428816315,-0.026350461133069825,-0.1289904170483699,13.076160274050775,21.380728341553553,18.932453345866985,,0,,False,False,False,False,False,False,False,False,False,2782.T,,3695.0,16.863676,2.495347,219.11,1480.756,231571324928.0,,1753768800.0,1754287200.0,True,,,True,1753768800.0,2025-07-29,-226.0
4,False,43.37899543378995,True,False,True,False,0.5183443841031556,2199.0,2199.0,1323646465.0,1323.646465,2642.70361328125,0.8321023927725532,-0.19840609053244884,-0.055664044336177554,54.992843385924104,2.5008114318291996,-0.07527333894028598,-0.16036655211912942,32.045957364505995,18.143985204417707,28.50865786867262,,2,trend_break;di_bear,True,False,False,False,False,False,True,False,False,2784.T,,2199.0,9.576693,0.7876128,229.62,2791.981,399597862912.0,1785911400.0,1785911400.0,1785911400.0,True,,,True,1785911400.0,2026-08-05,40.0
5,True,36.708860759493675,False,False,True,False,0.2634691493090662,363.0,363.0,21749500.0,21.7495,389.0,0.9331619537275064,-0.45220772126175546,0.05163237440827251,12.778425042642409,3.5202272844744926,-0.06683804627249357,-0.06683804627249357,30.01383039799509,22.153561494522393,22.36914247001635,"fund_low_adv20,fund_small_mcap",3,macd_sell_like;di_bear;natr_spike,False,False,True,False,False,False,True,False,True,2788.T,,363.0,5.942053,0.44371915,61.09,818.085,4691094016.0,,1754546400.0,1754978400.0,True,,,False,1754546400.0,2025-08-07,-219.0
5,False,55.99999999999999,True,True,False,True,0.500934858880241,461.0,461.0,1256655.0,1.256655,490.9898986816406,0.9389195200101537,-0.08876336882997427,-0.021643297080666257,4.05405146868088,0.8794037893017094,-0.0021645021645021467,-0.012847965738758016,23.638663148090533,28.022287459213004,8.45924713308188,"fund_low_adv20,fund_small_mcap",2,trend_break;vol_distribution,True,False,False,False,False,False,False,True,False,2789.T,,461.0,11.073745,1.2150732,41.63,379.401,2657368064.0,,1744005600.0,1744005600.0,True,,,False,1744005600.0,2025-04-07,-307.0
4,True,25.714285714285722,False,False,True,True,0.4809922119481622,2098.0,2098.0,17923245.0,17.923245,2307.82568359375,0.9090807918962887,-0.43062723378778067,0.009852758568772657,43.287640946506706,2.063281265324438,-0.05495495495495495,-0.056202955164684876,18.889134154503843,16.007125352202472,22.459285747106694,fund_low_adv20,0,,False,False,False,False,False,False,False,False,False,2790.T,,2098.0,229.28963,0.33743864,9.15,6217.427,51574452224.0,,1746772200.0,1746772200.0,True,,,False,1746772200.0,2025-05-09,-283.0
2,False,66.48983780148143,True,False,True,True,0.3957264196081848,4510.0,4510.0,492726900.0,492.7269,8072.96484375,0.5586547306088657,-0.5056499408852246,-0.21594556913176022,138.59894092749272,3.0731472489466234,0.0,-0.11700010544589323,20.17859023389979,25.873380174601106,22.039596477908177,,1,trend_break,True,False,False,False,False,False,False,False,False,2791.T,,4510.0,11.240436,1.0042975,401.23,4490.701,60485832704.0,,1752040800.0,1752472800.0,True,,,True,1752040800.0,2025-07-09,-240.0
2,False,36.45537290623321,False,False,True,False,0.14319144251028,1381.0,1381.0,200928515.0,200.928515,1537.8983154296875,0.8979787455025268,-0.1586419963712591,-0.05491467194181998,22.82895091801957,1.6530739259970724,-0.05342199291276706,-0.06098954087711683,29.53417482422089,17.551661837713826,35.36564568009007,,2,trend_break;di_bear,True,False,False,False,False,False,True,False,False,2792.T,,1381.0,11.245013,0.8161114,122.81,1692.171,38499237888.0,,1751868000.0,1752213600.0,True,,,True,1751868000.0,2025-07-07,-242.0
6,True,45.83333333333333,False,False,True,False,0.17008482200643252,912.0,912.0,556320.0,0.55632,941.435791015625,0.9687330869544809,-0.07438018672131919,0.03598984408097383,11.716893163553795,1.2847470574072144,-0.028753993610223683,-0.028753993610223683,18.698965057984264,41.435254097142334,35.699690103170624,"fund_low_adv20,fund_small_mcap",0,,False,False,False,False,False,False,False,False,False,2795.T,,912.0,10.589874,0.5644396,86.12,1615.762,4717584384.0,,1747202400.0,1747202400.0,True,,,False,1747202400.0,2025-05-14,-280.0
3,False,31.07162969825785,False,False,True,False,0.27876597917214435,498.0,498.0,6026735.0,6.026735,532.6591796875,0.9349317893895421,-0.23565889968750986,-0.016404724322716446,5.52594367587465,1.1096272441515362,-0.05294874635638225,-0.05294874635638225,30.122358746455,13.147015610960434,28.251898522782465,"fund_neg_eps,fund_low_adv20,fund_small_mcap",2,trend_break;di_bear,True,False,False,False,False,False,True,False,False,2796.T,,498.0,-38.30769230769231,0.8567536,-13.0,581.264,5728257536.0,,1750924800.0,1751270400.0,True,,,False,1750924800.0,2025-06-26,-249.0
7,True,51.85185185185185,False,True,False,True,0.38764133287079844,2990.0,2990.0,3814060.0,3.81406,3025.0,0.9884297520661157,-0.05164473684210524,0.013567911592471171,10.101733414336142,0.337850615864085,-0.0030010003334445257,-0.0030010003334445257,32.85082835314012,12.27829682384409,10.669227403483468,"fund_low_adv20,fund_small_mcap",0,,False,False,False,False,False,False,False,False,False,2798.T,,2990.0,48.124897,11.180538,62.13,267.429,9861223424.0,,1744617600.0,1744617600.0,True,,,False,1744617600.0,2025-04-14,-302.0
4,True,75.33333333333334,True,True,False,False,0.18965167699359384,1598.5,1598.5,6725752442.5,6725.7524425,1598.5,1.0,-0.3538247024793534,0.16108296263020594,50.06077235362861,3.131734272982709,0.0,0.0,19.384871094129895,35.996816407202374,13.814646772546865,,0,,False,False,False,False,False,False,False,False,False,2801.T,,1598.5,24.227037,2.6404161,65.98,605.397,1481071132672.0,1785911400.0,1785911400.0,1785911400.0,True,,,True,1785911400.0,2026-08-05,40.0
6,True,35.30571992110454,False,False,True,True,0.5057163240992625,4729.0,4729.0,24183800265.0,24183.800265,5542.0,0.8533020570191266,-0.2564217824169577,0.1256152502471155,211.22723341662262,4.466636358989693,-0.14669794298087335,-0.14669794298087335,21.211909782500456,20.520047095455062,26.335219620368626,,3,macd_sell_like;trailing_stop;di_bear,False,False,True,False,True,False,True,False,False,2802.T,,4729.0,34.16167,5.8800926,138.43,804.239,4520284782592.0,1778135400.0,1785738600.0,1785738600.0,True,,,True,1785738600.0,2026-08-03,38.0
3,False,49.112426035502956,True,False,True,False,0.6058173552895281,1749.0,1749.0,36764950.0,36.76495,2174.594970703125,0.8042877057857285,-0.2219240719328458,-0.07982639781693346,24.258714759274937,1.3870048461563715,-0.03316749585406298,-0.08811261730969755,19.145669920459447,23.666375466136397,21.381305940129323,"fund_low_adv20,fund_small_mcap",1,trend_break,True,False,False,False,False,False,False,False,False,2804.T,,1749.0,9.198969,0.87409484,190.13,2000.927,22054219776.0,,1747285200.0,1747285200.0,True,,,False,1747285200.0,2025-05-15,-279.0
6,True,49.079754601226995,False,False,True,False,0.29955017505316234,5140.0,5140.0,265307350.0,265.30735,5630.0,0.9129662522202486,-0.13255360623781676,0.2653261260782449,211.96893716466155,4.123909283359175,-0.08703374777975137,-0.08703374777975137,22.766124492431185,25.298486068444454,22.106630876233048,,1,trailing_stop;ext_dev200,False,False,False,False,True,True,False,False,False,2805.T,,5140.0,16.284891,1.3184474,315.63,3898.525,124263669760.0,,1753768800.0,1754287200.0,True,,,True,1753768800.0,2025-07-29,-226.0
3,False,35.294117647058826,True,True,False,True,0.3191364377726051,1930.0,1930.0,3024725.0,3.024725,2248.78515625,0.8582411684086373,-0.16157645648905494,-0.07075602658647995,26.28881762592883,1.3621149028978667,-0.05623471882640585,-0.12072892938496582,49.55142239728359,10.131329307070816,42.573866237040626,"fund_low_adv20,fund_small_mcap",2,trend_break;di_bear,True,False,False,False,False,False,True,False,False,2806.T,,1930.0,65.7805,0.5825316,29.34,3313.125,13408715776.0,,1747022400.0,1747022400.0,True,,,False,1747022400.0,2025-05-12,-282.0
4,False,53.28278412161749,True,False,True,True,0.4960417931768386,4181.0,4181.0,1655704330.0,1655.70433,4629.57373046875,0.9031069043103173,-0.16845266088740163,-0.002754148553709479,84.50655363778867,2.0212043443623218,-0.0014461657482505164,-0.03748353079147637,11.196968726858154,28.65435077734354,16.610434895159326,,1,trend_break,True,False,False,False,False,False,False,False,False,2809.T,,4181.0,18.938261,1.775327,220.77,2355.059,570080165888.0,1783578600.0,1783578600.0,1783578600.0,True,,,True,1783578600.0,2026-07-09,21.0
5,True,45.51020408163266,False,False,False,True,0.2647330323275172,3510.0,3510.0,1200677650.0,1200.67765,3554.0,0.9876195835678109,-0.10322107380156886,0.18024236860422294,76.05010262056965,2.1666695903296196,-0.012380416432189123,-0.012380416432189123,32.57113079649174,28.24481410724439,12.936688683541755,,0,ext_dev200,False,False,False,False,False,True,False,False,False,2810.T,,3510.0,44.056736,1.0886841,79.67,3224.076,318836080640.0,1778481000.0,1785393000.0,1785393000.0,True,,,True,1785393000.0,2026-07-30,36.0
3,False,54.335260115606935,True,False,True,True,0.5045542628424123,2583.0,2583.0,835847290.0,835.84729,2937.409423828125,0.8793462630870683,-0.20700323980770197,-0.05812478051926384,37.44447154749697,1.449650466414904,0.0,-0.11298076923076927,28.116377617870832,21.116922537616425,21.738074337584816,,2,trend_break;di_bear,True,False,False,False,False,False,True,False,False,2811.T,,2583.0,16.024567,1.236353,161.19,2089.209,233525264384.0,1785393000.0,1785393000.0,1785393000.0,True,,,True,1785393000.0,2026-07-30,36.0
6,True,53.19148936170213,True,False,True,True,0.5557293574666955,3915.0,3915.0,9464725.0,9.464725,4100.0,0.9548780487804878,-0.5166263868131495,0.16435907222459845,59.18015371900913,1.5116258932058524,-0.045121951219512235,-0.045121951219512235,22.37134314099402,27.724111795644756,27.8580808351285,"fund_low_adv20,fund_small_mcap",1,di_bear,False,False,False,False,False,False,True,False,False,2813.T,,3915.0,8.467611,0.94699806,462.35,4134.116,9768347648.0,,1747281600.0,1747281600.0,True,,,False,1747281600.0,2025-05-15,-279.0
4,False,64.84018264840182,True,False,True,True,0.5680473470303904,3100.0,3100.0,3921450.0,3.92145,3499.95751953125,0.8857250360042037,-0.14484676362561877,-0.016084924340441953,38.2815937991164,1.234890122552142,-0.0048154093097912964,-0.049662783568362956,11.748462451728761,34.719001521965204,21.85811849805432,"fund_low_adv20,fund_small_mcap",1,trend_break,True,False,False,False,False,False,False,False,False,2814.T,,3100.0,15.923568,0.8643341,194.68,3586.576,11122430976.0,,1747378800.0,1747378800.0,True,,,False,1747378800.0,2025-05-16,-278.0
0,False,33.73493975903615,False,False,True,False,0.4589983976353882,5170.0,5170.0,440751500.0,440.7515,6634.0166015625,0.7793167112036345,-0.24282296809192327,-0.06519234571158983,138.43217712043057,2.6776049733158716,-0.06509945750452084,-0.1132075471698113,19.689161296503872,13.501279899588381,21.23374420402073,,1,trend_break,True,False,False,False,False,False,False,False,False,2815.T,,5170.0,17.420898,1.2350339,296.77,4186.12,164662083584.0,1778653800.0,1786084200.0,1786084200.0,True,,,True,1786084200.0,2026-08-07,42.0
6,True,60.0,True,False,True,True,0.41368959901946906,1402.0,1402.0,3037990.0,3.03799,1416.983154296875,0.9894260180500806,-0.0196352891534477,0.0027500168533078906,3.5799992077294225,0.25534944420323985,0.0,-0.010573981949919431,19.745253176655233,19.03836872267845,14.624113652844045,"fund_low_adv20,fund_small_mcap",0,,False,False,False,False,False,False,False,False,False,2816.T,,1402.0,29.697098,2.0862474,47.21,672.02,13533072384.0,,1746770400.0,1746770400.0,True,,,False,1746770400.0,2025-05-09,-283.0
5,False,50.0,True,False,True,True,0.4943376056182672,1729.0,1729.0,4124350.0,4.12435,1774.811767578125,0.9741878161870434,-0.030319704072931386,-0.0019767770991898637,4.402117437172784,0.2546048257474137,-0.0005780346820809523,-0.02581218381295658,33.1522325442736,13.207353002163671,17.386440697202627,"fund_neg_eps,fund_low_adv20,fund_small_mcap",2,trend_break;di_bear,True,False,False,False,False,False,True,False,False,2818.T,,1729.0,-357.2314049586777,1.9286652,-4.84,896.475,11978422272.0,,1754546400.0,1754892000.0,True,,,False,1754546400.0,2025-08-07,-219.0
3,False,41.087613293051355,True,False,True,False,0.47755003305321475,2370.0,2370.0,37595700.0,37.5957,2771.85693359375,0.8550224837640747,-0.16393994386980593,-0.06116172754532323,35.79779664099703,1.5104555544724485,-0.05915045653036921,-0.08775981524249421,36.551021931925106,13.323731775199024,27.50816658155974,"fund_low_adv20,fund_small_mcap",2,trend_break;di_bear,True,False,False,False,False,False,True,False,False,2819.T,,2370.0,12.979189,0.6402063,182.6,3701.932,23081517056.0,,1754374500.0,1754979300.0,True,,,False,1754374500.0,2025-08-05,-221.0
3,False,58.102766798418976,True,False,True,False,0.45236112972413534,4465.0,4465.0,107727475.0,107.727475,5390.0,0.8283858998144712,-0.3413729128014842,-0.02171331712576363,202.41800001115726,4.5334378501938914,-0.036677454153182354,-0.0765253360910031,22.15309000018776,29.120726566150623,19.307114001159864,fund_low_adv20,1,trend_break,True,False,False,False,False,False,False,False,False,2820.T,,4465.0,16.981707,2.7456496,262.93,1626.209,31108216832.0,,1754461800.0,1754980200.0,True,,,False,1754461800.0,2025-08-06,-220.0
6,True,45.00000000000001,False,False,True,True,0.38017900373416635,3460.0,3460.0,5007150.0,5.00715,3630.0,0.953168044077135,-0.059228650137741035,0.03041158644875197,33.27394167752098,0.9616746149572537,-0.018439716312056764,-0.04683195592286504,19.24033408567793,24.52354207986917,24.173398946455286,fund_low_adv20,1,macd_sell_like,False,False,True,False,False,False,False,False,False,2831.T,,3460.0,12.350966,0.6556165,280.14,5277.475,32560541696.0,,1747117800.0,1747117800.0,True,,,False,1747117800.0,2025-05-13,-281.0
1,False,31.494252873563227,False,False,True,True,0.38424071723381703,2788.0,2788.0,658011.2,0.6580111999999999,3354.390380859375,0.8311495334319826,-0.171533517429168,-0.09477346658534891,76.77395941066906,2.7537288167384886,-0.06973640306973639,-0.13443030114871157,10.850885521676474,19.396183947865314,22.877535492367908,"fund_low_adv20,fund_small_mcap",2,trend_break;macd_sell_like,True,False,True,False,False,False,False,False,False,2836.T,,2788.0,20.546469,,135.69241,,,,,,True,,,False,,,
4,True,62.694775435380386,False,False,True,False,0.5234875722420372,4934.0,4934.0,162967124.5,162.9671245,5350.0,0.9222429906542056,-0.11757648470305937,0.5499898410703727,238.11238076024748,4.825950157281059,-0.07775700934579444,-0.07775700934579444,46.43058219943625,31.04390501995936,17.426801105965126,"fund_low_adv20,fund_small_mcap",1,macd_sell_like;ext_dev200,False,False,True,False,False,True,False,False,False,2837.T,,4934.0,30.35084,,162.56552,,,,,,True,,,False,,,
6,True,72.75985663082437,False,False,True,True,0.3808401563722128,8873.0,8873.0,40626956.1,40.6269561,8940.927734375,0.9924026078285099,-0.14170708076092198,0.02858587762547926,59.459484984853425,0.6701170402891178,-0.0013505908835115266,-0.006718080154972883,22.975152957008806,40.86288176867649,25.416271673009362,"fund_neg_eps,fund_low_adv20,fund_small_mcap",0,,False,False,False,False,False,False,False,False,False,2838.T,,8873.0,,,,,,,,,True,,,False,,,
3,False,51.595744680851055,False,True,False,True,0.2835615765241599,5047.0,5047.0,442435.0,0.442435,5293.48876953125,0.9534354788943706,-0.06865887056569664,-0.021064846755491695,21.773326262552114,0.4314112594125642,-0.007668108533228524,-0.046564521105629364,30.699894608331185,22.33227508856072,43.87476233307465,"fund_neg_eps,fund_low_adv20,fund_small_mcap",2,trend_break;di_bear,True,False,False,False,False,False,True,False,False,2839.T,,5047.0,,,,,,,,,True,,,False,,,
5,True,49.04214559386973,False,True,False,False,0.5263577356768021,2674.0,2674.0,576301970.65,576.3019706499999,2828.0,0.9455445544554455,-0.9441274128945996,0.17231716964846244,43.89848246822753,1.6416784767474768,-0.054455445544554504,-0.054455445544554504,48.51974891166845,39.080822939029346,32.40631022109478,"fund_neg_eps,fund_small_mcap",2,macd_sell_like;vol_distribution,False,False,True,False,False,False,False,True,False,2840.T,,2674.0,,,,,,,,,True,,,False,,,
5,True,46.666666666666664,False,False,True,True,0.5271325775717813,1674.0,1674.0,124456173.3,124.4561733,1773.0,0.9441624365482234,-0.9068273243409211,0.12210889120504653,26.186695062765427,1.5643187014794162,-0.055837563451776595,-0.055837563451776595,39.05563623005016,34.76089196367234,38.0292556278728,"fund_neg_eps,fund_low_adv20,fund_small_mcap",2,macd_sell_like;di_bear,False,False,True,False,False,False,True,False,False,2841.T,,1674.0,,,,,,,,,True,,,False,,,
3,False,53.41772151898734,True,False,False,True,0.5177097451301458,12435.0,12435.0,89929960.75,89.92996075,16840.0,0.7384204275534442,-0.37890625,-0.12321986663211726,190.51264455848954,1.532067909597825,-0.004403522818254624,-0.20441458733205375,32.18573256656728,36.08898372805143,34.146980767919814,"fund_neg_eps,fund_low_adv20,fund_small_mcap",1,trend_break,True,False,False,False,False,False,False,False,False,2842.T,,12435.0,,,,,,,,,True,,,False,,,
4,False,60.869565217391305,True,False,True,True,0.33263919948487014,3740.0,3740.0,1358371.0,1.358371,3939.23828125,0.9494221301112108,-0.08599718661031741,-0.012314436798705697,20.780059206432217,0.555616556321717,-0.0034638955502265256,-0.0034638955502265256,35.29465527713844,57.34333120337042,14.490334699947088,"fund_neg_eps,fund_low_adv20,fund_small_mcap",1,trend_break,True,False,False,False,False,False,False,False,False,2843.T,,3740.0,,,,,,,,,True,,,False,,,
6,True,52.11267605633803,False,False,True,True,0.23291635934946897,5610.0,5610.0,17063683.2,17.0636832,5704.0,0.9835203366058906,-0.1055116194322655,0.06859393245202061,42.66932438147403,0.7605940174950807,-0.016479663394109445,-0.016479663394109445,15.541180584718129,24.27899844939576,31.480553496737418,"fund_neg_eps,fund_low_adv20,fund_small_mcap",1,macd_sell_like,False,False,True,False,False,False,False,False,False,2844.T,,5610.0,,,,,,,,,True,,,False,,,
5,True,45.95070422535211,False,False,False,True,0.5297772495253512,3500.0,3500.0,72454557.7,72.45455770000001,3702.0,0.9454349000540249,-0.1305759617674901,0.11924622570387178,53.75100907861889,1.5357431165319684,-0.05456509994597514,-0.05456509994597514,36.35119874777831,33.2950856867956,38.09139075072747,"fund_low_adv20,fund_small_mcap",2,macd_sell_like;di_bear,False,False,True,False,False,False,True,False,False,2845.T,,3500.0,3.7357516,,936.8931,,,,,,True,,,False,,,
4,True,58.57740585774059,False,False,True,True,0.3958655381521647,2466.0,2466.0,23987159.4,23.9871594,2506.0,0.9840383080606544,-0.10113728675873279,0.05198111225558155,21.32842363234884,0.8648995795761899,-0.0159616919393456,-0.0159616919393456,19.26708795171512,38.08565988545285,34.33722874633342,"fund_low_adv20,fund_small_mcap",1,macd_sell_like,False,False,True,False,False,False,False,False,False,2846.T,,2466.0,1.5224371,,1619.7714,,,,,,True,,,False,,,
6,True,47.08074534161491,False,True,False,True,0.3700702088230278,2985.0,2985.0,7895295.3,7.8952953,3222.0,0.9264432029795159,-0.10236218672607378,0.1432526445771749,154.75119132767313,5.18429451683997,-0.07355679702048412,-0.07355679702048412,32.70494617243826,24.82940099225347,22.43632928643936,"fund_low_adv20,fund_small_mcap",3,macd_sell_like;vol_distribution;natr_spike,False,False,True,False,False,False,False,True,True,2847.T,,2985.0,20.514154,,145.5093,,,,,,True,,,False,,,
5,True,50.657894736842096,False,False,True,False,0.24222349237954335,2905.0,2905.0,1171315.95,1.1713159499999999,3052.0,0.9518348623853211,-0.10774526053685674,0.10891895149909248,76.54429612869635,2.6349155293871376,-0.04816513761467889,-0.04816513761467889,14.671694973282351,29.158854214971907,23.11069962359559,"fund_low_adv20,fund_small_mcap",1,macd_sell_like,False,False,True,False,False,False,False,False,False,2848.T,,2905.0,19.5004,,148.9713,,,,,,True,,,False,,,
8,True,51.05633802816901,False,False,True,True,0.30901317251492577,5189.0,5189.0,2174190.35,2.17419035,5388.69970703125,0.9629410214173414,-0.07136316892890282,0.03545978151526685,83.09857074200227,1.6014370927346744,-0.014622104063805597,-0.021481498464739124,33.31618422784135,36.32999505665948,18.942668570404056,"fund_low_adv20,fund_small_mcap",0,,False,False,False,False,False,False,False,False,False,2849.T,,5189.0,16.499966,,314.4855,,,,,,True,,,False,,,
5,True,56.25966645739872,False,False,True,False,0.2641338158888264,376.1000061035156,376.1000061035156,640699.3993377686,0.6406993993377685,388.0,0.9693299126379269,-0.11504179581489682,0.12054446667674901,6.5441727974650385,1.7400086921731819,-0.030670087362073106,-0.030670087362073106,37.96351874773673,33.922963352361954,19.40526834698691,"fund_low_adv20,fund_small_mcap",1,macd_sell_like,False,False,True,False,False,False,False,False,False,2851.T,,376.1,20.31993,,18.508923,,,,,,True,,,False,,,
4,False,41.84783690366409,True,True,False,False,0.5000769918259932,173.3000030517578,173.3000030517578,4525704.932746887,4.525704932746887,198.11618041992188,0.8747392700809982,-0.14242242336608357,-0.06597847008138402,2.1110031741419686,1.2181206791505341,-0.02585717258317155,-0.09233237734599309,30.70982116107488,20.302679830423862,28.636735702044042,"fund_low_adv20,fund_small_mcap",2,trend_break;di_bear,True,False,False,False,False,False,True,False,False,2852.T,,173.3,21.443089,,8.081859,,,,,,True,,,False,,,
5,False,59.97044711584407,True,False,True,False,0.14310325800257906,635.7999877929688,635.7999877929688,120550.3479309082,0.1205503479309082,661.494140625,0.9611573992057516,-0.09594804334334472,0.01172777160059324,5.578514889891296,0.877400911764061,0.0,-0.001570351788896529,30.537925170429528,53.52016357381228,21.256801542896255,"fund_neg_eps,fund_low_adv20,fund_small_mcap",1,trend_break,True,False,False,False,False,False,False,False,False,2853.T,,635.8,,,,,,,,,True,,,False,,,
4,True,64.23357664233578,False,False,False,False,0.3799401202242068,2614.0,2614.0,136864926.2,136.86492619999999,2723.0,0.9599706206390011,-0.12748637159112486,0.275299918420965,83.2501705412449,3.1847808164209983,-0.04002937936099893,-0.04002937936099893,32.578238203264185,24.23015966977916,18.120413445751627,"fund_low_adv20,fund_small_mcap",1,macd_sell_like;ext_dev200,False,False,True,False,False,True,False,False,False,2854.T,,2614.0,29.777262,,87.7851,,,,,,True,,,False,,,
4,False,41.83673469387755,True,False,True,False,0.5225282498845739,935.0,935.0,2096115.15,2.0961151499999997,1075.736328125,0.8691720968740525,-0.14663103216002116,-0.06737684339435046,12.634179983933976,1.3512491961426711,-0.05460060667340749,-0.09957047054975965,19.843140408963457,28.460524931842983,24.921348589476032,"fund_low_adv20,fund_small_mcap",1,trend_break,True,False,False,False,False,False,False,False,False,2855.T,,935.0,20.946035,,44.63852,,,,,,True,,,False,,,
3,False,50.0,False,False,True,True,0.2866209464294506,655.2999877929688,655.2999877929688,23548032.068572998,23.548032068572997,675.3583374023438,0.9702996935130376,-0.03736632616750324,-0.016947125212982916,1.7517993166884656,0.2673278421060978,-0.005614586050123327,-0.01831209004463774,12.88409725318408,24.313305358588487,35.150617650143325,"fund_neg_eps,fund_low_adv20,fund_small_mcap",2,trend_break;macd_sell_like,True,False,True,False,False,False,False,False,False,2856.T,,655.3,,,,,,,,,True,,,False,,,
3,False,54.82237906099155,False,False,True,True,0.28583585412254325,631.0,631.0,141585095.50543213,141.58509550543212,658.5250854492188,0.958201918108492,-0.06184819368021166,-0.011917080805084024,2.4246467468416113,0.3842546349986706,-0.006924809954359068,-0.008120831853025812,15.91791422870208,21.858226289380436,45.317460781535274,"fund_neg_eps,fund_low_adv20,fund_small_mcap",2,trend_break;macd_sell_like,True,False,True,False,False,False,False,False,False,2857.T,,631.0,,,,,,,,,True,,,False,,,
5,True,62.96296296296296,False,False,True,True,0.270320505212228,1481.0,1481.0,3449803.4,3.4498034,1523.0,0.9724228496388706,-0.10530040097810489,0.11289446847335904,31.328757389135614,2.115378621818745,-0.005372733378106065,-0.0275771503611294,27.711020193448967,21.231138791281587,16.868944168644507,"fund_low_adv20,fund_small_mcap",1,macd_sell_like,False,False,True,False,False,False,False,False,False,2858.T,,1481.0,22.524717,,65.74999,,,,,,True,,,False,,,
4,True,59.04533125970552,False,False,True,True,0.30821498697418975,3052.0,3052.0,9280799.15,9.28079915,3077.17626953125,0.9918183856477337,-0.12154340948622133,0.06444131549927157,43.79368561586444,1.4349176151987038,-0.008181614352266275,-0.008181614352266275,11.154530936459281,29.031390271387014,29.235462548786757,"fund_low_adv20,fund_small_mcap",0,,False,False,False,False,False,False,False,False,False,2859.T,,3052.0,12.425722,,245.61952,,,,,,True,,,False,,,
5,False,45.21006583616497,False,False,True,True,0.3243545048849293,3088.0,3088.0,8458868.9,8.4588689,3253.68408203125,0.9490780057762047,-0.14030302189,0.001575746399253175,41.48834265851401,1.3435344125166453,-0.03543043269341861,-0.03543043269341861,13.634579997726235,23.22244176339276,37.20282871480348,"fund_low_adv20,fund_small_mcap",2,trend_break;macd_sell_like,True,False,True,False,False,False,False,False,False,2860.T,,3088.0,7.025248,,439.55743,,,,,,True,,,False,,,
6,True,51.88405797101449,False,False,True,False,0.29815068601968225,5810.0,5810.0,7359203.3,7.3592033,5972.7509765625,0.9727510861910791,-0.04933775576155841,0.02331458221959548,80.93032836360416,1.392948853074082,-0.025167785234899376,-0.025167785234899376,17.09334215005628,14.16024594953686,16.632656967607613,"fund_neg_eps,fund_low_adv20,fund_small_mcap",1,macd_sell_like,False,False,True,False,False,False,False,False,False,2861.T,,5810.0,,,,,,,,,True,,,False,,,
2,False,59.310344827586206,False,False,True,True,0.16676712831804646,3929.0,3929.0,26643.6,0.0266436,4337.0966796875,0.9059055608331736,-0.10309923900975126,-0.010873925034291854,11.771206489126799,0.29959802721116824,-0.013805220883534086,-0.029876543209876538,16.42280901582791,37.30681065239482,59.38006120195849,"fund_neg_eps,fund_low_adv20,fund_small_mcap",2,trend_break;macd_sell_like,True,False,True,False,False,False,False,False,False,2862.T,,3929.0,,,,,,,,,True,,,False,,,
6,True,55.776892430278885,False,False,True,False,0.2844250742416147,1433.0,1433.0,4881443.3,4.8814433,1460.0,0.9815068493150685,-0.23315780435659883,0.12056645867314297,27.98653860806457,1.9530033920491674,-0.018493150684931514,-0.018493150684931514,40.55826257396469,45.40353303085297,16.631155483332417,"fund_low_adv20,fund_small_mcap",0,,False,False,False,False,False,False,False,False,False,2864.T,,1433.0,26.401657,,54.276897,,,,,,True,,,False,,,
6,True,49.20634920634921,False,True,False,True,0.3994641683542914,1252.0,1252.0,358950815.8,358.9508158,1284.0,0.9750778816199377,-0.17470390987125073,0.09295731005736219,9.28381402050511,0.7415186917336349,-0.024922118380062308,-0.024922118380062308,30.682450800289622,24.92127759249427,27.21218392123939,fund_small_mcap,3,macd_sell_like;di_bear;vol_distribution,False,False,True,False,False,False,True,True,False,2865.T,,1252.0,33.380825,,37.50656,,,,,,True,,,False,,,
6,True,50.0,False,False,True,True,0.320117381699819,1003.0,1003.0,35761826.65,35.761826649999996,1027.2889404296875,0.9763562718590857,-0.1361424009559017,0.027557536349288148,6.426752429308402,0.6407529839789035,-0.022417153996101336,-0.022417153996101336,16.50090870328427,23.63545150645823,28.156357188819907,"fund_neg_eps,fund_low_adv20,fund_small_mcap",2,cross_sma25_down;macd_sell_like,False,True,True,False,False,False,False,False,False,2866.T,,1003.0,,,,,,,,,True,,,False,,,
5,True,51.64520743919886,False,True,False,False,0.4788926442362475,1954.0,1954.0,11336374.3,11.336374300000001,2141.0,0.9126576366184026,-0.22347855819724982,0.26665083405350054,106.27136070681267,5.438657149785705,-0.0873423633815974,-0.0873423633815974,44.93022557120884,43.442191257855804,8.398363832830967,"fund_low_adv20,fund_small_mcap",4,macd_sell_like;trailing_stop;ext_dev200;vol_distribution;natr_spike,False,False,True,False,True,True,False,True,True,2867.T,,1954.0,25.331465,,77.13727,,,,,,True,,,False,,,
6,True,50.0,False,True,False,True,0.41106474408469756,1116.0,1116.0,55176809.7,55.1768097,1136.0,0.9823943661971831,-0.1497815819167867,0.07430610782772096,6.16301848336848,0.5522417995849892,-0.017605633802816878,-0.017605633802816878,28.35673523920857,28.228379198808128,28.568165040114934,"fund_low_adv20,fund_small_mcap",3,macd_sell_like;di_bear;vol_distribution,False,False,True,False,False,False,True,True,False,2868.T,,1116.0,26.762165,,41.70066,,,,,,True,,,False,,,
4,True,45.86577678902484,False,False,False,True,0.5305540625074927,73090.0,73090.0,1336690746.0,1336.690746,82180.0,0.8893891457775615,-0.25376613258769454,0.22061030465654397,2340.7748008330827,3.202592421443539,-0.11061085422243855,-0.11061085422243855,32.18656926409054,33.05202205460754,39.912682204286,"fund_neg_eps,fund_small_mcap",3,macd_sell_like;trailing_stop;ext_dev200;di_bear,False,False,True,False,True,True,True,False,False,2869.T,,73090.0,,,,,,,,,True,,,False,,,
3,False,52.99215848122162,True,True,False,True,0.525187186351661,8047.0,8047.0,254605646.85,254.60564685,15096.375,0.5330418726349869,-0.6378690801771716,-0.24458674422464544,240.64680843104094,2.9905158249166264,-0.010939036381514278,-0.3720639875146313,32.32508687880431,38.554774509054596,35.79051565884972,"fund_neg_eps,fund_small_mcap",1,trend_break,True,False,False,False,False,False,False,False,False,2870.T,,8047.0,,,,,,,,,True,,,False,,,
6,True,73.21225879682179,True,False,True,False,0.4344403746269487,2069.5,2069.5,2823288725.0,2823.288725,2111.551513671875,0.9800850164442592,-0.2593004769475358,0.11719792823093678,53.358268486731106,2.578316911656492,0.0,0.0,30.142429753981833,35.98734546512753,15.775482081551553,,0,,False,False,False,False,False,False,False,False,False,2871.T,,2069.5,18.984497,1.8113056,109.01,1142.546,518652887040.0,1786084200.0,1786084200.0,1786084200.0,True,,,True,1786084200.0,2026-08-07,42.0
4,True,34.72668810289389,False,True,False,False,0.46508421810345046,2100.0,2100.0,5545035.0,5.545035,2512.75244140625,0.8357369255304533,-0.2414201328885449,0.02146250473422162,41.24311994746397,1.9639580927363793,-0.0561797752808989,-0.06208128628852161,24.55035404949453,11.535497806302939,31.90154373909875,"fund_low_adv20,fund_small_mcap",2,di_bear;natr_spike,False,False,False,False,False,False,True,False,True,2872.T,,2100.0,254.54546,1.965637,8.25,1068.356,2947129600.0,,1744354800.0,1744354800.0,True,,,False,1744354800.0,2025-04-11,-303.0
3,True,18.788410886742767,False,False,True,False,0.29067134469885564,1934.0,1934.0,851079755.0,851.079755,2651.0,0.7295360241418333,-0.2753677857412298,0.34424224833413986,129.00408428441582,6.6703249371466296,-0.2704639758581667,-0.2704639758581667,41.07515128160066,20.261154227728184,33.184017974862186,,4,macd_sell_like;trailing_stop;ext_dev200;di_bear;natr_spike,False,False,True,False,True,True,True,False,True,2874.T,,1934.0,36.217228,1.3324642,53.4,1451.446,114394472448.0,,1754971200.0,1755489600.0,True,,,True,1754971200.0,2025-08-12,-216.0
2,False,23.66197183098592,False,False,True,False,0.3200391198344188,10115.0,10115.0,4921515675.0,4921.515675,12198.111328125,0.8292267325580148,-0.187342903695482,-0.05636252054679736,274.8731449776626,2.7174804248903865,-0.09363799283154117,-0.10367744793974298,21.48387686905005,18.956454278765065,31.621219153634634,,3,trend_break;trailing_stop;di_bear,True,False,False,False,True,False,True,False,False,2875.T,,10115.0,14.191113,1.8546138,712.77,5453.966,984617713664.0,1778826600.0,1785393000.0,1785393000.0,True,,,True,1785393000.0,2026-07-30,36.0
5,True,30.0,False,False,True,False,0.26142187417473506,451.0,451.0,3258040.0,3.25804,496.0,0.9092741935483871,-0.22826174948918654,0.017331785952255485,10.244872613609703,2.2715903799578054,-0.09072580645161288,-0.09072580645161288,12.235232262654161,29.716747265768635,22.504539667439836,"fund_low_adv20,fund_small_mcap",1,trailing_stop,False,False,False,False,True,False,False,False,False,2876.T,,451.0,18.93367,1.0646735,23.82,423.604,4016154112.0,,1747281600.0,1747281600.0,True,,,False,1747281600.0,2025-05-15,-279.0
6,True,52.83018867924528,True,False,True,False,0.308920159258787,743.0,743.0,1873540.0,1.87354,757.7777709960938,0.9804985424992495,-0.1309711996923253,0.013068556938399478,6.42827010612486,0.8651776724259571,-0.006684491978609652,-0.01694806577598018,9.40254160575225,27.68644147863012,20.971478408484707,"fund_low_adv20,fund_small_mcap",0,,False,False,False,False,False,False,False,False,False,2877.T,,743.0,17.457706,0.53695995,42.56,1383.716,8988698624.0,,1747204200.0,1747204200.0,True,,,False,1747204200.0,2025-05-14,-280.0
4,False,51.72413793103448,True,False,False,False,0.4294803214721301,2003.0,2003.0,32149615.0,32.149615,2113.8466796875,0.9475616274573485,-0.13566916336998847,-0.002583409155831329,20.691447616532024,1.0330228465567661,-0.0014955134596211783,-0.009396636993076135,13.93385377813434,20.951093470490267,16.234529006830822,"fund_low_adv20,fund_small_mcap",1,trend_break,True,False,False,False,False,False,False,False,False,2882.T,,2003.0,60.789074,2.0335438,32.95,984.98,22749261824.0,,1751868000.0,1752213600.0,True,,,False,1751868000.0,2025-07-07,-242.0
6,True,47.67441860465116,False,False,True,False,0.38132772810672233,1971.0,1971.0,4681180.0,4.68118,2008.545166015625,0.9813072831764577,-0.06425117731236452,0.017009246586044302,11.216247573231373,0.5690638038169138,-0.00805234021137391,-0.01646706586826352,20.403807559935327,16.084232640118802,19.49037970252024,"fund_low_adv20,fund_small_mcap",1,di_bear,False,False,False,False,False,False,True,False,False,2883.T,,1971.0,24.007309,1.3090318,82.1,1505.693,11547641856.0,,1753765200.0,1754283600.0,True,,,False,1753765200.0,2025-07-29,-226.0
2,False,43.258426966292134,True,False,True,True,0.5376391405224261,645.0,645.0,84297765.0,84.297765,1094.0,0.5895795246800731,-0.6058965102286402,-0.1986034578086464,24.78315531332,3.842349660979845,-0.05701754385964908,-0.33229813664596275,32.232681951371724,22.704801547292927,27.58703283856066,"fund_low_adv20,fund_small_mcap",2,trend_break;di_bear,True,False,False,False,False,False,True,False,False,2884.T,,645.0,16.766312,1.2396599,38.47,520.304,15399043072.0,,1752129000.0,1752474600.0,True,,,False,1752129000.0,2025-07-10,-239.0
6,True,47.0,False,False,True,True,0.37445578507893423,3955.0,3955.0,21971800.0,21.9718,4136.38037109375,0.9561499778015364,-0.13981042122543785,0.06451500296002455,76.0317597729933,1.9224212331983133,-0.019826517967781898,-0.019826517967781898,13.057690705853002,20.175450638028547,28.044951739750108,"fund_low_adv20,fund_small_mcap",1,macd_sell_like,False,False,True,False,False,False,False,False,False,2892.T,,3955.0,16.57586,0.6367854,238.6,6210.884,19047786496.0,,1745983800.0,1745983800.0,True,,,False,1745983800.0,2025-04-30,-290.0
4,False,33.33333333333333,True,False,True,True,0.5347853538148558,326.0,326.0,1628780.0,1.62878,372.7640380859375,0.8745478820165682,-0.1388654290573056,-0.008371116539296453,4.207342352552532,1.2905958136664208,-0.0239520958083832,-0.1254521179834318,32.467130771327305,22.83704071611729,18.880879743275646,"fund_neg_eps,fund_low_adv20,fund_small_mcap",1,trend_break,True,False,False,False,False,False,False,False,False,2894.T,,326.0,-73.09417040358744,1.4089438,-4.46,231.379,5426830336.0,,1747274400.0,1747274400.0,True,,,False,1747274400.0,2025-05-15,-279.0
3,False,52.99313052011776,True,False,True,False,0.43401060773600086,2704.5,2704.5,3424548970.0,3424.54897,3277.98291015625,0.8250500610056829,-0.38881114127878047,-0.054795899647070434,65.40456694427196,2.418360767027989,-0.012595837897042661,-0.13924252068746024,31.712400304871025,20.990306723453944,24.48732221363918,,2,trend_break;di_bear,True,False,False,False,False,False,True,False,False,2897.T,,2704.5,17.317667,1.5011548,156.17,1801.613,776349155328.0,1778653800.0,1785738600.0,1785738600.0,True,,,True,1785738600.0,2026-08-03,38.0
1,False,36.95652173913044,False,False,True,False,0.4453105831333719,184.0,184.0,57679515.0,57.679515,730.0,0.25205479452054796,-0.7780821917808219,-0.5940257895962329,11.74706444999135,6.384274157603994,-0.13207547169811318,-0.5106382978723405,17.794177826646322,22.58995644896585,31.50326160657934,"fund_low_adv20,fund_small_mcap",2,trend_break;trailing_stop,True,False,False,False,True,False,False,False,False,2901.T,,184.0,8.451998,0.857573,21.77,214.559,5262877696.0,,1747294200.0,1747294200.0,True,,,False,1747294200.0,2025-05-15,-279.0
0,False,56.403940886699516,False,False,False,True,0.41265230491038035,1466.0,1466.0,8948690.0,8.94869,2023.7623291015625,0.7243933632517126,-0.3032778702694988,-0.10411595746733693,45.36465644905698,3.094451326675101,-0.03931847968545221,-0.2035180450223758,14.936945176218241,24.2199503358973,27.170594289356266,"fund_low_adv20,fund_small_mcap",1,trend_break,True,False,False,False,False,False,False,False,False,2903.T,,1466.0,9.860103,1.0578307,148.68,1385.855,16043059200.0,,1746766800.0,1746766800.0,True,,,False,1746766800.0,2025-05-09,-283.0
5,True,61.53846153846153,False,True,False,False,0.3107194787420079,772.0,772.0,4706255.0,4.706255,776.0,0.9948453608247423,-0.044780647161263176,0.026547966517515897,5.446961539925767,0.7055649663116279,-0.005154639175257714,-0.005154639175257714,17.864686370214404,12.014744623534462,7.241737631867333,"fund_low_adv20,fund_small_mcap",1,vol_distribution,False,False,False,False,False,False,False,True,False,2904.T,,772.0,35.283363,0.925826,21.88,833.85,14147063808.0,,1754377200.0,1754982000.0,True,,,False,1754377200.0,2025-08-05,-221.0
6,True,61.70212765957447,True,True,False,False,0.5011389990233852,1377.0,1377.0,3708775.0,3.708775,1456.0,0.9457417582417582,-0.10302197802197799,0.06451694460749446,18.54528983050077,1.3467893849310655,-0.0021739130434782483,-0.05425824175824179,10.890685255414974,19.64883966002465,13.70826328718704,"fund_low_adv20,fund_small_mcap",1,vol_distribution,False,False,False,False,False,False,False,True,False,2907.T,,1377.0,9.422472,0.5696292,146.14,2417.362,10307460096.0,,1747202400.0,1747202400.0,True,,,False,1747202400.0,2025-05-14,-280.0
4,False,55.74712643678161,True,False,True,False,0.458421586139851,1506.0,1506.0,115451940.0,115.45194,1640.258056640625,0.918148210827511,-0.13337856086394173,-0.04083061126890819,18.047615886735038,1.1983808689731101,0.0,-0.05874999999999997,28.524406256427554,23.32442686329557,17.806091822147437,fund_low_adv20,1,trend_break,True,False,False,False,False,False,False,False,False,2908.T,,1506.0,30.041891,0.61593556,50.13,2445.061,42880815104.0,,1753768800.0,1754287200.0,True,,,False,1753768800.0,2025-07-29,-226.0
3,False,37.83783783783784,True,True,False,False,0.4108225194958203,1250.0,1250.0,89159620.0,89.15962,1558.57177734375,0.802016319152369,-0.21145755500939079,-0.09870669744909544,26.543706303953094,2.1234965043162477,-0.04652936689549958,-0.10907249574547317,37.21721841165723,12.654722149589473,25.168071166195162,fund_low_adv20,3,trend_break;di_bear;vol_distribution,True,False,False,False,False,False,True,True,False,2910.T,,1250.0,276.54868,1.1328478,4.52,1103.414,32675870720.0,,1749535200.0,1749535200.0,True,,,False,1749535200.0,2025-06-10,-261.0
5,False,38.23529411764706,True,False,True,True,0.4655229662804516,2240.0,2240.0,1106275.0,1.106275,2335.0,0.9593147751605996,-0.051423702990981424,-0.0031535683364014577,10.329217162594384,0.4611257661872493,-0.007092198581560294,-0.0406852248394004,12.099015497055328,29.98725190814828,24.823413609826677,"fund_low_adv20,fund_small_mcap",1,trend_break,True,False,False,False,False,False,False,False,False,2911.T,,2240.0,18.009327,0.4955591,124.38,4520.147,4161848320.0,,1747288800.0,1747288800.0,True,,,False,1747288800.0,2025-05-15,-279.0
6,True,46.12794612794613,False,False,True,True,0.36038351124261425,6164.0,6164.0,24665763585.0,24665.763585,6453.0,0.9552146288547962,-0.07817589576547235,0.11512013062800186,108.58373774372579,1.7615791327664794,-0.044785371145203756,-0.044785371145203756,14.679977979587262,23.3891931145295,21.005187115682446,,0,,False,False,False,False,False,False,False,False,False,2914.T,,6164.0,21.93282,2.6784604,281.04,2301.322,10942589960192.0,1778221800.0,1785393000.0,1785393000.0,True,,,True,1785393000.0,2026-07-30,36.0
6,True,57.407407407407405,True,False,True,True,0.4773114703828874,1985.0,1985.0,48618485.0,48.618485,2309.0,0.8596795149415332,-0.2946777777323757,0.0029716960521646296,42.23079576039738,2.127496008080472,0.0,-0.14032048505846684,29.902025682693058,23.725125964084974,20.981104394980086,"fund_low_adv20,fund_small_mcap",0,,False,False,False,False,False,False,False,False,False,2915.T,,1985.0,9.976879,0.6876188,198.96,2886.774,28579504128.0,,1754292600.0,1754638200.0,True,,,False,1754292600.0,2025-08-04,-222.0
4,False,48.529411764705884,False,False,True,False,0.4070410899346769,706.0,706.0,2224600.0,2.2246,768.6458740234375,0.9184983929003341,-0.13159058050949335,-0.017861563715503737,7.886937346235234,1.1171299357273703,-0.030219780219780223,-0.030219780219780223,29.50411051026426,20.97030645589474,20.039616783536648,"fund_low_adv20,fund_small_mcap",2,trend_break;macd_sell_like,True,False,True,False,False,False,False,False,False,2916.T,,706.0,14.476112,0.63019,48.77,1120.297,8036815872.0,,1747116000.0,1747116000.0,True,,,False,1747116000.0,2025-05-13,-281.0
5,True,62.295081967213115,False,False,True,False,0.4025695503149427,924.0,924.0,1613305.0,1.613305,968.6729736328125,0.9538822958327458,-0.08673409890784234,0.01713461927067117,8.5194227998137,0.9220154545252922,-0.006451612903225823,-0.010706638115631661,15.179083979174816,30.27463305072235,16.66728849895477,"fund_low_adv20,fund_small_mcap",0,,False,False,False,False,False,False,False,False,False,2917.T,,924.0,50.79714,0.39524186,18.19,2337.809,4602196480.0,,1754547300.0,1754979300.0,True,,,False,1754547300.0,2025-08-07,-219.0
3,False,37.82894736842105,True,False,True,True,0.5282163445846034,2586.0,2586.0,212131785.0,212.131785,3710.00732421875,0.69703366435929,-0.31455660925534623,-0.15001926914794617,53.74004421983352,2.078114625670283,-0.056548704852243725,-0.18679245283018864,32.755425110667716,13.981004605042854,24.822072088394616,,2,trend_break;di_bear,True,False,False,False,False,False,True,False,False,2918.T,,2586.0,8.4155035,0.75366277,307.29,3431.243,44778872832.0,,1751868000.0,1752213600.0,True,,,True,1751868000.0,2025-07-07,-242.0
4,False,53.17460317460316,True,False,True,True,0.3575620392216678,1899.0,1899.0,31122130.0,31.12213,2013.704833984375,0.9430379109944248,-0.14758152409182845,-0.013082571366024642,18.6636339615516,0.9828137947104582,-0.000526315789473708,-0.0355510411376333,18.291853482767632,24.97246769884887,15.153706677407264,"fund_low_adv20,fund_small_mcap",1,trend_break,True,False,False,False,False,False,False,False,False,2922.T,,1899.0,17.79256,0.8633188,106.73,2199.651,23894077440.0,,1754373600.0,1754978400.0,True,,,False,1754373600.0,2025-08-05,-221.0
1,False,75.0,False,False,True,False,0.37702023712012894,7350.0,7350.0,16157450.0,16.15745,9578.8857421875,0.7673126288195503,-0.2942811740380734,-0.03810982230872351,120.58654629675294,1.6406332829490198,-0.0027137042062415073,-0.07731852315797005,15.095246268419718,24.986564392641696,25.700131664007987,fund_low_adv20,1,trend_break,True,False,False,False,False,False,False,False,False,2923.T,,7350.0,11.8336525,1.416337,621.11,5189.443,37070540800.0,,1749639540.0,1749639540.0,True,,,False,1749639540.0,2025-06-11,-260.0
3,False,58.73015873015873,False,False,True,True,0.5163446745094629,2117.0,2117.0,22636540.0,22.63654,2425.08447265625,0.8729592819837744,-0.26394316563956677,0.02157088316647915,30.269733358852577,1.4298409711314397,-0.0075011720581340535,-0.0075011720581340535,34.23721952856107,23.131660629023,12.804853439091799,"fund_low_adv20,fund_small_mcap",2,trend_break;macd_sell_like,True,False,True,False,False,False,False,False,False,2924.T,,2117.0,8.606391,1.367096,245.98,1548.538,17252749312.0,,1754460000.0,1754978400.0,True,,,False,1754460000.0,2025-08-06,-220.0
2,False,35.71428571428572,False,False,True,False,0.32750571176883536,99.0,99.0,22120095.0,22.120095,142.0,0.6971830985915493,-0.3661971830985915,-0.0376670716889429,2.57724711680224,2.603279915961859,-0.03883495145631066,-0.03883495145631066,23.63106356683891,13.192938124107625,19.486071270104137,"fund_low_adv20,fund_small_mcap",2,trend_break;di_bear,True,False,False,False,False,False,True,False,False,2926.T,,99.0,21.568626,1.0511005,4.59,94.187,1401620224.0,,1753768800.0,1754287200.0,True,,,False,1753768800.0,2025-07-29,-226.0
3,False,47.368421052631575,True,False,False,False,0.40085847205572167,831.0,831.0,33017505.0,33.017505,907.0,0.9162072767364939,-0.09481808158765159,-0.034616710161685105,12.402822474237754,1.4925177465990076,-0.03484320557491294,-0.07666666666666666,36.22742131328357,15.462922841932755,27.990329376476513,"fund_low_adv20,fund_small_mcap",2,trend_break;di_bear,True,False,False,False,False,False,True,False,False,2927.T,,831.0,8.650844,0.75472724,96.06,1101.06,12099032064.0,,1752472800.0,1752818400.0,True,,,False,1752472800.0,2025-07-14,-237.0
0,False,27.064220183486228,False,True,False,False,0.386315507421984,544.0,544.0,106697845.0,106.697845,1022.50146484375,0.532028577663827,-0.46797142233617295,-0.2529307124973036,24.219551043656857,4.452123353613393,-0.1770045385779122,-0.24444444444444446,11.08014409291567,13.099577194760395,39.35752148892128,"fund_neg_eps,fund_low_adv20,fund_small_mcap",4,trend_break;macd_sell_like;trailing_stop;vol_distribution,True,False,True,False,True,False,False,True,False,2929.T,,544.0,-9.324648611587246,1.6171561,-58.34,336.393,15799597056.0,,1749535200.0,1749535200.0,True,,,False,1749535200.0,2025-06-10,-261.0
0,False,27.77777777777777,False,False,False,True,0.46677079774499225,119.0,119.0,40719560.0,40.71956,149.9882354736328,0.793395559486528,-0.2686359260618483,-0.11806506271336081,2.5356715738211872,2.130816448589233,-0.07751937984496127,-0.15602836879432624,17.9975760201777,13.072252370939758,24.18751159747055,"fund_low_adv20,fund_small_mcap",2,trend_break;macd_sell_like,True,False,True,False,False,False,False,False,False,2930.T,,119.0,23.847696,2.0621057,4.99,57.708,16593736704.0,1784097000.0,1784097000.0,1784097000.0,True,,,False,1784097000.0,2026-07-15,25.0
1,False,39.70588235294118,False,False,True,False,0.32248064204636284,346.0,346.0,467238140.0,467.23814,507.4689636230469,0.6818150957050693,-0.33249438099952777,-0.15749357961805144,10.598101834103389,3.0630352121686095,-0.128463476070529,-0.17619047619047623,41.39642397502374,9.61206350432382,28.514820911064714,fund_neg_eps,3,trend_break;trailing_stop;di_bear,True,False,False,False,True,False,True,False,False,2931.T,,346.0,-58.644067796610166,1.4603963,-5.9,236.922,48181239808.0,,1754632800.0,1754632800.0,True,,,False,1754632800.0,2025-08-08,-218.0
1,False,56.08108108108108,True,False,True,False,0.5024622544437576,1057.0,1057.0,22291750.0,22.29175,1392.716552734375,0.7589484004658023,-0.3582223472223043,-0.1443622550002417,21.090661612012262,1.995332224409864,-0.012149532710280408,-0.16508688783570302,45.513150234602755,15.840262811009309,23.81854261632807,"fund_low_adv20,fund_small_mcap",2,trend_break;di_bear,True,False,False,False,False,False,True,False,False,2932.T,,1057.0,7.758367,1.8855774,136.24,560.571,18791667712.0,,1754460000.0,1754892000.0,True,,,False,1754460000.0,2025-08-06,-220.0
4,False,54.8780487804878,True,False,True,True,0.4868401667836837,1048.0,1048.0,25764240.0,25.76424,1192.14013671875,0.8790912810674408,-0.16732215805292172,-0.02156043498922211,11.61561518327673,1.1083602274119018,0.0,-0.015962441314554043,15.321415761156668,25.781801723492393,16.427255676734635,"fund_low_adv20,fund_small_mcap",1,trend_break,True,False,False,False,False,False,False,False,False,2933.T,,1048.0,21.77436,0.93026555,48.13,1126.56,23925499904.0,,1747292400.0,1747292400.0,True,,,False,1747292400.0,2025-05-15,-279.0
1,False,30.650684931506845,False,False,True,False,0.48021682875037813,1470.0,1470.0,15215870.0,15.21587,1986.0,0.7401812688821753,-0.5252679938744258,-0.057662104554633165,77.28284627759622,5.257336481469131,-0.15371329879101903,-0.1595197255574614,26.09787370505655,12.899257757030872,26.79531530879695,"fund_neg_eps,fund_low_adv20,fund_small_mcap",3,trend_break;trailing_stop;di_bear,True,False,False,False,True,False,True,False,False,2934.T,,1470.0,-99.19028340080972,4.6473837,-14.82,316.307,7840124416.0,,1744628340.0,1744628340.0,True,,,False,1744628340.0,2025-04-14,-302.0
4,False,49.565217391304344,True,False,True,True,0.538400531468299,1105.0,1105.0,24571340.0,24.57134,1356.1553955078125,0.8148033799520686,-0.22768427989349582,-0.04783689468179175,15.845253139731243,1.4339595601566735,-0.0045045045045044585,-0.10453808752025928,39.45747055753516,19.841784866723113,27.1926009629324,"fund_low_adv20,fund_small_mcap",2,trend_break;di_bear,True,False,False,False,False,False,True,False,False,2935.T,,1105.0,10.314571,0.69094115,107.13,1599.268,13843694592.0,,1744613400.0,1744613400.0,True,,,False,1744613400.0,2025-04-14,-302.0
1,False,47.76119402985074,False,False,True,False,0.458155721508375,303.0,303.0,13735710.0,13.73571,527.0,0.5749525616698292,-0.547112462006079,-0.1636534268127744,10.350343947168422,3.415955098075387,-0.047169811320754707,-0.09281437125748504,15.510767884201773,22.871573482800205,14.365316023099261,"fund_low_adv20,fund_small_mcap",1,trend_break,True,False,False,False,False,False,False,False,False,2936.T,,303.0,61.963192,11.939945,4.89,25.377,16178401280.0,,1744612200.0,1744612200.0,True,,,False,1744612200.0,2025-04-14,-302.0
3,False,26.66666666666667,False,False,True,False,0.5442024910543131,1676.0,1676.0,6440030.0,6.44003,1914.9422607421875,0.8752222113216203,-0.3631513022793168,-0.012135724494389155,19.066704071158206,1.1376315078256685,-0.028405797101449304,-0.037600326253525274,12.380291370312028,19.44814977975402,19.877359669177263,"fund_low_adv20,fund_small_mcap",2,trend_break;cross_sma25_down,True,True,False,False,False,False,False,False,False,2937.T,,1676.0,25.424759,3.0053456,65.92,557.673,15595103232.0,,1747121400.0,1747121400.0,True,,,False,1747121400.0,2025-05-13,-281.0
5,True,52.45346869712351,False,False,True,False,0.3137237012258175,1494.0,1494.0,255947250.0,255.94725,1613.0,0.926224426534408,-0.278248581703714,0.23900373847244616,58.89703313356258,3.9422378268783524,-0.07377557346559205,-0.07377557346559205,41.44432654625473,33.36362320385105,16.672951005276094,,1,macd_sell_like;ext_dev200,False,False,True,False,False,True,False,False,False,2938.T,,1494.0,32.421875,3.9436173,46.08,378.84,75078549504.0,,1747198800.0,1747198800.0,True,,,True,1747198800.0,2025-05-14,-280.0
5,True,60.810810810810814,False,False,True,False,0.24346395039706714,5000.0,5000.0,556700.0,0.5567,5240.0,0.9541984732824428,-0.08663883089770352,0.07366193682558841,37.87044486513131,0.7574088973026263,-0.036608863198458574,-0.036608863198458574,17.15374248001781,51.28080311194756,47.80657401265289,"fund_low_adv20,fund_small_mcap",1,macd_sell_like,False,False,True,False,False,False,False,False,False,2961.T,,5000.0,9.832842,0.72783023,508.5,6869.734,5575305216.0,,1754028000.0,1754114400.0,True,,,False,1754028000.0,2025-08-01,-223.0
4,True,50.10615711252654,False,False,True,False,0.4485550757334983,1025.0,1025.0,267904915.0,267.904915,1343.0,0.763216679076694,-0.5163398692810457,0.6348078502675503,121.17400313448371,11.821853964339875,-0.236783320923306,-0.236783320923306,27.351683696663486,27.516365543850117,23.851177855389004,"fund_neg_eps,fund_small_mcap",2,macd_sell_like;trailing_stop;ext_dev200,False,False,True,False,True,True,False,False,False,2962.T,,1025.0,-3.5107548979312235,5.9245815,-291.96,173.008,9423208448.0,,1747290600.0,1747290600.0,True,,,False,1747290600.0,2025-05-15,-279.0
3,True,75.39267015706807,False,False,True,True,0.4417884812950536,1157.0,1157.0,22046010.0,22.04601,1249.0,0.9263410728582866,-0.3552845528455284,0.1517279652391179,28.291231286161818,2.445223101656164,-0.003445305770887197,-0.0350291909924938,16.512788922046905,27.38546736039154,20.00755099652376,"fund_low_adv20,fund_small_mcap",0,,False,False,False,False,False,False,False,False,False,2970.T,,1157.0,12.108843,3.25469,95.55,355.487,19183120384.0,,1754548200.0,1754980200.0,True,,,False,1754548200.0,2025-08-07,-219.0
2,False,40.50632911392405,False,False,True,False,0.5221573664694298,114000.0,114000.0,86547510.0,86.54751,129590.3828125,0.8796949088802585,-0.13882498393827325,-0.06602307105047833,1768.9749813353337,1.5517324397678367,-0.038785834738617186,-0.07841552142279706,42.12232353666012,9.459638878195321,24.18490861530052,fund_low_adv20,2,trend_break;di_bear,True,False,False,False,False,False,True,False,False,2971.T,,114000.0,15.20592,1.0951167,7497.08,104098.49,41116037120.0,,1757743200.0,1758088800.0,True,,,False,1757743200.0,2025-09-13,-192.0
5,True,52.432432432432435,False,False,True,False,0.48711883153578317,115900.0,115900.0,422447140.0,422.44714,133300.0,0.8694673668417104,-0.1507876969242311,0.025755505053417727,2199.0706237177255,1.8973862154596424,-0.06607574536663985,-0.09735202492211836,17.517194403573072,18.99261286165469,25.45686495185906,fund_neg_eps,1,natr_spike,False,False,False,False,False,False,False,False,True,2972.T,,115900.0,-18.61488548392278,1.1043991,-6226.2,104943.945,54136774656.0,,1744698600.0,1744698600.0,True,,,False,1744698600.0,2025-04-15,-301.0
6,True,49.535410921523635,True,False,True,False,0.4004357806044157,1534.0,1534.0,335047850.0,335.04785,1807.9234619140625,0.8484872464545277,-0.2118029164291383,0.12504346843275194,58.13160760094538,3.7895441721607157,-0.10375181001934275,-0.15151275354547233,14.538623215376132,25.642297018310927,27.241605491539424,,1,trailing_stop,False,False,False,False,True,False,False,False,False,2975.T,,1534.0,12.438174,1.6510814,123.33,929.088,58196979712.0,,1751265000.0,1751610600.0,True,,,True,1751265000.0,2025-06-30,-247.0
1,False,38.02816901408451,False,False,True,True,0.32130987979815095,372.0,372.0,3992780.0,3.99278,787.0,0.4726810673443456,-0.531130876747141,-0.22326042699796422,11.863735044016497,3.1891760871012087,-0.11638954869358675,-0.1806167400881057,24.430726605479578,16.234233275456774,28.426460118989326,"fund_low_adv20,fund_small_mcap",3,trend_break;trailing_stop;di_bear,True,False,False,False,True,False,True,False,False,2978.T,,372.0,61.896835,2.2558444,6.01,164.905,4360766464.0,,1749794400.0,1749794400.0,True,,,False,1749794400.0,2025-06-13,-258.0
2,False,34.008451694257175,False,False,True,True,0.4092857033290779,112900.0,112900.0,285513400.0,285.5134,132847.09375,0.849849227507094,-0.15316175292694345,-0.05809205118519756,2095.1872363558377,1.8557902890662867,-0.05409895253921593,-0.10051000271193944,47.49303165973231,10.6230937813308,28.948750874938423,,2,trend_break;di_bear,True,False,False,False,False,False,True,False,False,2979.T,,112900.0,20.765282,1.042232,5436.96,108325.2,82134753280.0,,1737095400.0,1737095400.0,True,,,True,1737095400.0,2025-01-17,-363.0
2,False,48.77126654064272,True,False,True,False,0.3323063204681655,2532.0,2532.0,1828534090.0,1828.53409,4060.0,0.6236453201970443,-0.43957973705142084,-0.1727891232512606,159.01627873006453,6.280263772909342,-0.21488372093023256,-0.37635467980295567,26.70818904223281,20.75028448357667,28.0356923834735,,3,trend_break;trailing_stop;di_bear,True,False,False,False,True,False,True,False,False,2980.T,,2532.0,22.278927,2.6128953,113.65,969.04,40805576704.0,,1754287200.0,1754632800.0,True,,,True,1754287200.0,2025-08-04,-222.0
1,False,57.2289156626506,False,False,True,True,0.5056351379756229,1938.0,1938.0,20773435.0,20.773435,2883.021728515625,0.6722113749027531,-0.3565778635476744,-0.161033658623003,60.97155300841767,3.1461069663786208,-0.0537109375,-0.1548190143916267,13.17294137075298,20.550391114943487,27.963474623626627,"fund_low_adv20,fund_small_mcap",1,trend_break,True,False,False,False,False,False,False,False,False,2981.T,,1938.0,5.9896154,1.1155009,323.56,1737.336,11036580864.0,,1747119600.0,1747119600.0,True,,,False,1747119600.0,2025-05-13,-281.0
1,False,33.98058252427184,False,False,True,False,0.5069203906660067,388.0,388.0,368957005.0,368.957005,496.0,0.782258064516129,-0.22782258064516125,-0.10749859320464539,16.460818178812833,4.242478912065163,-0.09133489461358313,-0.11617312072892938,13.723251503326647,22.529856784531933,21.119555523670453,fund_small_mcap,2,trend_break;trailing_stop,True,False,False,False,True,False,False,False,False,2982.T,,388.0,5.7498517,1.1635369,67.48,333.466,19155554304.0,,1754460000.0,1754978400.0,True,,,False,1754460000.0,2025-08-06,-220.0
6,True,51.26262626262627,True,True,False,True,0.5023318697447481,1477.0,1477.0,84000595.0,84.000595,2277.0,0.6486605182257357,-0.40711462450592883,0.02671267507370878,68.32241968323385,4.62575624124806,-0.040909090909090895,-0.2970014278914802,26.061461133349695,30.449087850952832,19.304348585759147,"fund_low_adv20,fund_small_mcap",1,vol_distribution,False,False,False,False,False,False,False,True,False,2983.T,,1477.0,6.4097557,2.0167816,230.43,732.355,15763167232.0,,1749725940.0,1749725940.0,True,,,False,1749725940.0,2025-06-12,-259.0
3,False,44.23076923076923,False,False,True,False,0.3983877993977914,694.0,694.0,6631255.0,6.631255,748.590576171875,0.9270755231103242,-0.23048586800463222,-0.0208007484979148,14.078695908403004,2.028630534352018,-0.06216216216216219,-0.06216216216216219,21.557837363103687,13.67500632594673,24.014891996347355,"fund_low_adv20,fund_small_mcap",3,trend_break;macd_sell_like;di_bear,True,False,True,False,False,False,True,False,False,2984.T,,694.0,9.361932,0.42859823,74.13,1619.232,6018376192.0,,1747220340.0,1747220340.0,True,,,False,1747220340.0,2025-05-14,-280.0
5,True,,False,False,True,True,0.49053649120881293,1600.0,1600.0,0.0,0.0,1600.0,1.0,0.0,0.06205028808114066,0.0,0.0,0.0,0.0,,,,"fund_low_adv20,fund_small_mcap",0,,False,False,False,False,False,False,False,False,False,2985.T,,1600.0,13.8432255,0.7071945,115.58,2262.461,0.0,,1747290600.0,1747290600.0,True,,,False,1747290600.0,2025-05-15,-279.0
1,False,29.411764705882348,False,False,True,True,0.5928317395906079,8080.0,8080.0,768804850.0,768.80485,10580.0,0.7637051039697542,-0.2510373065754832,-0.05672663964392077,261.76869066635254,3.2397115181479275,-0.11111111111111116,-0.1503680336487907,25.516327657442737,10.588752796318698,32.46320324208423,,3,trend_break;trailing_stop;di_bear,True,False,False,False,True,False,True,False,False,2986.T,,8080.0,9.345686,2.1094325,864.57,3830.414,61742698496.0,,1754548200.0,1754980200.0,True,,,True,1754548200.0,2025-08-07,-219.0
3,False,48.54368932038835,True,False,True,True,0.4772561446045319,101500.0,101500.0,175326195.0,175.326195,115991.203125,0.8750663607706242,-0.1456248635234596,-0.07565031303505554,1435.591797482652,1.4143761551553222,-0.02497598463016326,-0.092128801431127,46.59765018272231,13.42293017344384,29.1945270921755,fund_low_adv20,2,trend_break;di_bear,True,False,False,False,False,False,True,False,False,2989.T,,101500.0,15.119016,0.969251,6713.4,104720.04,39170981888.0,,1742280300.0,1742280300.0,True,,,False,1742280300.0,2025-03-18,-321.0
2,False,,False,False,True,True,0.30228575830673066,342.0,342.0,0.0,0.0,344.0,0.9941860465116279,-0.009256622611549581,-0.003240883819524143,0.019315925204558642,0.005647931346362176,0.0,-0.005813953488372103,100.0,0.0,100.0,"fund_low_adv20,fund_small_mcap",2,trend_break;di_bear,True,False,False,False,False,False,True,False,False,2990.T,,342.0,208.53659,1.0546409,1.64,324.281,12191958016.0,,1747119600.0,1747119600.0,True,,,False,1747119600.0,2025-05-13,-281.0
1,False,46.2962962962963,False,False,True,True,0.44936707631423806,573.0,573.0,10682115.0,10.682115,802.5,0.7140186915887851,-0.3021806853582555,-0.12363210901833033,18.282238973759046,3.190617621947477,-0.054455445544554504,-0.08903020667726547,8.572467085769379,16.44729966272575,15.079507954457977,"fund_low_adv20,fund_small_mcap",1,trend_break,True,False,False,False,False,False,False,False,False,2991.T,,573.0,6.037298,1.1490173,94.91,498.687,13726160896.0,,1749466740.0,1749466740.0,True,,,False,1749466740.0,2025-06-09,-262.0
3,False,,False,False,True,False,,11460.0,11460.0,0.0,0.0,11460.0,1.0,0.0,0.0,0.0,0.0,0.0,0.0,,,,"fund_low_adv20,fund_small_mcap",0,,False,False,False,False,False,False,False,False,False,2992.T,,11460.0,47.619045,4.292543,240.66,2669.746,2521200128.0,,1734328800.0,1734328800.0,True,,,False,1734328800.0,2024-12-16,-387.0
4,False,36.44314868804665,True,False,True,False,0.5204249993730629,2052.0,2052.0,7513960.0,7.51396,2516.2431640625,0.8155014703296899,-0.19284430495146188,-0.0726767993916565,42.665371638817085,2.0792091441918656,-0.136,-0.1844985296703101,38.203219192467714,19.39280333836587,29.760147033332746,"fund_low_adv20,fund_small_mcap",3,trend_break;trailing_stop;di_bear,True,False,False,False,True,False,True,False,False,2993.T,,2052.0,9.143163,0.73058295,224.43,2808.716,9002058752.0,,1747133940.0,1747133940.0,True,,,False,1747133940.0,2025-05-13,-281.0
3,False,,False,False,True,False,,1040.0,1040.0,0.0,0.0,1040.0,1.0,0.0,0.0,0.0,0.0,0.0,0.0,,,,"fund_low_adv20,fund_small_mcap",0,,False,False,False,False,False,False,False,False,False,2994.T,,1040.0,9.920824,1.8571428,104.83,560.0,728000000.0,,,,True,,,False,,,
3,False,,False,False,True,False,0.3511224616268942,1500.0,1500.0,0.0,0.0,1500.0,1.0,0.0,0.0,0.0,0.0,0.0,0.0,,,,"fund_low_adv20,fund_small_mcap",0,,False,False,False,False,False,False,False,False,False,2995.T,,1500.0,4.7125354,0.42029297,318.3,3568.939,5232974848.0,,,,True,,,False,,,
3,False,37.66233766233766,False,True,False,True,0.5364477873117873,939.0,939.0,1294230.0,1.29423,1255.0,0.748207171314741,-0.2844621513944223,-0.06308931083683389,10.72618960728499,1.1422992127034068,-0.02085505735140769,-0.07487684729064037,17.473431019159314,19.027237776913587,18.78284918834322,"fund_low_adv20,fund_small_mcap",3,trend_break;macd_sell_like;vol_distribution,True,False,True,False,False,False,False,True,False,2997.T,,939.0,14.827096,1.4058801,63.33,667.909,1740436480.0,,1749812340.0,1749812340.0,True,,,False,1749812340.0,2025-06-13,-258.0
1,False,24.840764331210195,True,False,True,False,0.4607433628075859,429.0,429.0,141312085.0,141.312085,1457.978271484375,0.2942430682202369,-0.711929863280887,-0.5272135820685855,28.82041411581442,6.71804524844159,-0.3746355685131195,-0.47682233666217533,41.97210080175065,14.284070890576487,34.59949894089819,"fund_low_adv20,fund_small_mcap",3,trend_break;trailing_stop;di_bear,True,False,False,False,True,False,True,False,False,2998.T,,429.0,7.18593,1.3332546,59.7,321.769,15471910912.0,,1747306740.0,1747306740.0,True,,,False,1747306740.0,2025-05-15,-279.0
4,True,54.34782608695652,False,False,True,True,0.5845931319408525,562.0,562.0,4071845.0,4.071845,606.7508544921875,0.9262450902856311,-0.32921396486432053,0.15108048573396604,9.338308140848554,1.6616206656314154,-0.015761821366024553,-0.055462184873949605,12.401874529561939,17.73231333229029,16.789218002999732,"fund_low_adv20,fund_small_mcap",0,,False,False,False,False,False,False,False,False,False,2999.T,,562.0,8.124909,0.8869334,69.17,633.644,5280215040.0,,1744266600.0,1744266600.0,True,,,False,1744266600.0,2025-04-10,-304.0
1,False,38.43478260869565,False,False,False,False,0.5566618619225596,2351.0,2351.0,104026855.0,104.026855,3165.0,0.7428120063191154,-0.26034755134281196,-0.1585216925113916,67.09041529703305,2.8536969501077434,-0.1155003762227238,-0.2025101763907734,16.123680838951355,19.687800032571282,33.24257696470344,fund_low_adv20,3,trend_break;macd_sell_like;trailing_stop,True,False,True,False,True,False,False,False,False,3001.T,,2351.0,13.008355,0.7403565,180.73,3175.497,74408067072.0,,1754465400.0,1754983800.0,True,,,False,1754465400.0,2025-08-06,-220.0
5,False,54.736842105263165,True,False,True,False,0.5668152765484039,3740.0,3740.0,815601850.0,815.60185,4501.83984375,0.8307714467435623,-0.20365892070169223,-0.035331102586255825,73.68991449998177,1.9703185695182293,-0.019659239842726106,-0.09999759122642415,20.435804120097092,24.605657093046712,23.015752391109288,,1,trend_break,True,False,False,False,False,False,False,False,False,3002.T,,3740.0,237.30965,1.0563835,15.76,3540.381,117230133248.0,1778740200.0,1785997800.0,1785997800.0,True,,,True,1785997800.0,2026-08-06,41.0
7,True,48.62119013062409,True,False,True,False,0.5094314036482492,1727.5,1727.5,6195053547.5,6195.0535475,2070.5,0.834339531514127,-0.21202608065684614,0.0005865732045637895,35.789287051239334,2.071738758393015,-0.018744674808293116,-0.10515410515410517,28.961018148010304,28.527702313539372,27.310463898987802,,0,,False,False,False,False,False,False,False,False,False,3003.T,,1727.5,11.478405,1.4430335,150.5,1197.131,1311724797952.0,1777271400.0,1785220200.0,1785220200.0,True,,,True,1785220200.0,2026-07-28,34.0
3,False,45.51282051282051,True,False,False,False,0.5735235361873479,2088.0,2088.0,22378160.0,22.37816,2634.646728515625,0.7925161189167821,-0.2169728192886391,-0.07469271698521585,49.970284874387,2.3932128771258143,-0.049180327868852514,-0.15797068174416173,31.721690944456142,16.162567671721398,25.655355791861574,"fund_low_adv20,fund_small_mcap",2,trend_break;di_bear,True,False,False,False,False,False,True,False,False,3004.T,,2088.0,6.071356,0.7532758,343.91,2771.893,8179687936.0,,1753758000.0,1754276400.0,True,,,False,1753758000.0,2025-07-29,-226.0
2,False,48.78048780487806,True,False,True,False,0.2368151828235814,169.0,169.0,29789810.0,29.78981,235.52940368652344,0.7175324921423808,-0.3164335429886195,-0.09071460104346418,4.56658539339713,2.7021215345545144,-0.03428571428571425,-0.0812546935455386,15.163710270035832,15.790082582733245,19.87526133017505,fund_low_adv20,1,trend_break,True,False,False,False,False,False,False,False,False,3010.T,,169.0,8.600509,1.2294396,19.65,137.461,39531286528.0,,1747209600.0,1747209600.0,True,,,False,1747209600.0,2025-05-14,-280.0
3,False,50.66666666666667,False,False,True,True,0.1787295726533323,149.0,149.0,19221645.0,19.221645,229.0,0.6506550218340611,-0.36244541484716153,-0.019515263152642515,10.165579858298358,6.822536817649905,-0.19021739130434778,-0.3493449781659389,49.38594284494135,37.2207168362318,13.689317809008926,"fund_low_adv20,fund_small_mcap",3,trend_break;macd_sell_like;trailing_stop,True,False,True,False,True,False,False,False,False,3011.T,,149.0,10.972017,0.82424265,13.58,180.772,2281535488.0,,1747117800.0,1747117800.0,True,,,False,1747117800.0,2025-05-13,-281.0
4,False,53.57142857142857,False,False,True,True,0.4100286626714169,4000.0,4000.0,13835150.0,13.83515,4536.3466796875,0.8817668230496776,-0.19114475550022503,-0.00015459889821944905,88.61937566750217,2.215484391687554,-0.04761904761904767,-0.04761904761904767,12.740986673007312,18.814825720688756,18.84011368033177,"fund_low_adv20,fund_small_mcap",2,trend_break;macd_sell_like,True,False,True,False,False,False,False,False,False,3020.T,,4000.0,4.7650247,0.7841721,839.45,5100.921,10811379712.0,,1747202400.0,1747202400.0,True,,,False,1747202400.0,2025-05-14,-280.0
1,False,26.662970769154995,False,False,True,True,0.5494619412542239,1660.0,1660.0,48381845.0,48.381845,2419.606689453125,0.6860619154492378,-0.33790892256043437,-0.03217592339122766,62.53648950453722,3.7672584038877845,-0.13696806367033543,-0.2903004054958047,32.42852212072294,16.60707630373964,33.108481845066315,"fund_low_adv20,fund_small_mcap",3,trend_break;trailing_stop;di_bear,True,False,False,False,True,False,True,False,False,3021.T,,1660.0,11.072572,2.247182,149.92,738.703,8723555328.0,,1744601400.0,1744601400.0,True,,,False,1744601400.0,2025-04-14,-302.0
2,False,55.988023952095816,True,False,True,True,0.5422744709990248,1771.0,1771.0,85665860.0,85.66586,2349.5458984375,0.7537626743864652,-0.2811376865958557,-0.02356777391104381,47.589374579437795,2.687147068291236,-0.040108401084010814,-0.13376774613886244,21.41856204903985,22.452767347791728,25.345161910261112,"fund_low_adv20,fund_small_mcap",2,trend_break;di_bear,True,False,False,False,False,False,True,False,False,3023.T,,1771.0,7.941348,0.7987775,223.01,2217.138,18666502144.0,,1754546400.0,1754978400.0,True,,,False,1754546400.0,2025-08-07,-219.0
2,False,39.189189189189186,True,False,True,False,0.5685494502267422,1000.0,1000.0,4654065.0,4.654065,1257.296875,0.7953571029117527,-0.2441273312778084,-0.12352072242024104,11.999949855917691,1.199994985591769,-0.06542056074766356,-0.16020219526344603,59.70114455635762,12.582933908163513,41.71620997109663,"fund_low_adv20,fund_small_mcap",2,trend_break;di_bear,True,False,False,False,False,False,True,False,False,3024.T,,1000.0,10.6723585,0.6997734,93.7,1429.034,3897120000.0,,1754265600.0,1754611200.0,True,,,False,1754265600.0,2025-08-04,-222.0
2,False,63.47305389221557,False,False,True,False,0.31394876258540705,2045.0,2045.0,348511885.0,348.511885,2473.90380859375,0.8266287447782567,-0.234812609356851,-0.07117975439145241,30.270877961531443,1.4802385311262318,0.0,-0.03080568720379151,17.235888439197403,28.555286008800184,16.82962697378833,,1,trend_break,True,False,False,False,False,False,False,False,False,3028.T,,2045.0,16.986462,0.6290335,120.39,3251.019,76686827520.0,,1754461800.0,1754980200.0,True,,,True,1754461800.0,2025-08-06,-220.0
7,True,51.63398692810458,True,False,False,True,0.5756780787012039,939.0,939.0,29868220.0,29.86822,1068.09619140625,0.8791343022801321,-0.21636271458096856,0.07609087587844088,23.60647146311227,2.51400122077873,-0.019832985386221247,-0.03790983606557374,9.628506580324357,18.080404549710252,16.583170423569303,"fund_low_adv20,fund_small_mcap",0,,False,False,False,False,False,False,False,False,False,3030.T,,939.0,19.473248,3.4665818,48.22,270.872,11810665472.0,,1752042600.0,1752474600.0,True,,,False,1752042600.0,2025-07-09,-240.0
3,False,48.97959183673469,False,False,True,False,0.38252764056920874,639.0,639.0,47955345.0,47.955345,809.2368774414062,0.789632822987936,-0.3550057940312833,-0.010904331890991381,10.902828233834104,1.7062329004435217,-0.015408320493066285,-0.054237773194326655,14.800801790773246,21.79661801944395,20.513383576405804,"fund_low_adv20,fund_small_mcap",1,trend_break,True,False,False,False,False,False,False,False,False,3031.T,,639.0,15.367965,2.694713,41.58,237.131,12991976448.0,,1749708000.0,1749708000.0,True,,,False,1749708000.0,2025-06-12,-259.0
2,False,62.62626262626262,True,False,True,False,0.478035159130325,1934.0,1934.0,348466325.0,348.466325,2359.9892578125,0.8194952555812249,-0.27724425222075877,-0.02268771259564306,54.86392922904374,2.836811232111879,0.0,-0.025692695214105776,19.241103918429793,34.754625125177796,17.036641956285532,,1,trend_break,True,False,False,False,False,False,False,False,False,3034.T,,1934.0,9.798358,1.2649915,197.38,1528.864,72675016704.0,,1753943400.0,1754289000.0,True,,,True,1753943400.0,2025-07-31,-224.0
7,True,44.02985074626866,False,False,True,True,0.5251206260707593,756.0,756.0,3530695.0,3.530695,799.0,0.9461827284105131,-0.1379727932802789,0.14243194281735172,18.033406233654468,2.3853711949278393,-0.053817271589486904,-0.053817271589486904,33.52287891644238,30.969811198795256,20.99150466633993,"fund_low_adv20,fund_small_mcap",1,macd_sell_like,False,False,True,False,False,False,False,False,False,3035.T,,756.0,10.694582,0.8711032,70.69,867.865,4137740800.0,,1751436600.0,1751868600.0,True,,,False,1751436600.0,2025-07-02,-245.0
1,False,34.36123348017621,False,False,True,True,0.5248068023335798,2310.0,2310.0,370935585.0,370.935585,3247.377685546875,0.7113431893928236,-0.2886568106071764,-0.05531929163795357,71.9260991625868,3.113683946432329,-0.1584699453551912,-0.2015535923278341,19.586056614900418,16.910289466657545,32.37597082372892,,2,trend_break;trailing_stop,True,False,False,False,True,False,False,False,False,3036.T,,2310.0,12.382739,0.87574035,186.55,2637.768,69441044480.0,,1754278200.0,1754623800.0,True,,,True,1754278200.0,2025-08-04,-222.0
2,False,42.11017740429506,True,False,True,True,0.4946151789441381,2673.5,2673.5,4116075807.5,4116.0758075,4661.70556640625,0.5735025436325497,-0.4545305586225036,-0.2584923984873,77.432549664988,2.896298846642529,-0.049760085303003354,-0.29009559214020175,37.447626117284464,17.442403595381855,23.47084912572799,earnings_blackout,2,trend_break;di_bear,True,False,False,False,False,False,True,False,False,3038.T,,2673.5,18.690577,3.674909,143.04,727.501,592760274944.0,1781245800.0,1781245800.0,1781245800.0,True,,,True,1781245800.0,2026-06-12,2.0
5,True,48.859315589353606,False,False,True,True,0.5185472189157521,2087.0,2087.0,164146635.0,164.146635,2287.0,0.9125491910800175,-0.23778801843317976,0.16231820518566797,65.98922871674091,3.1619180027187785,-0.08745080891998247,-0.08745080891998247,43.94723720396715,29.623325148013198,20.131989149956294,fund_low_adv20,2,macd_sell_like;trailing_stop,False,False,True,False,True,False,False,False,False,3040.T,,2087.0,16.83336,2.8853824,123.98,723.301,38695882752.0,,1754546400.0,1754978400.0,True,,,False,1754546400.0,2025-08-07,-219.0
6,True,38.80597014925374,False,False,False,True,0.442788041225746,545.0,545.0,11413500.0,11.4135,597.0,0.9128978224455612,-0.29443368051217866,0.1108393461334638,8.836414451039445,1.6213604497320084,-0.05381944444444442,-0.08710217755443883,16.99930782937514,21.56706251339659,28.84382957916321,"fund_neg_eps,fund_low_adv20,fund_small_mcap",1,macd_sell_like,False,False,True,False,False,False,False,False,False,3041.T,,545.0,-2477.2727272727275,4.339621,-0.22,125.587,2234907648.0,,1747290600.0,1747290600.0,True,,,False,1747290600.0,2025-05-15,-279.0
0,False,28.070175438596493,False,False,True,True,0.33877093008916964,272.0,272.0,11647695.0,11.647695,402.9310302734375,0.6750534944290963,-0.3292682465006327,-0.16002696700191799,8.099467519969753,2.977745411753586,-0.11974110032362462,-0.13650793650793647,15.753444577772829,16.204283924846727,29.79529957849114,"fund_low_adv20,fund_small_mcap",3,trend_break;macd_sell_like;trailing_stop,True,False,True,False,True,False,False,False,False,3042.T,,272.0,19.883041,1.6327511,13.68,166.59,2091558144.0,,1747206000.0,1747206000.0,True,,,False,1747206000.0,2025-05-14,-280.0
7,True,58.76288659793814,False,False,True,True,0.43591616044453335,1475.0,1475.0,1216135.0,1.216135,1511.4344482421875,0.975894126083628,-0.09005131931410426,0.025055675304493708,10.232605498399046,0.6937359659931557,-0.002029769959404626,-0.0033783783783783994,35.71049220029028,36.03675265125533,18.033147960723404,"fund_low_adv20,fund_small_mcap",0,,False,False,False,False,False,False,False,False,False,3045.T,,1475.0,8.976387,0.73401856,164.32,2009.486,3145791488.0,,1751956200.0,1752474600.0,True,,,False,1751956200.0,2025-07-08,-241.0
5,True,86.26609442060087,True,False,False,True,0.6349013902111386,9120.0,9120.0,2162560150.0,2162.56015,10098.0751953125,0.9031424131435939,-0.5117762522231911,0.3636357837163431,356.180972898524,3.9054931238873243,0.0,0.0,39.993943455716995,41.65267679189261,10.088136451076032,,1,rsi_reversal;ext_dev200,False,False,False,True,False,True,False,False,False,3046.T,,9120.0,26.796734,6.2833157,340.34,1451.463,212910161920.0,1783665000.0,1783665000.0,1783665000.0,True,,,True,1783665000.0,2026-07-10,22.0
6,True,60.56603773584906,True,False,True,False,0.3199707946670169,1788.5,1788.5,758008167.5,758.0081675,1863.0,0.9600107353730543,-0.16188326414477594,0.07441846044258549,39.698524070969455,2.219654686663095,-0.003065774804905219,-0.03998926462694574,20.17922054924879,23.753187952621026,17.178471513794527,,0,,False,False,False,False,False,False,False,False,False,3048.T,,1788.5,15.655638,1.7265147,114.24,1035.902,306285510656.0,1784010600.0,1784010600.0,1784010600.0,True,,,True,1784010600.0,2026-07-14,24.0
4,False,43.89312977099237,True,False,False,False,0.5273627038942261,1493.0,1493.0,475522305.0,475.522305,1708.0,0.8741217798594848,-0.17154566744730682,-0.030745629603051383,28.738971492749535,1.9249143665605852,-0.03365695792880263,-0.10276442307692313,26.07626553609182,25.342261592618076,26.069995109913535,,2,trend_break;di_bear,True,False,False,False,False,False,True,False,False,3050.T,,1493.0,11.759609,0.6930342,126.96,2154.295,204565217280.0,1782455400.0,1782455400.0,1782455400.0,True,,,True,1782455400.0,2026-06-26,12.0
5,True,45.16129032258065,True,False,True,False,0.28722473537571536,190.0,190.0,63098015.0,63.098015,225.0,0.8444444444444444,-0.26222222222222225,0.046572475143903835,4.198115096795587,2.2095342614713616,-0.02564102564102566,-0.02564102564102566,19.557704349710047,24.070027748394036,12.468930695585973,"fund_neg_eps,fund_low_adv20,fund_small_mcap",0,,False,False,False,False,False,False,False,False,False,3053.T,,190.0,-101.06382978723404,3.4154232,-1.88,55.63,11670517760.0,,1754982000.0,1755500400.0,True,,,False,1754982000.0,2025-08-12,-216.0
1,False,42.857142857142854,False,False,True,True,0.33728049557453854,232.0,232.0,1821170.0,1.82117,330.01025390625,0.7030084588399094,-0.29699154116009063,-0.17351936464962148,4.06124628598386,1.7505371922344224,-0.08300395256916993,-0.137546468401487,16.419986872161925,17.967735854848968,24.555908773872805,"fund_low_adv20,fund_small_mcap",2,trend_break;trailing_stop,True,False,False,False,True,False,False,False,False,3054.T,,232.0,9.339774,0.71852875,24.84,322.882,2240375808.0,,1754548200.0,1754980200.0,True,,,False,1754548200.0,2025-08-07,-219.0
5,True,32.96703296703298,False,False,True,False,0.11319015284855269,689.0,689.0,1001815.0,1.001815,744.0,0.9260752688172043,-0.08467741935483875,0.0017082833569583844,8.741914103036116,1.268782888684487,-0.04438280166435504,-0.07392473118279574,18.91064905751152,28.474903535042063,28.65647530837957,"fund_low_adv20,fund_small_mcap",0,,False,False,False,False,False,False,False,False,False,3058.T,,689.0,14.747431,1.6496594,46.72,417.662,5018258432.0,,1747107000.0,1747107000.0,True,,,False,1747107000.0,2025-05-13,-281.0
2,False,14.285714285714292,True,False,True,False,0.5965107683729182,709.0,709.0,4742555.0,4.742555,844.562744140625,0.8394876578665978,-0.17088687262496471,-0.123917730729735,4.894781644231299,0.6903782290876302,-0.08041504539559019,-0.1426719998535726,81.62167602538189,11.284782257635948,48.58584508637689,"fund_neg_eps,fund_low_adv20,fund_small_mcap",3,trend_break;trailing_stop;di_bear,True,False,False,False,True,False,True,False,False,3059.T,,709.0,-8.085300490363782,0.57506925,-87.69,1232.895,3450991616.0,,1747206000.0,1747206000.0,True,,,False,1747206000.0,2025-05-14,-280.0
5,True,93.35038363171356,True,False,True,False,0.29734798676478796,1149.0,1149.0,32898140.0,32.89814,1149.0,1.0,-0.12700228832951943,0.4275669535049027,25.030488041469575,2.178458489248875,0.0,0.0,49.45932887435845,73.0898399227416,1.8383892602704153,"fund_low_adv20,fund_small_mcap",2,rsi_reversal;ext_dev200;natr_spike,False,False,False,True,False,True,False,False,True,3063.T,,1149.0,53.293137,8.397282,21.56,136.83,14141026304.0,,1744353000.0,1744353000.0,True,,,False,1744353000.0,2025-04-11,-303.0
2,False,51.492537313432834,False,False,True,False,0.48990444164603175,1914.0,1914.0,6439241185.0,6439.241185,2955.0986328125,0.6476941171260874,-0.44687884872029426,-0.09749715349912369,73.93627414668498,3.8629192344140537,-0.04538653366583545,-0.04538653366583545,9.444352251556397,16.79313184219817,16.361382155955425,,1,trend_break,True,False,False,False,False,False,False,False,False,3064.T,,1914.0,29.351326,8.204944,65.21,233.274,942307278848.0,1785825000.0,1785825000.0,1785825000.0,True,,,True,1785825000.0,2026-08-04,39.0
3,False,54.166666666666664,False,False,True,True,0.324110694397347,1613.0,1613.0,1347690.0,1.34769,1689.8197021484375,0.9545397050047595,-0.0501945278780912,-0.008263921803379204,2.74018235251544,0.1698811129891779,-0.0024737167594310883,-0.0037059913526867883,15.935970464196698,27.137230739175994,38.47147401369541,"fund_low_adv20,fund_small_mcap",1,trend_break,True,False,False,False,False,False,False,False,False,3065.T,,1613.0,138.69304,2.918939,11.63,552.598,4992044544.0,,1744611300.0,1744611300.0,True,,,False,1744611300.0,2025-04-14,-302.0
4,False,46.666666666666664,True,False,True,True,0.3249410407529546,452.0,452.0,1444055.0,1.444055,475.0,0.9515789473684211,-0.1623762376237624,-0.00672438799279218,2.6162253021577624,0.5788109075570271,-0.002207505518763808,-0.03624733475479747,14.550688113071192,15.555817673952815,20.471937127445607,"fund_low_adv20,fund_small_mcap",1,trend_break,True,False,False,False,False,False,False,False,False,3067.T,,452.0,51.42207,2.075718,8.79,217.756,4035199744.0,,1754542800.0,1754974800.0,True,,,False,1754542800.0,2025-08-07,-219.0
1,False,31.41025641025641,False,False,True,True,0.6625882595776894,2867.0,2867.0,12488470.0,12.48847,3262.07080078125,0.8788895689552071,-0.14031381786949693,-0.06049381868648396,28.217984960081463,0.9842338667625204,-0.0323995950050624,-0.08628915377481639,17.160691055302003,10.557981823483974,20.992391898283028,"fund_low_adv20,fund_small_mcap",2,trend_break;macd_sell_like,True,False,True,False,False,False,False,False,False,3068.T,,2867.0,76.25,2.7353396,37.6,1048.133,17963159552.0,,1747198800.0,1747198800.0,True,,,False,1747198800.0,2025-05-14,-280.0
2,False,36.0,False,False,False,False,0.47817241079152684,149.0,149.0,17712805.0,17.712805,179.0,0.8324022346368715,-0.20441988950276246,-0.05886811520970181,3.7384405234570894,2.509020485541671,-0.07453416149068326,-0.14367816091954022,29.67022261340727,9.637610755567188,20.553731412730475,"fund_low_adv20,fund_small_mcap",2,trend_break;di_bear,True,False,False,False,False,False,True,False,False,3069.T,,149.0,10.812773,0.86813146,13.78,171.633,7185540608.0,,1747119600.0,1747119600.0,True,,,False,1747119600.0,2025-05-13,-281.0
1,False,51.42857142857143,False,False,True,True,0.5179025371194693,86.0,86.0,174617890.0,174.61789,310.0,0.27741935483870966,-0.7677419354838709,-0.19013089744797063,5.866816571583665,6.8218797343996105,-0.10416666666666663,-0.2892561983471075,12.489588417909326,20.38919667543835,21.457674198295592,"fund_neg_eps,fund_low_adv20,fund_small_mcap",2,trend_break;trailing_stop,True,False,False,False,True,False,False,False,False,3070.T,,86.0,-18.818380743982495,1.3845733,-4.57,62.113,6939323392.0,,1749725940.0,1749725940.0,True,,,False,1749725940.0,2025-06-12,-259.0
3,False,42.10526315789474,False,True,False,False,0.39772413694292513,99.0,99.0,10906475.0,10.906475,114.78182220458984,0.8625059098952101,-0.1774193599397128,-0.07066093088204606,2.742471709207668,2.7701734436441092,-0.03883495145631066,-0.10810810810810811,29.883139791748356,27.497740227014745,19.55378719015026,"fund_low_adv20,fund_small_mcap",3,trend_break;macd_sell_like;natr_spike,True,False,True,False,False,False,False,False,True,3071.T,,99.0,18.165138,0.9303025,5.45,106.417,2736013568.0,,1749466740.0,1749466740.0,True,,,False,1749466740.0,2025-06-09,-262.0
6,True,61.11111111111111,True,False,True,True,0.5081014700966746,1606.0,1606.0,7734640.0,7.73464,1677.0,0.9576624925462135,-0.21569922109411022,0.019082320226252225,9.274546997026343,0.5774935863652767,0.0,-0.006802721088435382,16.79050255927801,15.12052426098115,15.490331839995905,"fund_low_adv20,fund_small_mcap",0,,False,False,False,False,False,False,False,False,False,3075.T,,1606.0,19.985067,2.2895203,80.36,701.457,20108384256.0,,1752490740.0,1752490740.0,True,,,False,1752490740.0,2025-07-14,-237.0
2,False,32.76353276353275,False,False,True,True,0.38903928103152835,2695.0,2695.0,380961610.0,380.96161,2938.0,0.917290673927842,-0.11892804905950016,-0.009424374008344949,51.294211757903774,1.903310269309973,-0.05438596491228065,-0.07800205268559701,13.240334629284039,18.005629467488035,25.084440962412668,,2,trend_break;macd_sell_like,True,False,True,False,False,False,False,False,False,3076.T,,2695.0,10.897255,1.2584261,247.31,2141.564,143571238912.0,,1755496800.0,1755842400.0,True,,,True,1755496800.0,2025-08-18,-212.0
6,True,38.048780487804876,False,False,True,True,0.29604615343266855,750.0,750.0,20120890.0,20.12089,888.0,0.8445945945945946,-0.6081081081081081,0.34712792326759345,30.44529077486813,4.059372103315751,-0.09638554216867468,-0.12891986062717775,27.07554616350419,19.120770929716517,18.13833135174133,"fund_low_adv20,fund_small_mcap",1,trailing_stop;ext_dev200,False,False,False,False,True,True,False,False,False,3077.T,,750.0,14.883905,4.242585,50.39,176.779,5197170688.0,,1747378800.0,1747378800.0,True,,,False,1747378800.0,2025-05-16,-278.0
3,False,42.42424242424243,True,False,True,True,0.26128128928194205,990.0,990.0,2194535.0,2.194535,1484.0426025390625,0.6670967520111617,-0.34967744010439183,-0.09257447216586823,13.975530654535437,1.4116697630843875,-0.014925373134328401,-0.15245899943285335,22.969760950269333,20.002290621287163,17.78121083590073,"fund_low_adv20,fund_small_mcap",1,trend_break,True,False,False,False,False,False,False,False,False,3079.T,,990.0,40.523945,1.1757232,24.43,842.035,10395945984.0,,1753768800.0,1754287200.0,True,,,False,1753768800.0,2025-07-29,-226.0
6,True,49.18032786885246,False,False,True,True,0.509038114620318,751.0,751.0,1989810.0,1.98981,838.0,0.89618138424821,-0.1411510182701965,0.006317136970927395,7.894912267030212,1.0512532978735303,-0.00792602377807139,-0.024675324675324628,11.382229005231956,12.781060956152137,18.273281795680923,"fund_neg_eps,fund_low_adv20,fund_small_mcap",0,,False,False,False,False,False,False,False,False,False,3080.T,,751.0,-47.712833545108005,1.622258,-15.74,462.935,9621601280.0,,1744614000.0,1744614000.0,True,,,False,1744614000.0,2025-04-14,-302.0
6,True,78.37837837837839,True,True,False,True,0.21016692409733093,988.0,988.0,12936515.0,12.936515,988.0,1.0,-0.06265919510952622,0.054252870516724006,7.391764950889947,0.7481543472560674,0.0,0.0,31.313182740186,23.443274242034477,11.125807553523913,"fund_low_adv20,fund_small_mcap",0,,False,False,False,False,False,False,False,False,False,3082.T,,988.0,40.978848,5.2266283,24.11,189.032,11164081152.0,,1754978400.0,1755496800.0,True,,,False,1754978400.0,2025-08-12,-216.0
3,True,39.11764705882353,False,False,True,True,0.43172157609229733,994.0,994.0,136211685.0,136.211685,1310.0,0.7587786259541984,-0.3917623968476771,0.16512646464052616,53.2693840281725,5.3590929605807345,-0.11487088156723069,-0.24122137404580157,16.773048272822436,14.388633534402723,20.948904255295492,"fund_low_adv20,fund_small_mcap",1,trailing_stop,False,False,False,False,True,False,False,False,False,3083.T,,994.0,65.2231,3.017635,15.24,329.397,8328664576.0,,1744959600.0,1744959600.0,True,,,False,1744959600.0,2025-04-18,-298.0
5,False,61.93058568329718,True,False,False,False,0.5015695121111702,2335.5,2335.5,3269416707.5,3269.4167075,2726.74951171875,0.8565143185916868,-0.22618488022759187,-0.00425163285480612,68.14901924739998,2.9179627166516795,-0.02280334728033473,-0.09529343404997093,20.490081165480987,27.157990185295688,23.25135496247575,,1,trend_break,True,False,False,False,False,False,False,False,False,3086.T,,2335.5,20.724997,1.3973734,112.69,1671.35,577275428864.0,1782801000.0,1782801000.0,1782801000.0,True,,,True,1782801000.0,2026-06-30,14.0
2,False,31.976744186046517,False,False,False,False,0.5474593443393817,2670.0,2670.0,383252190.0,383.25219,3060.0,0.8725490196078431,-0.15849673202614378,-0.005636748131138458,54.65422726484584,2.04697480392681,-0.06903765690376573,-0.12745098039215685,32.51652042953429,17.103609972937782,27.52423035796301,,2,trend_break;di_bear,True,False,False,False,False,False,True,False,False,3087.T,,2670.0,15.650644,1.0667604,170.6,2502.905,112199712768.0,,1752129000.0,1752474600.0,True,,,True,1752129000.0,2025-07-10,-239.0
3,False,68.95213454075032,True,False,True,False,0.3441656141385497,2388.0,2388.0,8689279665.0,8689.279665,3324.539794921875,0.718294906154407,-0.33554713245599443,-0.10391209271622492,65.48973314706738,2.742451136811867,0.0,-0.08153846153846156,23.654982914602222,20.306769550189173,13.644007749999615,,1,trend_break,True,False,False,False,False,False,False,False,False,3088.T,,2388.0,17.07788,1.7483094,139.83,1365.891,950246113280.0,1778653800.0,1786516200.0,1786516200.0,True,,,True,1786516200.0,2026-08-12,45.0
2,False,30.0,False,False,True,False,0.38258210066313253,1145.0,1145.0,110304605.0,110.304605,1439.0,0.7956914523974983,-0.3078526754690758,-0.037360586704288656,61.89357431679703,5.405552342078343,-0.11240310077519378,-0.11240310077519378,31.62435533827439,28.894612285478306,23.524610488304486,"fund_low_adv20,fund_small_mcap",4,trend_break;cross_sma25_down;macd_sell_like;trailing_stop,True,True,True,False,True,False,False,False,False,3089.T,,1145.0,4.898815,0.878223,233.73,1303.769,2021669248.0,,1750917600.0,1751263200.0,True,,,False,1750917600.0,2025-06-26,-249.0
7,True,45.751633986928105,True,False,True,False,0.33846185870329665,4285.0,4285.0,284206475.0,284.206475,4585.0,0.9345692475463467,-0.13076461185915766,0.06932495043390441,93.76609842798047,2.1882403367089958,-0.014942528735632177,-0.06543075245365326,13.481587489576137,29.356871447868986,19.762145961508494,,0,,False,False,False,False,False,False,False,False,False,3091.T,,4285.0,32.476883,2.8727252,131.94,1491.615,63791755264.0,,1752647400.0,1753165800.0,True,,,True,1752647400.0,2025-07-16,-235.0
1,False,74.53083109919571,True,False,True,True,0.21399133303398357,1110.5,1110.5,8090868359.462891,8090.868359462891,1526.266357421875,0.7275925297048573,-0.37408047404083233,-0.08449708399834499,33.04211005573906,2.975426389530757,0.0,-0.03602430555555558,18.91457155888046,31.0569804454904,12.639334533867874,,1,trend_break,True,False,False,False,False,False,False,False,False,3092.T,,1110.5,20.515425,9.1963825,54.13,120.754,982043000832.0,1777530600.0,1785393000.0,1785393000.0,True,,,True,1785393000.0,2026-07-30,36.0
5,True,64.95726495726495,True,True,False,False,0.33914257558870714,1963.0,1963.0,201421445.0,201.421445,2085.613525390625,0.9412098531689086,-0.24691937757655014,0.12734108246217857,64.01169461367053,3.2609115951946275,0.0,0.0,11.488828961352796,30.91841862937395,17.743508123032655,,0,,False,False,False,False,False,False,False,False,False,3093.T,,1963.0,14.519231,3.6138432,135.2,543.189,46015090688.0,,1751954400.0,1752472800.0,True,,,True,1751954400.0,2025-07-08,-241.0
5,True,68.55345911949685,True,True,False,True,0.5453875721909255,1674.0,1674.0,6255465.0,6.255465,1786.66650390625,0.9369403838601533,-0.12427279883770159,0.08714448261055674,24.915102751321854,1.488357392552082,0.0,-0.034032216845954366,19.81041618647096,26.058431576876828,11.303671677680535,"fund_low_adv20,fund_small_mcap",0,,False,False,False,False,False,False,False,False,False,3096.T,,1674.0,13.735948,1.2928008,121.87,1294.863,15695172608.0,,1747117800.0,1747117800.0,True,,,False,1747117800.0,2025-05-13,-281.0
6,True,48.284960422163586,False,True,False,False,0.340041825487857,4780.0,4780.0,1125509775.0,1125.509775,5240.0,0.9122137404580153,-0.19942748091603058,0.07716080570090877,194.71933096218694,4.073626170757049,-0.04970178926441349,-0.04970178926441349,16.616769099248952,29.824057197089726,19.499513017131925,,0,,False,False,False,False,False,False,False,False,False,3097.T,,4780.0,26.285398,4.1487727,181.85,1152.148,183554146304.0,1786343400.0,1786343400.0,1786343400.0,True,,,True,1786343400.0,2026-08-10,43.0
5,True,69.45525291828794,True,False,True,False,0.4627478247153945,3612.0,3612.0,7855351985.0,7855.351985,3612.0,1.0,-0.4008473629474595,0.3205497010811562,116.37001987333593,3.221761347545292,0.0,0.0,31.519550064586912,35.947620312584775,12.272895556396273,,0,ext_dev200,False,False,False,False,False,True,False,False,False,3099.T,,3612.0,23.16127,2.0458968,155.95,1765.485,1265115594752.0,1778653800.0,1785997800.0,1785997800.0,True,,,True,1785997800.0,2026-08-06,41.0
4,True,58.22784810126583,False,False,True,True,0.31925243078950294,1728.0,1728.0,1981088150.0,1981.08815,1915.0,0.9023498694516972,-0.2876489346397535,0.31912451204861925,92.45375911493508,5.350333282114299,-0.09765013054830285,-0.09765013054830285,20.64944303076898,21.795677910987106,18.75611957448242,,2,macd_sell_like;trailing_stop;ext_dev200,False,False,True,False,True,True,False,False,False,3101.T,,1728.0,13.63744,0.71485066,126.71,2417.288,152486952960.0,1778567400.0,1785997800.0,1785997800.0,True,,,True,1785997800.0,2026-08-06,41.0
3,True,47.134387351778656,False,False,True,True,0.4435565572639721,1216.0,1216.0,9162157900.0,9162.1579,3745.0,0.3246995994659546,-0.6830440587449933,0.4500098376489807,211.38529577110862,17.38365919170301,-0.3300275482093664,-0.6753004005340454,13.327377484465616,23.074940757083386,20.95937549647905,,1,trailing_stop;ext_dev200,False,False,False,False,True,True,False,False,False,3103.T,,1216.0,3.9218216,1.3034972,310.06,932.875,70107078656.0,,1785997800.0,1785997800.0,True,,,True,1785997800.0,2026-08-06,41.0
3,True,33.623188405797094,False,False,True,True,0.20277531068607463,3625.0,3625.0,912675475.0,912.675475,4405.0,0.8229284903518729,-0.21362586605080836,0.22288890536803807,218.02319646828147,6.014433006021558,-0.17707150964812712,-0.17707150964812712,15.253050796302455,17.217480377601753,28.570012069001017,,2,macd_sell_like;trailing_stop;ext_dev200,False,False,True,False,True,True,False,False,False,3104.T,,3625.0,21.82946,2.3645627,166.06,1533.053,122226622464.0,,1753756200.0,1754274600.0,True,,,True,1753756200.0,2025-07-29,-226.0
4,True,31.369150779896003,False,True,False,True,0.3751167866173412,2014.0,2014.0,2516221010.0,2516.22101,2466.0,0.8167072181670721,-0.18832816464617985,0.35153891830310013,114.7102871031694,5.6956448412695835,-0.18329278183292785,-0.18329278183292785,32.77266623047437,19.800505205969923,35.138005618785165,,4,macd_sell_like;trailing_stop;ext_dev200;di_bear;vol_distribution,False,False,True,False,True,True,True,True,False,3105.T,,2014.0,22.613968,1.3813993,89.06,1457.942,314583646208.0,1778567400.0,1785997800.0,1785997800.0,True,,,True,1785997800.0,2026-08-06,41.0
3,True,23.02839116719244,False,False,True,False,0.4009458537958739,8990.0,8990.0,527546600.0,527.5466,11550.0,0.7783549783549784,-0.22164502164502164,0.0707303164350499,397.0224558813479,4.416267584887073,-0.22164502164502164,-0.22164502164502164,20.09659734947368,25.091735004053906,35.770246773423494,,3,macd_sell_like;trailing_stop;di_bear,False,False,True,False,True,False,True,False,False,3106.T,,8990.0,11.504107,1.0875016,781.46,8266.654,143215149056.0,,1754368200.0,1754973000.0,True,,,True,1754368200.0,2025-08-05,-221.0
5,True,43.166666666666664,False,False,False,True,0.4765273355330197,3452.0,3452.0,1203855270.0,1203.85527,3589.0,0.9618278071886319,-0.22567171555154808,0.1356073446764141,94.3520479431175,2.7332574722803447,-0.03817219281136808,-0.03817219281136808,19.692971283846187,23.026420625061025,19.726862942982965,,1,macd_sell_like,False,False,True,False,False,False,False,False,False,3107.T,,3452.0,9.538019,1.7666442,361.92,1953.987,299187404800.0,1778653800.0,1785911400.0,1785911400.0,True,,,True,1785911400.0,2026-08-05,40.0
4,False,54.02298850574712,True,False,True,True,0.4293430066551635,1010.0,1010.0,56609980.0,56.60998,1138.690185546875,0.8869840214833595,-0.1492961727490989,-0.01712114191832037,15.261551022515214,1.5110446556945756,-0.03441682600382412,-0.08844765342960292,16.12757915184787,21.700383209338057,20.432757400064432,"fund_low_adv20,fund_small_mcap",1,trend_break,True,False,False,False,False,False,False,False,False,3109.T,,1010.0,13.481047,0.35422474,74.92,2851.297,12821980160.0,,1754533800.0,1754965800.0,True,,,False,1754533800.0,2025-08-07,-219.0
3,True,38.64130434782608,False,False,True,True,0.32917168266017716,17840.0,17840.0,55161452150.0,55161.45215,31950.0,0.5583724569640063,-0.4416275430359937,0.15435180093245604,2147.3456161854037,12.036690673684998,-0.3526850507982583,-0.4416275430359937,15.720291721638741,19.755940524535344,30.409987427525344,,2,macd_sell_like;trailing_stop,False,False,True,False,True,False,False,False,False,3110.T,,17840.0,15.538987,3.7413008,1148.08,4768.395,649467330560.0,1778567400.0,1785479400.0,1785479400.0,True,,,True,1785479400.0,2026-07-31,37.0
0,False,27.77777777777777,False,False,False,True,0.42694856172204265,181.0,181.0,2012160.0,2.01216,299.0,0.6053511705685619,-0.41346153846153844,-0.2710137339401506,4.401663479313642,2.431858275863891,-0.05729166666666663,-0.24583333333333335,49.609998554658816,8.125761288255037,28.709565427620404,"fund_neg_eps,fund_low_adv20,fund_small_mcap",2,trend_break;di_bear,True,False,False,False,False,False,True,False,False,3111.T,,181.0,-2.42497320471597,0.82123417,-74.64,220.4,1194075648.0,,1747117800.0,1747117800.0,True,,,False,1747117800.0,2025-05-13,-281.0
1,False,37.037037037037045,False,False,True,True,0.34391478278608084,68.0,68.0,20652025.0,20.652025,102.0,0.6666666666666666,-0.4117647058823529,-0.09435972564426975,3.6169319939357765,5.319017638140848,-0.1707317073170732,-0.26881720430107525,45.79425318885262,6.270858964641018,30.51772684753856,"fund_neg_eps,fund_low_adv20,fund_small_mcap",4,trend_break;macd_sell_like;trailing_stop;di_bear,True,False,True,False,True,False,True,False,False,3113.T,,68.0,-9.405255878284922,4.588084,-7.23,14.821,6340015104.0,,1754546400.0,1754978400.0,True,,,False,1754546400.0,2025-08-07,-219.0
2,False,41.18476727785614,False,False,True,True,0.6004152565975803,2182.5,2182.5,1517138262.5,1517.1382625,3222.5205078125,0.6772648908544936,-0.3227351091455064,-0.11511664126827625,55.4164093004424,2.5391252829526874,-0.04819014391626686,-0.1796721008202251,30.877474609561858,18.308934665554627,36.717436787010634,,2,trend_break;di_bear,True,False,False,False,False,False,True,False,False,3116.T,,2182.5,16.753664,0.80354446,130.27,2716.091,389924782080.0,1777357800.0,1777357800.0,1777357800.0,True,,,True,1777357800.0,2026-04-28,-31.0
2,False,43.18181818181818,False,False,True,True,0.3874414141172109,217.0,217.0,11773040.0,11.77304,372.1374206542969,0.5831179235306887,-0.46525130514927626,-0.08912315208816801,7.166876027581213,3.3027078468116184,-0.05240174672489084,-0.0805084745762712,20.666891566079343,14.95418033191476,18.035955095078794,"fund_neg_eps,fund_low_adv20,fund_small_mcap",3,trend_break;macd_sell_like;di_bear,True,False,True,False,False,False,True,False,False,3121.T,,217.0,-75.08650519031141,1.4597853,-2.89,148.652,6810433024.0,,1749801600.0,1749801600.0,True,,,False,1749801600.0,2025-06-13,-258.0
6,True,40.476190476190474,False,False,True,True,0.44000881309897755,637.0,637.0,2225860.0,2.22586,713.9599609375,0.8922068951367469,-0.12740204761351126,0.036953687115047096,7.7444479306434,1.2157689059094818,-0.02300613496932513,-0.051456918557924114,11.211174766427858,21.19710070628547,26.151637490890323,"fund_low_adv20,fund_small_mcap",1,macd_sell_like,False,False,True,False,False,False,False,False,False,3123.T,,637.0,7.697885,0.4183298,82.75,1522.722,8086510592.0,,1747306740.0,1747306740.0,True,,,False,1747306740.0,2025-05-15,-279.0
4,True,59.02777777777777,False,False,True,False,0.3862952058349061,3375.0,3375.0,107092200.0,107.0922,3960.0,0.8522727272727273,-0.2989217933390488,0.1588612286333677,185.18907707975916,5.487083765326197,-0.1477272727272727,-0.1477272727272727,39.95553588306769,26.73664003435351,20.819501462445622,"fund_low_adv20,fund_small_mcap",2,macd_sell_like;trailing_stop,False,False,True,False,True,False,False,False,False,3131.T,,3375.0,18.063583,0.85205305,186.84,3961.021,6362276864.0,,1747029600.0,1747029600.0,True,,,False,1747029600.0,2025-05-12,-282.0
5,True,52.91005291005291,False,False,True,False,0.41375855559616653,3227.0,3227.0,2938048280.0,2938.04828,3493.0,0.9238476953907816,-0.19224118860189487,0.34001982625405947,151.3433103730292,4.6899073558422435,-0.0761523046092184,-0.0761523046092184,24.333831006317848,27.02551648726023,24.497151352937284,,1,macd_sell_like;ext_dev200,False,False,True,False,False,True,False,False,False,3132.T,,3227.0,20.749743,2.0658193,155.52,1562.092,576222986240.0,1778481000.0,1785738600.0,1785738600.0,True,,,True,1785738600.0,2026-08-03,38.0
0,False,17.073170731707307,False,False,True,False,0.5026311887012488,115.0,115.0,272969940.0,272.96994,811.0,0.14180024660912455,-0.8581997533908754,-0.7510175803238937,17.37313504733359,15.107073954203123,-0.4772727272727273,-0.6981627296587927,53.11178179491349,8.055977573888603,39.1326738477273,"fund_neg_eps,fund_small_mcap",4,trend_break;trailing_stop;di_bear;natr_spike,True,False,False,False,True,False,True,False,True,3133.T,,115.0,-1.2605502575907048,13.927577,-91.23,8.257,6710915072.0,,1747297800.0,1747297800.0,True,,,False,1747297800.0,2025-05-15,-279.0
2,False,47.45762711864407,True,False,True,True,0.4858200017237465,407.0,407.0,34871325.0,34.871325,1443.4942626953125,0.2819547056876028,-0.7305150355958785,-0.4049439354279045,10.596649528996208,2.603599392873761,-0.02631578947368418,-0.19926986364099497,37.784654024668185,21.74515966782452,31.506729228826817,"fund_low_adv20,fund_small_mcap",2,trend_break;di_bear,True,False,False,False,False,False,True,False,False,3134.T,,407.0,7.1253505,0.9034266,57.12,450.507,6512407552.0,,1749794400.0,1749794400.0,True,,,False,1749794400.0,2025-06-13,-258.0
2,False,84.593837535014,True,True,False,False,0.5053746292460081,1380.0,1380.0,54987415.0,54.987415,1923.0,0.717628705148206,-0.5085803432137286,-0.05025395383408349,44.060977700983756,3.192824471085779,0.0,0.0,28.828289471051917,40.19812182334644,12.218511464315606,"fund_low_adv20,fund_small_mcap",2,trend_break;rsi_reversal,True,False,False,True,False,False,False,False,False,3135.T,,1380.0,68.759346,5.675159,20.07,243.165,7389079040.0,,1747204800.0,1747204800.0,True,,,False,1747204800.0,2025-05-14,-280.0
0,False,10.810810810810807,False,False,True,True,0.36853539141040165,189.0,189.0,19551030.0,19.55103,291.0,0.6494845360824743,-0.5244055068836044,-0.16599556521451342,8.585412828267486,4.542546469982797,-0.19915254237288138,-0.35051546391752575,18.542027336662088,18.390580127043986,30.7622236564554,"fund_low_adv20,fund_small_mcap",2,trend_break;trailing_stop,True,False,False,False,True,False,False,False,False,3137.T,,189.0,32.869564,2.6450212,5.75,71.455,2395575040.0,,1753768800.0,1754287200.0,True,,,False,1753768800.0,2025-07-29,-226.0
5,True,62.71186440677966,True,False,False,True,0.3645119108431913,1155.0,1155.0,2505690.0,2.50569,1176.0,0.9821428571428571,-0.26095633244209016,0.11808231875517916,14.733599392880445,1.2756363110719,0.0,-0.017857142857142905,18.104564518904446,23.457411481622746,21.74485186535493,"fund_low_adv20,fund_small_mcap",0,,False,False,False,False,False,False,False,False,False,3138.T,,1155.0,48.104958,1.6576585,24.01,696.766,3814273280.0,,1754979300.0,1755497700.0,True,,,False,1754979300.0,2025-08-12,-216.0
1,False,65.4149239236608,True,False,True,True,0.45057987735388666,3230.0,3230.0,183439725.0,183.439725,4088.39013671875,0.7900420194713427,-0.24529342628104567,-0.08316264773270243,59.026543097361625,1.827447154717078,0.0,-0.11357970263894368,43.53648178130462,18.611425767351186,25.514153879933342,fund_low_adv20,2,trend_break;di_bear,True,False,False,False,False,False,True,False,False,3139.T,,3230.0,7.478756,0.99972296,431.89,3230.895,32299053056.0,,1752129000.0,1752474600.0,True,,,False,1752129000.0,2025-07-10,-239.0
6,True,66.0377358490566,True,False,True,True,0.3583760563022691,1069.0,1069.0,26267565.0,26.267565,1069.0,1.0,-0.05362182502351831,0.04361918150577959,7.580572930206385,0.7091274958097648,0.0,0.0,18.13609236072584,28.35116881185481,10.150023133075798,"fund_low_adv20,fund_small_mcap",0,,False,False,False,False,False,False,False,False,False,3140.T,,1069.0,33.469006,2.6664803,31.94,400.903,15332255744.0,,1747290600.0,1747290600.0,True,,,False,1747290600.0,2025-05-15,-279.0
3,False,30.86419753086419,True,False,True,True,0.5197554395561584,637.0,637.0,7802085.0,7.802085,749.4666748046875,0.8499377242703999,-0.15539940429644716,-0.09314945340905978,13.802888182705749,2.1668584274263343,-0.06871345029239762,-0.14496644295302008,26.93443315336242,17.289306289100857,26.07667326902044,"fund_low_adv20,fund_small_mcap",2,trend_break;di_bear,True,False,False,False,False,False,True,False,False,3143.T,,637.0,7.228779,0.97040194,88.12,656.429,5745748480.0,,1747029600.0,1747029600.0,True,,,False,1747029600.0,2025-05-12,-282.0
4,False,58.05713204784347,True,False,True,False,0.42495020395957417,3280.0,3280.0,972079925.0,972.079925,3477.763916015625,0.9431347495714437,-0.1293757934173453,0.012669875089262428,56.665096849824835,1.7275944161531962,0.0,-0.020201746164130285,10.873297586437106,18.992994882845405,17.080544203411772,,1,trend_break,True,False,False,False,False,False,False,False,False,3148.T,,3280.0,12.801999,1.4212775,256.21,2307.783,211895418880.0,,1751846400.0,1752192000.0,True,,,True,1751846400.0,2025-07-07,-242.0
1,False,33.33333333333333,True,False,True,False,0.38091407058749527,2354.0,2354.0,248948335.0,248.948335,2999.0,0.7849283094364788,-0.22074024674891635,-0.061004974396729694,66.36511944944813,2.81924891458998,-0.1979557069846678,-0.21507169056352116,35.109764431669355,12.413229261504558,30.538315425401585,,3,trend_break;trailing_stop;di_bear,True,False,False,False,True,False,True,False,False,3150.T,,2354.0,11.115833,2.781319,211.77,846.361,54434840576.0,,1754550000.0,1754982000.0,True,,,True,1754550000.0,2025-08-07,-219.0
5,True,54.48504983388704,False,False,True,False,0.20730191680403834,1571.0,1571.0,184391100.0,184.3911,1640.0,0.9579268292682926,-0.15153787358558057,0.16199075919521588,42.80616106097919,2.7247715506670396,-0.042073170731707354,-0.042073170731707354,25.654016776307383,26.889295467983114,16.32542286745413,fund_low_adv20,0,,False,False,False,False,False,False,False,False,False,3151.T,,1571.0,10.318555,0.64833796,152.25,2423.119,75814518784.0,,1754283600.0,1754629200.0,True,,,False,1754283600.0,2025-08-04,-222.0
4,True,50.91575091575091,False,False,True,True,0.5025291894231244,2758.0,2758.0,159392165.0,159.392165,3581.103759765625,0.7701536132481414,-0.23682747461668952,0.0024867261813086294,96.0614920596272,3.4830127650336182,-0.0957377049180328,-0.12859399684044237,21.731582927850955,16.96666369477045,30.13768261955067,fund_low_adv20,2,trailing_stop;di_bear,False,False,False,False,True,False,True,False,False,3153.T,,2758.0,11.4146185,1.629288,241.62,1692.764,58216570880.0,,1753769400.0,1754287800.0,True,,,False,1753769400.0,2025-07-29,-226.0
3,True,58.76288659793814,False,False,True,True,0.2770046396126274,861.0,861.0,24234660.0,24.23466,967.731201171875,0.8897098687707612,-0.19812443883146258,0.04214577937011321,12.812995518581516,1.4881527896145779,-0.010344827586206917,-0.010344827586206917,18.213157678661048,33.28612585124255,16.16200623071629,"fund_low_adv20,fund_small_mcap",0,,False,False,False,False,False,False,False,False,False,3154.T,,861.0,14.13329,0.91644096,60.92,939.504,19146280960.0,,1754461800.0,1754980200.0,True,,,False,1754461800.0,2025-08-06,-220.0
4,True,81.71641791044776,False,False,False,False,0.4857557318581358,4410.0,4410.0,508736125.0,508.736125,4410.0,1.0,-0.23312930573595236,0.5638821164774159,184.06453990025295,4.173799090708684,0.0,0.0,65.10350774589328,36.1489201228345,3.8492683683360363,,0,ext_dev200,False,False,False,False,False,True,False,False,False,3156.T,,4410.0,16.129032,1.330578,273.42,3314.349,123999182848.0,,1754551800.0,1754983800.0,True,,,True,1754551800.0,2025-08-07,-219.0
2,False,32.432432432432435,False,False,True,True,0.4225614967077533,1363.0,1363.0,4333015.0,4.333015,1676.533203125,0.8129871794125014,-0.1935739790420382,-0.04245246253774548,29.49825124526995,2.164215058347025,-0.08277254374158816,-0.16890243902439028,12.983557000243346,24.191025335083896,30.9888485064891,"fund_low_adv20,fund_small_mcap",2,trend_break;trailing_stop,True,False,False,False,True,False,False,False,False,3157.T,,1363.0,7.4399567,0.7258374,183.2,1877.831,18089324544.0,,1754289000.0,1754634600.0,True,,,False,1754289000.0,2025-08-04,-222.0
7,True,64.28571428571428,True,False,True,True,0.26247286659130803,354.0,354.0,13019430.0,13.01943,370.0,0.9567567567567568,-0.09444443389741353,0.04627681839568898,3.428930323774193,0.9686243852469473,-0.005617977528089901,-0.01939058171745156,30.29665950300438,29.501052540815525,13.834892765300388,fund_low_adv20,0,,False,False,False,False,False,False,False,False,False,3159.T,,354.0,9.825146,0.6018771,36.03,588.16,32760866816.0,,1749708000.0,1749708000.0,True,,,False,1749708000.0,2025-06-12,-259.0
3,False,34.78454964817925,False,False,True,False,0.4939662715013552,562.0,562.0,17623800.0,17.6238,596.7499389648438,0.9417680058331921,-0.11788006510255755,-0.021492627226783023,6.07837096672113,1.0815606702350766,-0.03344874526266639,-0.05116880860569095,38.330428830067554,12.421767927250169,23.139457666823365,"fund_low_adv20,fund_small_mcap",2,trend_break;di_bear,True,False,False,False,False,False,True,False,False,3160.T,,562.0,70.691826,1.2853118,7.95,437.248,8023442432.0,,1752040800.0,1752472800.0,True,,,False,1752040800.0,2025-07-09,-240.0
2,False,30.95238095238095,False,False,True,False,0.11341394776570955,635.0,635.0,13913185.0,13.913185,689.0,0.9216255442670537,-0.08461132993768106,-0.0013655288580298741,14.873561585726945,2.3422931631066053,-0.07703488372093026,-0.07837445573294632,20.629310973191973,16.098624276868755,28.37851079240961,"fund_low_adv20,fund_small_mcap",2,trend_break;di_bear,True,False,False,False,False,False,True,False,False,3161.T,,635.0,26.12094,0.53675145,24.31,1183.043,3625757184.0,,1749812340.0,1749812340.0,True,,,False,1749812340.0,2025-06-13,-258.0
4,False,47.23926380368098,True,False,True,False,0.6064949114169005,1376.0,1376.0,6976635.0,6.976635,1583.6824951171875,0.8688610275370761,-0.1475564046692931,-0.03127882427082895,16.541544468826082,1.2021471270949187,-0.026185421089879646,-0.11466245431619837,19.532978260999922,24.10073489356066,23.86430825710615,"fund_low_adv20,fund_small_mcap",1,trend_break,True,False,False,False,False,False,False,False,False,3166.T,,1376.0,13.675213,0.7296456,100.62,1885.847,17945632768.0,,1754287200.0,1754632800.0,True,,,False,1754287200.0,2025-08-04,-222.0
7,True,37.39837398373984,True,False,True,False,0.4749909821786966,1117.0,1117.0,270081085.0,270.081085,1200.0,0.9308333333333333,-0.1106852453134195,0.02597906378470838,19.052330343024682,1.7056696815599535,-0.032900432900432874,-0.06916666666666671,19.833119153999636,28.580444306168058,24.308812997504113,,0,,False,False,False,False,False,False,False,False,False,3167.T,,1117.0,13.550892,1.4056503,82.43,794.65,143976972288.0,1778221800.0,1785911400.0,1785911400.0,True,,,True,1785911400.0,2026-08-05,40.0
3,True,46.84466019417476,False,False,True,True,0.5525172257891774,1353.0,1353.0,173371855.0,173.371855,1785.0,0.7579831932773109,-0.332061045168492,0.4069565626221192,108.42236835444454,8.013478814075723,-0.1907894736842105,-0.23516110797060485,17.099558042252788,27.880712221675807,28.040386335126527,"fund_low_adv20,fund_small_mcap",2,macd_sell_like;trailing_stop;ext_dev200,False,False,True,False,True,True,False,False,False,3168.T,,1353.0,11.54043,1.6938097,117.24,798.791,19150204928.0,,1752127200.0,1752472800.0,True,,,False,1752127200.0,2025-07-10,-239.0
4,False,61.29032258064516,False,True,False,False,0.5149211852872165,665.0,665.0,2010155.0,2.010155,703.7925415039062,0.9448807152445634,-0.13519341814827968,0.007840757741409021,5.4197858742423,0.8150053946229023,0.0,0.0,44.76002016588782,15.694835329439616,7.157233822262887,"fund_low_adv20,fund_small_mcap",1,trend_break,True,False,False,False,False,False,False,False,False,3169.T,,665.0,37.7412,2.085267,17.62,318.904,4692947456.0,,1749798000.0,1749798000.0,True,,,False,1749798000.0,2025-06-13,-258.0
6,True,52.631578947368425,False,False,True,True,0.376869681598547,1147.0,1147.0,5282115.0,5.282115,1168.8851318359375,0.9812769182874599,-0.17536936101250866,0.006605416315845547,9.792901124343766,0.8537838818085236,-0.006926406926406892,-0.016295025728988,27.37262601695769,9.446047567261317,23.34325473293561,"fund_low_adv20,fund_small_mcap",1,di_bear,False,False,False,False,False,False,True,False,False,3172.T,,1147.0,13.646639,0.7649854,84.05,1499.375,4901562368.0,,1756792800.0,1757311200.0,True,,,False,1756792800.0,2025-09-02,-201.0
6,True,55.03875968992248,True,False,True,False,0.34667333624286156,980.0,980.0,3472165.0,3.472165,997.3508911132812,0.9826030223987532,-0.10151971263857529,0.0900954397827991,14.156761353532518,1.4445674850543386,-0.010101010101010055,-0.010101010101010055,31.832216601055947,28.885571699751182,9.137877421265046,"fund_low_adv20,fund_small_mcap",0,,False,False,False,False,False,False,False,False,False,3173.T,,980.0,9.573117,0.7806674,102.37,1255.336,6730132480.0,,1754375400.0,1754980200.0,True,,,False,1754375400.0,2025-08-05,-221.0
1,False,36.111111111111114,False,True,False,True,0.2475552013938427,492.0,492.0,4029845.0,4.029845,730.0,0.673972602739726,-0.3315719947159842,-0.2080227934903337,10.86513825626366,2.2083614341999307,-0.05747126436781613,-0.1813643926788685,22.056673411733772,14.216343666641192,32.02940850303957,"fund_neg_eps,fund_low_adv20,fund_small_mcap",3,trend_break;di_bear;vol_distribution,True,False,False,False,False,False,True,True,False,3174.T,,492.0,-1.9678425725941924,3.1317034,-250.02,157.103,1547058560.0,,1752127800.0,1752473400.0,True,,,False,1752127800.0,2025-07-10,-239.0
4,False,48.484848484848484,True,False,True,True,0.4743112842450302,927.0,927.0,6645030.0,6.64503,1001.0,0.926073926073926,-0.1002004008016032,-0.025974025974025983,10.199772588261046,1.1002990925847946,-0.003225806451612856,-0.034375000000000044,18.59551854158119,15.59823970117119,11.684496543018206,"fund_low_adv20,fund_small_mcap",1,trend_break,True,False,False,False,False,False,False,False,False,3175.T,,927.0,10.97691,10.521657,84.45,88.104,11826614272.0,,1754982000.0,1755500400.0,True,,,False,1754982000.0,2025-08-12,-216.0
2,False,26.0204081632653,False,False,True,True,0.4989971104263938,1504.0,1504.0,110232905.0,110.232905,1849.473388671875,0.8132044555018103,-0.18949901675717185,-0.043361159451273834,33.85250630206679,2.250831536041675,-0.07389162561576357,-0.10101613867304249,20.858015685645576,15.37464311286091,28.192476097599922,fund_low_adv20,2,trend_break;di_bear,True,False,False,False,False,False,True,False,False,3176.T,,1504.0,9.868118,0.7966558,152.41,1887.892,43353210880.0,,1754290800.0,1754636400.0,True,,,False,1754290800.0,2025-08-04,-222.0
4,False,33.606557377049185,True,False,True,False,0.36253958031558287,3400.0,3400.0,8388925.0,8.388925,3826.69775390625,0.8884945241701722,-0.15854342122707232,-0.008023774116616589,67.10479914544354,1.9736705631012805,-0.05555555555555558,-0.07608695652173914,21.04864281543959,27.5888038080558,26.984976051523713,"fund_low_adv20,fund_small_mcap",1,trend_break,True,False,False,False,False,False,False,False,False,3177.T,,3400.0,6.366922,0.91907716,534.01,3699.363,3138648832.0,,1744605000.0,1744605000.0,True,,,False,1744605000.0,2025-04-14,-302.0
1,False,26.95035460992908,True,False,True,True,0.5586986790219506,1065.0,1065.0,37869680.0,37.86968,1336.7373046875,0.7967160011659686,-0.21824580167282892,-0.13620460735152573,19.627907860792458,1.8429960432668975,-0.09438775510204078,-0.20328399883403137,61.406903088523485,6.3592099174491725,28.405845091251724,"fund_low_adv20,fund_small_mcap",3,trend_break;trailing_stop;di_bear,True,False,False,False,True,False,True,False,False,3178.T,,1065.0,40.71101,3.2089524,26.16,331.884,20546942976.0,,1754461800.0,1754980200.0,True,,,False,1754461800.0,2025-08-06,-220.0
3,False,42.857142857142854,True,False,True,True,0.37932246631381694,1072.0,1072.0,143656335.0,143.656335,1313.2801513671875,0.8162767090357657,-0.2590908907067414,-0.07329371453714006,30.23644152297438,2.8205635749043263,-0.015610651974288348,-0.11999184708514754,22.80815867851212,16.025844418410895,22.052052181146113,"fund_low_adv20,fund_small_mcap",2,trend_break;di_bear,True,False,False,False,False,False,True,False,False,3179.T,,1072.0,13.647358,2.2187726,78.55,483.15,22746775552.0,,1754373600.0,1754978400.0,True,,,False,1754373600.0,2025-08-05,-221.0
4,False,58.40978593272171,True,True,False,True,0.4331574120180286,1469.0,1469.0,49130635.0,49.130635,1761.220703125,0.8340805881928927,-0.29291318499132235,-0.008549367705890543,43.321582964339626,2.9490526184029697,-0.03355263157894739,-0.08359326263256395,21.92082224544299,24.860274589183522,18.7890793668727,"fund_low_adv20,fund_small_mcap",1,trend_break,True,False,False,False,False,False,False,False,False,3180.T,,1469.0,19.731363,2.3018873,74.45,638.172,18428915712.0,,1749448800.0,1749448800.0,True,,,False,1749448800.0,2025-06-09,-262.0
6,True,35.80246913580247,False,False,False,True,0.39394918667827517,952.0,952.0,6080195.0,6.080195,1087.5706787109375,0.875345408473475,-0.24545459341217835,0.0333078415959267,15.905076115594294,1.6707012726464594,-0.03350253807106596,-0.05179282868525892,19.49298806178786,30.068434320199046,16.04636372934935,"fund_low_adv20,fund_small_mcap",0,,False,False,False,False,False,False,False,False,False,3181.T,,952.0,9.724208,1.0254742,97.9,928.351,3485231104.0,,1744610400.0,1744610400.0,True,,,False,1744610400.0,2025-04-14,-302.0
4,False,74.60815047021944,True,False,False,False,0.29402602927545457,1596.0,1596.0,172256500.0,172.2565,1911.0577392578125,0.8351396021241253,-0.31725339236307504,0.0504239373823403,45.67378583462342,2.86176602973831,0.0,0.0,21.27925344629736,35.532326879943255,18.608395429066636,fund_low_adv20,1,trend_break,True,False,False,False,False,False,False,False,False,3182.T,,1596.0,12.245837,2.0261571,130.33,787.698,55433617408.0,1786602600.0,1786602600.0,1786602600.0,True,,,False,1786602600.0,2026-08-13,46.0
2,False,34.86238532110093,True,False,True,True,0.4827852265392905,1199.0,1199.0,22280080.0,22.28008,1453.6099853515625,0.8248429854518481,-0.18478820870688906,-0.06897031563390099,20.11464772448302,1.6776186592562987,-0.04079999999999995,-0.15672785053776994,32.981391274272156,12.337823744662305,23.55842871614196,fund_low_adv20,2,trend_break;di_bear,True,False,False,False,False,False,True,False,False,3183.T,,1199.0,15.77424,1.4233296,76.01,842.391,32971104256.0,,1754287200.0,1754632800.0,True,,,False,1754287200.0,2025-08-04,-222.0
7,True,54.54545454545455,False,False,True,False,0.40566081428888173,4380.0,4380.0,3172025.0,3.172025,4506.72021484375,0.9718819432308283,-0.10244474503958323,0.013826208285092845,38.787076408521294,0.8855496896922671,-0.026666666666666616,-0.026666666666666616,22.747181329639382,48.821240343192905,25.318365931342786,"fund_low_adv20,fund_small_mcap",2,cross_sma25_down;macd_sell_like,False,True,True,False,False,False,False,False,False,3184.T,,4380.0,7.2539377,0.7847758,603.81,5581.212,9196777472.0,,1747291200.0,1747291200.0,True,,,False,1747291200.0,2025-05-15,-279.0
1,False,18.39080459770115,False,False,True,False,0.3181138622217817,139.0,139.0,99008435.0,99.008435,262.0,0.5305343511450382,-0.4694656488549618,-0.3475863040060079,18.573518372748172,13.362243433631779,-0.4694656488549618,-0.4694656488549618,25.096273533164876,15.886553350611388,40.02731419822941,"fund_neg_eps,fund_low_adv20,fund_small_mcap",5,trend_break;macd_sell_like;trailing_stop;di_bear;natr_spike,True,False,True,False,True,False,True,False,True,3185.T,,139.0,-5.734323432343235,127.64004,-24.24,1.089,2552877312.0,,1747290600.0,1747290600.0,True,,,False,1747290600.0,2025-05-15,-279.0
4,True,52.906976744186046,False,False,True,True,0.3378246303901245,3640.0,3640.0,1281478675.0,1281.478675,3855.0,0.9442282749675746,-0.4438149582110238,0.2252608440660664,146.14382361250009,4.014940209134617,-0.030625832223701743,-0.030625832223701743,8.005471235118142,19.12943836140624,20.353098056132797,,1,macd_sell_like;ext_dev200,False,False,True,False,False,True,False,False,False,3186.T,,3640.0,22.502474,3.5782537,161.76,1017.256,284789866496.0,1783319400.0,1783319400.0,1783319400.0,True,,,True,1783319400.0,2026-07-06,18.0
0,False,61.40350877192982,False,False,True,False,0.31588903492778597,242.0,242.0,5492880.0,5.49288,381.5210876464844,0.6343030774336543,-0.4128764903093447,-0.13098368365498425,10.746781859181178,4.440818950074867,-0.047244094488189003,-0.08333333333333337,18.937933275812885,24.863889613296074,16.982045444691718,"fund_neg_eps,fund_low_adv20,fund_small_mcap",3,trend_break;rsi_reversal;natr_spike,True,False,False,True,False,False,False,False,True,3187.T,,242.0,-35.02170767004341,1.5092552,-6.91,160.344,4306916352.0,,1754548200.0,1754980200.0,True,,,False,1754548200.0,2025-08-07,-219.0
0,False,24.242424242424235,False,False,True,True,0.2464865279195647,106.0,106.0,22528775.0,22.528775,1671.0,0.06343506882106523,-0.9365649311789348,-0.6985467679094503,7.4252112664861025,7.004916289137833,-0.17829457364341084,-0.5470085470085471,34.145844419535635,12.724249101156193,29.508442977976816,"fund_neg_eps,fund_low_adv20,fund_small_mcap",3,trend_break;trailing_stop;di_bear,True,False,False,False,True,False,True,False,False,3189.T,,106.0,-0.2310475609224465,0.8273558,-458.78,128.119,4773565440.0,,1752472800.0,1752818400.0,True,,,False,1752472800.0,2025-07-14,-237.0
4,False,51.61290322580645,False,False,True,False,0.35441625733638715,568.0,568.0,1179205.0,1.179205,597.3698120117188,0.9508347904076168,-0.11598437060531774,-0.0026685416843997833,4.583309354829333,0.8069206610615023,-0.01388888888888884,-0.01388888888888884,49.182240016543645,31.0798100777538,10.574331592779519,"fund_low_adv20,fund_small_mcap",2,trend_break;macd_sell_like,True,False,True,False,False,False,False,False,False,3190.T,,568.0,11.227515,0.74586296,50.59,761.534,4007524096.0,,1746756000.0,1746756000.0,True,,,False,1746756000.0,2025-05-09,-283.0
5,True,60.94276094276094,True,False,True,True,0.3079148279682985,2244.0,2244.0,798540530.0,798.54053,2244.0,1.0,-0.08498195288519894,0.05581906058542785,36.33421225847981,1.6191716692727187,0.0,0.0,15.702882376481782,30.031378334265796,17.181954078697796,,0,,False,False,False,False,False,False,False,False,False,3191.T,,2244.0,13.739897,1.078277,163.32,2081.098,135253680128.0,,1753941600.0,1754287200.0,True,,,True,1753941600.0,2025-07-31,-224.0
3,True,33.89830508474576,False,False,True,True,0.3642224783434854,329.0,329.0,14098180.0,14.09818,530.0,0.620754716981132,-0.3905660377358491,0.04115571448915323,26.82314220291413,8.152930760764173,-0.27212389380530977,-0.37924528301886795,37.27519800688006,9.406328439808902,30.429473373591655,"fund_low_adv20,fund_small_mcap",2,trailing_stop;di_bear,False,False,False,False,True,False,True,False,False,3192.T,,329.0,4.1862836,0.7806401,78.59,421.449,2189811456.0,,1744353000.0,1744353000.0,True,,,False,1744353000.0,2025-04-11,-303.0
1,False,35.984848484848484,False,False,True,True,0.4681515048040011,2642.0,2642.0,167529065.0,167.529065,3780.0,0.698941798941799,-0.31250946929880097,-0.1718112661156007,80.22761021972947,3.0366241566892307,-0.08168230795968023,-0.25786516853932584,36.509358280247056,15.519750298002998,25.991740937433477,fund_low_adv20,3,trend_break;trailing_stop;di_bear,True,False,False,False,True,False,True,False,False,3193.T,,2642.0,15.072166,2.8127358,175.29,939.299,30478862336.0,,1749189600.0,1749189600.0,True,,,False,1749189600.0,2025-06-06,-263.0
1,False,41.566265060240966,False,False,True,False,0.315449902047179,403.0,403.0,18210425.0,18.210425,703.0,0.5732574679943101,-0.6457142857142857,-0.18409491223452712,18.503933007810204,4.591546652062085,-0.15690376569037656,-0.17248459958932238,20.629593956494894,20.133609800941617,27.840980962066396,"fund_low_adv20,fund_small_mcap",4,trend_break;macd_sell_like;trailing_stop;di_bear,True,False,True,False,True,False,True,False,False,3195.T,,403.0,20.271631,1.6428728,19.88,245.302,3271332864.0,,1749794400.0,1749794400.0,True,,,False,1749794400.0,2025-06-13,-258.0
2,False,62.14689265536723,True,False,True,True,0.4983008278020945,1638.0,1638.0,201484485.0,201.484485,2129.663818359375,0.769135478510342,-0.29222464456598485,-0.15618796726348916,25.91267448364862,1.5819703591971073,0.0,-0.20058565153733532,23.755216408663646,21.117333350398443,20.30752107050019,,1,trend_break,True,False,False,False,False,False,False,False,False,3196.T,,1638.0,86.25593,3.0368595,18.99,539.373,42474852352.0,,1754980200.0,1755498600.0,True,,,True,1754980200.0,2025-08-12,-216.0
2,False,36.400000000000006,True,False,True,False,0.51148529912204,2731.5,2731.5,6320894420.0,6320.89442,3728.142578125,0.7326704767213482,-0.29106788578637255,-0.14168651826230916,72.49648270988651,2.654090525714315,-0.06806550665301947,-0.22001713306681892,32.69829217908536,13.360087187448656,24.30477542049528,,2,trend_break;di_bear,True,False,False,False,False,False,True,False,False,3197.T,,2731.5,37.047333,3.2686386,73.73,835.669,621125566464.0,1786602600.0,1786602600.0,1786602600.0,True,,,True,1786602600.0,2026-08-13,46.0
7,True,49.09090909090909,True,False,True,True,0.4118702421284255,2259.0,2259.0,103118530.0,103.11853,2460.0,0.9182926829268293,-0.132231434101039,0.03879048306592647,39.44830213510527,1.7462727815451649,-0.02207792207792203,-0.0817073170731707,12.26929576645585,16.466063794912404,18.705581018033573,fund_low_adv20,0,,False,False,False,False,False,False,False,False,False,3198.T,,2259.0,47.35849,5.6107497,47.7,402.62,51512283136.0,,1752127200.0,1752472800.0,True,,,False,1752127200.0,2025-07-10,-239.0
3,False,41.24293785310734,True,False,True,False,0.4343856885779236,1328.0,1328.0,40677430.0,40.67743,1646.100341796875,0.8067551936416961,-0.21693716520772122,-0.08364240640735077,21.88930298550401,1.6482908874626514,-0.03976861894432393,-0.10752688172043012,30.870672378950985,18.098048628849263,29.658961435597686,"fund_low_adv20,fund_small_mcap",2,trend_break;di_bear,True,False,False,False,False,False,True,False,False,3199.T,,1328.0,13.142009,1.0186627,101.05,1303.67,24817684480.0,,1753250400.0,1753682400.0,True,,,False,1753250400.0,2025-07-23,-230.0
3,False,37.03094602742809,False,False,True,False,0.3996251265291656,1708.0,1708.0,499014575.0,499.014575,2075.88916015625,0.8227799599239878,-0.17722004007601222,-0.01916774750723038,55.51366947989099,3.2502148407430327,-0.11014097321589666,-0.11014097321589666,15.768905302544313,19.33076409175568,31.993732255243017,,3,trend_break;macd_sell_like;trailing_stop,True,False,True,False,True,False,False,False,False,3201.T,,1708.0,12.908101,0.83501554,132.32,2045.471,111247474688.0,,1752127200.0,1752472800.0,True,,,True,1752127200.0,2025-07-10,-239.0
7,True,53.70370370370371,False,False,True,False,0.4609950851581522,130.0,130.0,14822610.0,14.82261,150.0,0.8666666666666667,-0.1333333333333333,0.08874466004518333,5.36962106943951,4.1304777457227,-0.1333333333333333,-0.1333333333333333,30.052613381936045,26.164366013209488,14.845416406760382,"fund_low_adv20,fund_small_mcap",2,macd_sell_like;trailing_stop,False,False,True,False,True,False,False,False,False,3202.T,,130.0,42.90429,0.77896553,3.03,166.888,3883707648.0,,1754283600.0,1754629200.0,True,,,False,1754283600.0,2025-08-04,-222.0
6,True,41.17647058823529,False,False,True,True,0.36348253103347344,495.0,495.0,7661360.0,7.66136,557.0,0.8886894075403949,-0.15978456014362652,0.02977704924627167,8.223817073223064,1.6613771865097098,-0.046242774566473965,-0.05534351145038163,17.26773992233414,17.146977807726483,34.451185546817456,"fund_low_adv20,fund_small_mcap",1,macd_sell_like,False,False,True,False,False,False,False,False,False,3204.T,,495.0,6.644295,0.3083263,74.5,1605.442,4383820800.0,,1754546400.0,1754892000.0,True,,,False,1754546400.0,2025-08-07,-219.0
0,False,34.95145631067962,False,False,True,True,0.5548362767554157,708.0,708.0,201347640.0,201.34764,1292.0447998046875,0.547968615412581,-0.48763386524981833,-0.2543252926463456,25.170678660197172,3.555180601722764,-0.12592592592592589,-0.14987464909956072,18.644082331299657,22.63005885690786,27.651787044188353,fund_small_mcap,2,trend_break;trailing_stop,True,False,False,False,True,False,False,False,False,3205.T,,708.0,10.388848,1.9083816,68.15,370.995,19394859008.0,,1754466000.0,1754984400.0,True,,,False,1754466000.0,2025-08-06,-220.0
5,True,41.32231404958677,False,False,True,False,0.46426845429366853,3175.0,3175.0,61254100.0,61.2541,3622.5888671875,0.8764450276867884,-0.33179540182614764,0.04863104188044742,78.1995022874894,2.4629764499996663,-0.04797601199400303,-0.11682892906815023,19.118018612775245,15.925030637314624,21.163550419177383,fund_low_adv20,0,,False,False,False,False,False,False,False,False,False,3221.T,,3175.0,16.054,2.451317,197.77,1295.222,32563308544.0,,1754546400.0,1754978400.0,True,,,False,1754546400.0,2025-08-07,-219.0
4,False,57.5,True,False,True,True,0.4649856896644369,844.0,844.0,272742930.0,272.74293,1031.0626220703125,0.8185729769791268,-0.21695478522671907,-0.0574449676053197,15.628135083762787,1.8516747729576764,0.0,-0.09732620320855612,28.092634040248175,21.85972293463688,21.31894794588785,fund_neg_eps,1,trend_break,True,False,False,False,False,False,False,False,False,3222.T,,844.0,-51.84275184275184,0.8226153,-16.28,1025.996,174793392128.0,1775543400.0,1783405800.0,1783405800.0,True,,,False,1783405800.0,2026-07-07,19.0
2,False,76.27118644067797,True,False,True,False,0.4324253124083274,952.0,952.0,1637515.0,1.637515,1149.0,0.8285465622280244,-0.34347826086956523,-0.04746658128551995,14.056411876632913,1.4765138525874908,0.0,-0.007299270072992692,14.640217928908047,37.958828501149014,19.082121647034533,"fund_low_adv20,fund_small_mcap",1,trend_break,True,False,False,False,False,False,False,False,False,3223.T,,952.0,26.816902,2.6916988,35.5,353.68,1485819776.0,,1744612200.0,1744612200.0,True,,,False,1744612200.0,2025-04-14,-302.0
3,False,39.285714285714285,False,True,False,False,0.5482535335037657,717.0,717.0,1508035.0,1.508035,862.8378295898438,0.8309788646388293,-0.6284077240801696,-0.01750372905761921,12.71639473790016,1.7735557514505105,-0.06640625,-0.12391371354083425,23.207516947552072,17.234513848567588,28.358239785290206,"fund_neg_eps,fund_low_adv20,fund_small_mcap",4,trend_break;macd_sell_like;di_bear;vol_distribution,True,False,True,False,False,False,True,True,False,3224.T,,717.0,-20.40990606319385,2.3855627,-35.13,300.558,3828311040.0,,1747292400.0,1747292400.0,True,,,False,1747292400.0,2025-05-15,-279.0
3,False,37.5,False,False,True,False,0.5525386717317077,122900.0,122900.0,641461790.0,641.46179,142300.0,0.8636683063949403,-0.15530569219957835,-0.058056204539387646,1886.2243598506625,1.5347635149313772,-0.03834115805946792,-0.11263537906137189,50.38427271450192,11.729366384957881,31.089406515569497,,2,trend_break;di_bear,True,False,False,False,False,False,True,False,False,3226.T,,122900.0,48.29722,0.4006467,2544.66,306754.06,309383528448.0,1776321000.0,1776321000.0,1776321000.0,True,,,True,1776321000.0,2026-04-16,-39.0
5,False,54.67381378795348,True,False,False,False,0.4862652086261675,955.2999877929688,955.2999877929688,5391545580.646362,5391.545580646362,1137.849365234375,0.8395663055067007,-0.22116227394960042,-0.008241182359829291,22.69438478719206,2.3756291298216112,-0.019501180578930022,-0.10677888004397496,30.295730269192326,26.659530520582237,23.551330873454543,,1,trend_break,True,False,False,False,False,False,False,False,False,3231.T,,955.3,9.877986,1.0183501,96.71,938.086,816018948096.0,1777012200.0,1777012200.0,1777012200.0,True,,,True,1777012200.0,2026-04-24,-33.0
4,False,56.14035087719298,True,False,False,False,0.4404765700609654,531.0,531.0,65416685.0,65.416685,597.37060546875,0.8888954279618936,-0.19591761151782383,-0.011471052278059335,8.611454158227193,1.6217427793271553,0.0,-0.056838365896980436,22.531737741075464,22.712804071254418,24.37525340804194,fund_low_adv20,2,trend_break;di_bear,True,False,False,False,False,False,True,False,False,3232.T,,531.0,8.52875,0.7609979,62.26,697.768,53377150976.0,,1754375400.0,1754980200.0,True,,,False,1754375400.0,2025-08-05,-221.0
3,False,37.96296296296296,True,False,True,True,0.5776751964105123,127200.0,127200.0,546526760.0,546.52676,149400.0,0.8514056224899599,-0.1633199464524766,-0.09498936657251555,1796.3953839492601,1.4122605219726887,-0.03196347031963476,-0.12275862068965515,44.74366273894167,11.954600375064397,27.321871613365534,,2,trend_break;di_bear,True,False,False,False,False,False,True,False,False,3234.T,,127200.0,19.710112,1.2201725,6453.54,104247.555,239929098240.0,1773729000.0,1773729000.0,1773729000.0,True,,,True,1773729000.0,2026-03-17,-61.0
3,False,40.286848936338906,True,False,True,True,0.5012452824761062,271.0,271.0,77711790.0,77.71179,401.90789794921875,0.674283838120148,-0.35557374880768133,-0.10393921753746171,11.504262738338934,4.245115401601082,-0.10531914357707994,-0.26669395054351397,33.604525538991034,20.2120734496223,32.975318387296184,"fund_low_adv20,fund_small_mcap",3,trend_break;trailing_stop;di_bear,True,False,False,False,True,False,True,False,False,3236.T,,271.0,3.8126054,0.6698271,71.08,404.582,8968803328.0,,1744612200.0,1744612200.0,True,,,False,1744612200.0,2025-04-14,-302.0
2,False,64.70588235294119,False,False,True,True,0.37950478260611353,73.0,73.0,15004810.0,15.00481,102.0,0.7156862745098039,-0.5743243243243243,0.0121317157712304,2.9780969428187403,4.079584853176357,-0.03947368421052633,-0.07594936708860756,45.37473484023191,24.387015139626484,6.932638058113118,"fund_neg_eps,fund_low_adv20,fund_small_mcap",1,trend_break,True,False,False,False,False,False,False,False,False,3237.T,,73.0,-6.771799628942486,14.199573,-10.78,5.141,3393944064.0,,1747197000.0,1747197000.0,True,,,False,1747197000.0,2025-05-14,-280.0
3,False,46.268656716417915,False,False,True,False,0.34725926136408203,366.0,366.0,3733860.0,3.73386,453.4844055175781,0.8070839824850669,-0.25973986610669286,-0.08086008257996569,9.132208709541057,2.4951389916778846,-0.044386422976501305,-0.12850088573540897,18.22769890394496,21.193056089698313,12.876620833567062,"fund_low_adv20,fund_small_mcap",1,trend_break,True,False,False,False,False,False,False,False,False,3238.T,,366.0,6.4188004,0.34154376,57.02,1071.605,3518768640.0,,1746772200.0,1746772200.0,True,,,False,1746772200.0,2025-05-09,-283.0
5,True,35.294117647058826,False,False,True,False,0.3186487007171419,566.0,566.0,3316450.0,3.31645,606.0,0.933993399339934,-0.07755775577557755,0.01547577080194018,11.056498001293134,1.9534448765535573,-0.06135986733001664,-0.06600660066006603,17.220433191425975,18.002955370951444,23.700575507907747,"fund_low_adv20,fund_small_mcap",0,,False,False,False,False,False,False,False,False,False,3241.T,,566.0,9.829802,1.209717,57.58,467.878,6536103936.0,,1754548200.0,1754980200.0,True,,,False,1754548200.0,2025-08-07,-219.0
4,False,40.35087719298246,True,False,True,True,0.529590395130578,526.0,526.0,56627765.0,56.627765,614.3878784179688,0.8561366825049267,-0.16827786167297043,-0.05906869376852297,7.300457742439518,1.3879197228972466,-0.020484171322160183,-0.07557117750439368,28.765079240234666,21.544879676453572,23.969997874750113,"fund_low_adv20,fund_small_mcap",2,trend_break;di_bear,True,False,False,False,False,False,True,False,False,3242.T,,526.0,4.5683517,1.0186751,115.14,516.357,19454347264.0,,1747119600.0,1747119600.0,True,,,False,1747119600.0,2025-05-13,-281.0
2,False,42.76315789473684,True,False,True,False,0.49157872882025305,996.0,996.0,291181600.0,291.1816,1338.6041259765625,0.7440586657936529,-0.2783527398025414,-0.11365327932039226,19.597289615648886,1.9675993590008922,-0.03394762366634341,-0.11308993766696351,33.039217792849875,18.329749028616618,25.605663820288576,,2,trend_break;di_bear,True,False,False,False,False,False,True,False,False,3245.T,,996.0,10.328736,1.5407368,96.43,646.444,50141700096.0,,1754546400.0,1754978400.0,True,,,True,1754546400.0,2025-08-07,-219.0
2,False,16.666666666666657,False,False,True,True,0.4499958978470042,626.0,626.0,3471425.0,3.471425,737.0352783203125,0.84934876038314,-0.1672642146391874,-0.06449409002130813,6.032111999216193,0.9635961660089765,-0.039877300613496924,-0.05438066465256797,31.83673494774316,7.985750121783018,26.697320848780336,"fund_low_adv20,fund_small_mcap",2,trend_break;di_bear,True,False,False,False,False,False,True,False,False,3246.T,,626.0,9.138686,0.59644496,68.5,1049.552,6358102528.0,,1749450600.0,1749450600.0,True,,,False,1749450600.0,2025-06-09,-262.0
6,True,63.80952380952381,False,False,True,False,0.5344895471581714,869.0,869.0,5260375.0,5.260375,893.0,0.973124300111982,-0.10809939917819023,0.022305709161061893,14.21756052051941,1.6360829137536719,-0.026875699888017968,-0.026875699888017968,22.279973457717784,24.450488649071456,19.23182052445721,"fund_low_adv20,fund_small_mcap",0,,False,False,False,False,False,False,False,False,False,3248.T,,869.0,9.866031,0.58351636,88.08,1489.247,2764117760.0,,1749535200.0,1749535200.0,True,,,False,1749535200.0,2025-06-10,-261.0
4,False,48.20143884892086,True,False,False,True,0.545689859488387,140400.0,140400.0,1079111545.0,1079.111545,153659.140625,0.9137106938704123,-0.10581303890459659,-0.012780166712678787,2159.6527318872613,1.5382141965008984,-0.018867924528301883,-0.07019867549668879,39.51700900308471,13.6928011727204,24.136155490754508,,2,trend_break;di_bear,True,False,False,False,False,False,True,False,False,3249.T,,140400.0,17.54123,1.520566,8004.0,92334.04,354995929088.0,,1773901800.0,1773901800.0,True,,,True,1773901800.0,2026-03-19,-59.0
3,False,34.860557768924295,True,False,True,True,0.5523367043147844,2913.0,2913.0,518352065.0,518.352065,3590.0,0.8114206128133705,-0.22974053450441523,-0.05653667510985427,85.18615072922775,2.924344343605484,-0.1064417177914111,-0.17478753541076486,44.77990244220475,15.031345785594905,26.83847774110556,,3,trend_break;trailing_stop;di_bear,True,False,False,False,True,False,True,False,False,3252.T,,2913.0,8.155095,2.1441963,357.2,1358.551,60239507456.0,,1754546400.0,1754978400.0,True,,,True,1754546400.0,2025-08-07,-219.0
1,False,62.22222222222223,False,False,True,False,0.5936325155759985,421.0,421.0,4933125.0,4.933125,1187.4698486328125,0.35453531766277374,-0.6749391149220174,-0.45068784419307284,14.146306747657045,3.360167873552742,-0.038812785388127824,-0.13729508196721307,41.61880069767187,27.629189721991214,17.665782236962965,"fund_neg_eps,fund_low_adv20,fund_small_mcap",2,trend_break;natr_spike,True,False,False,False,False,False,False,False,True,3261.T,,421.0,-539.7435897435897,0.6616002,-0.78,636.336,1726115584.0,,1754533800.0,1754965800.0,True,,,False,1754533800.0,2025-08-07,-219.0
2,False,46.666666666666664,True,False,True,True,0.35691840611170345,80.0,80.0,7838935.0,7.838935,120.0,0.6666666666666666,-0.3416666666666667,-0.11457083470835294,2.031931930413343,2.5399149130166787,-0.05882352941176472,-0.13978494623655913,30.759362912012133,16.866877201815022,24.09154628368959,"fund_low_adv20,fund_small_mcap",2,trend_break;di_bear,True,False,False,False,False,False,True,False,False,3266.T,,80.0,9.195402,0.9283327,8.7,86.176,3010581760.0,,1752129000.0,1752474600.0,True,,,False,1752129000.0,2025-07-10,-239.0
1,False,21.674876847290633,True,False,True,True,0.5629068030634142,611.0,611.0,32542325.0,32.542325,1203.0,0.5078969243557773,-0.49210307564422273,-0.3666610497664161,25.048461364887814,4.099584511438267,-0.18096514745308312,-0.49210307564422273,58.83614260245412,10.456186504394692,40.989368306161914,"fund_low_adv20,fund_small_mcap",3,trend_break;trailing_stop;di_bear,True,False,False,False,True,False,True,False,False,3267.T,,611.0,8.244501,1.0085871,74.11,605.798,3280933120.0,,1752040800.0,1752472800.0,True,,,False,1752040800.0,2025-07-09,-240.0
2,False,32.03125,False,False,True,True,0.5539814727574782,150700.0,150700.0,1097220635.0,1097.220635,175800.0,0.8572241183162684,-0.1547212741751991,-0.08341692571667714,1976.5479039812767,1.3115779057606347,-0.046202531645569644,-0.12485481997677117,49.18931458757995,8.75098361941601,29.87258929712855,,2,trend_break;di_bear,True,False,False,False,False,False,True,False,False,3269.T,,150700.0,23.583576,0.90367675,6390.04,166763.17,429841907712.0,1773729000.0,1773729000.0,1773729000.0,True,,,True,1773729000.0,2026-03-17,-61.0
4,True,13.333333333333329,False,False,True,True,0.5339873527760327,1268.0,1268.0,44107870.0,44.10787,1279.0,0.9913995308835027,-0.33864541832669326,0.21884987864369299,4.293910159228908,0.3386364478887151,-0.008600469116497256,-0.008600469116497256,28.257253080486475,33.32902185786729,21.776953412217246,fund_low_adv20,0,ext_dev200,False,False,False,False,False,True,False,False,False,3271.T,,1268.0,12.062405,3.4313488,105.12,369.534,35891912704.0,,1754546400.0,1754978400.0,True,,,False,1754546400.0,2025-08-07,-219.0
6,True,49.664429530201346,False,False,True,False,0.40827817331731014,1314.0,1314.0,46055645.0,46.055645,1377.0,0.954248366013072,-0.08128261225123123,0.022065155891242583,18.770493158344394,1.428500240361065,-0.02882483370288247,-0.02882483370288247,18.08143024585852,13.311298214234627,24.878598689496233,"fund_low_adv20,fund_small_mcap",0,,False,False,False,False,False,False,False,False,False,3276.T,,1314.0,12.251748,2.356735,107.25,557.551,21946519552.0,,1754375400.0,1754980200.0,True,,,False,1754375400.0,2025-08-05,-221.0
4,False,39.247311827956985,True,False,True,False,0.4094450865884223,1245.0,1245.0,15428250.0,15.42825,1539.0,0.8089668615984406,-0.19883040935672514,-0.07002553894164587,29.747229640164893,2.3893357140694693,-0.10108303249097472,-0.14726027397260277,13.623033913833211,17.190890776862418,21.935968970957934,"fund_low_adv20,fund_small_mcap",2,trend_break;trailing_stop,True,False,False,False,True,False,False,False,False,3277.T,,1245.0,7.8361025,0.68987954,158.88,1804.663,10102456320.0,,1754548200.0,1754980200.0,True,,,False,1754548200.0,2025-08-07,-219.0
3,False,59.048484607594965,True,False,True,True,0.5510247587893784,133300.0,133300.0,931039395.0,931.039395,147610.84375,0.9030501866499899,-0.12540300752802924,-0.021765791967883308,2018.6561257614317,1.514370686992822,0.0,-0.07429701771337949,32.161802903789,18.158027730766406,21.351573067100134,,2,trend_break;di_bear,True,False,False,False,False,False,True,False,False,3279.T,,133300.0,22.129036,1.1827875,6023.76,112699.87,316763176960.0,1784183400.0,1784183400.0,1784183400.0,True,,,True,1784183400.0,2026-07-16,26.0
2,False,74.13793103448276,False,False,True,True,0.4777500769835383,966.0,966.0,7251555.0,7.251555,1187.117919921875,0.813735504947624,-0.24017657819590388,-0.10007614501760809,22.259442714274286,2.304290136053239,-0.008213552361396315,-0.14814814814814814,33.25014171198923,37.64236541649175,13.291225406673899,"fund_low_adv20,fund_small_mcap",2,trend_break;rsi_reversal,True,False,False,True,False,False,False,False,False,3280.T,,966.0,4.113614,0.5410316,234.83,1785.478,5853962752.0,,1751869800.0,1752215400.0,True,,,False,1751869800.0,2025-07-07,-242.0
5,False,49.53271028037383,True,False,True,True,0.4056967191852957,134000.0,134000.0,1733126850.0,1733.12685,148424.578125,0.9028154345646721,-0.12750299420802214,-0.02373152478505458,2045.5883678875566,1.5265584834981767,-0.008142116950407119,-0.06424581005586594,24.594037135458766,18.047606358472283,26.214649145033107,,2,trend_break;di_bear,True,False,False,False,False,False,True,False,False,3281.T,,134000.0,20.770815,1.4248108,6451.36,94047.58,642895970304.0,1776061800.0,1776061800.0,1776061800.0,True,,,True,1776061800.0,2026-04-13,-42.0
3,False,35.71428571428572,False,False,True,True,0.5311203241296654,102900.0,102900.0,550041760.0,550.04176,114900.0,0.8955613577023499,-0.1337154320572853,-0.046952645428817386,1384.295176711497,1.3452819987478106,-0.03289473684210531,-0.09657594381035994,38.890214421678984,13.324838475564302,27.68621381300053,,2,trend_break;di_bear,True,False,False,False,False,False,True,False,False,3282.T,,102900.0,25.73079,0.5580156,3999.1,184403.45,239941697536.0,1773729000.0,1773729000.0,1773729000.0,True,,,True,1773729000.0,2026-03-17,-61.0
4,False,51.27767651316142,True,False,True,True,0.3968163011048319,84300.0,84300.0,1393321890.0,1393.32189,95248.0078125,0.8850578813779324,-0.13489004240164149,-0.02898491895441846,1532.357247896834,1.817742880067419,-0.02703568329318995,-0.0780253042339627,29.555065145102443,15.765480433277567,26.892421778026428,,2,trend_break;di_bear,True,False,False,False,False,False,True,False,False,3283.T,,84300.0,23.107983,1.4191678,3648.09,59401.01,707201728512.0,1784183400.0,1784183400.0,1784183400.0,True,,,True,1784183400.0,2026-07-16,26.0
1,False,34.482758620689665,False,False,True,False,0.3273366088933466,1160.0,1160.0,236201025.0,236.201025,1364.0023193359375,0.8504384366184541,-0.17228879746359083,-0.06465858654007517,21.356038288934,1.8410377835287932,-0.07274180655475615,-0.07274180655475615,27.754232751130623,16.003519888865565,24.44634903426593,,2,trend_break;di_bear,True,False,False,False,False,False,True,False,False,3284.T,,1160.0,6.279435,0.8936151,184.73,1298.098,47445929984.0,,1754463600.0,1754982000.0,True,,,True,1754463600.0,2025-08-06,-220.0
5,True,61.34453781512605,False,False,False,True,0.47427424094150084,1037.0,1037.0,7193885.0,7.193885,1145.7965087890625,0.9050472680318739,-0.2551995495129691,0.07690960647833833,17.085515788157572,1.6475907220981265,-0.025375939849624052,-0.08795074758135446,18.414320139663484,24.10403391462987,21.68753311647615,"fund_low_adv20,fund_small_mcap",0,,False,False,False,False,False,False,False,False,False,3286.T,,1037.0,20.86939,3.7863436,49.69,273.879,4010124544.0,,1754548200.0,1754893800.0,True,,,False,1754548200.0,2025-08-07,-219.0
1,False,31.290322580645167,False,False,True,True,0.41424736739771917,232900.0,232900.0,534242260.0,534.24226,266216.90625,0.8748505242611728,-0.12940295170067528,-0.07256197522733554,4193.9370333285515,1.80074582796417,-0.05016313213703094,-0.0912070120266183,45.40314827961386,10.389716125004112,30.764164368411873,earnings_blackout,2,trend_break;di_bear,True,False,False,False,False,False,True,False,False,3287.T,,232900.0,21.47771,0.4890371,10843.8,476242.0,136440741888.0,1781505000.0,1781505000.0,1781505000.0,True,,,True,1781505000.0,2026-06-15,3.0
6,True,53.46744309158285,True,False,False,False,0.4857880309481632,8844.0,8844.0,3237498795.0,3237.498795,11630.970703125,0.7603836537584778,-0.29722116849595226,0.002128470218654366,307.63731917548995,3.4784861960141336,-0.0249173098125689,-0.15246765692381403,33.44144598557892,24.585207812985573,21.349345985733546,,0,,False,False,False,False,False,False,False,False,False,3288.T,,8844.0,9.025134,1.6919339,979.93,5227.155,980453097472.0,1778481000.0,1778481000.0,1778481000.0,True,,,True,1778481000.0,2026-05-11,-22.0
6,True,55.42372881355933,True,False,False,False,0.491572981914522,1349.5,1349.5,5253369335.0,5253.369335,1551.80029296875,0.8696350980951749,-0.18578440426583664,0.014310681186684882,34.340850511527435,2.544709189442566,0.0,-0.04662663369833986,18.640031367185724,30.69278130956058,30.44544524866078,,0,,False,False,False,False,False,False,False,False,False,3289.T,,1349.5,9.963086,1.0709893,135.45,1260.05,961834844160.0,1785997800.0,1785997800.0,1785997800.0,True,,,True,1785997800.0,2026-08-06,41.0
3,False,37.64705882352941,True,False,True,True,0.5684123308413415,74200.0,74200.0,272239385.0,272.239385,90700.0,0.8180815876515987,-0.19735391400220503,-0.12587449675532403,1081.3600916322891,1.457358614059689,-0.03761348897535666,-0.1166666666666667,36.796674078371524,13.59814916359804,26.930430327443705,,2,trend_break;di_bear,True,False,False,False,False,False,True,False,False,3290.T,,74200.0,12.562474,0.33992463,5906.48,218283.67,72246312960.0,,1744615800.0,1744615800.0,True,,,True,1744615800.0,2025-04-14,-302.0
4,False,63.10077519379845,True,False,True,False,0.5672049375913448,2191.0,2191.0,1602233210.0,1602.23321,2729.59521484375,0.8026831187588447,-0.24915606942206658,-0.07238055426679413,47.239521963396484,2.1560712899770187,-0.002730996813837039,-0.1167103406571256,28.780580116184236,29.9253444906687,27.839049852762766,,1,trend_break,True,False,False,False,False,False,False,False,False,3291.T,,2191.0,9.563927,0.59300774,229.09,3694.724,605439524864.0,1778826600.0,1785997800.0,1785997800.0,True,,,True,1785997800.0,2026-08-06,41.0
3,False,45.13274336283186,True,False,True,True,0.5226510229803346,122100.0,122100.0,599840050.0,599.84005,138500.0,0.8815884476534296,-0.13790613718411548,-0.058264005888250536,1539.0814078618828,1.2605089335478155,-0.016908212560386437,-0.1035242290748899,38.827511850307125,14.581480767926902,22.839002444354247,,2,trend_break;di_bear,True,False,False,False,False,False,True,False,False,3292.T,,122100.0,18.539663,1.0746887,6585.88,113614.305,256723681280.0,1773729000.0,1773729000.0,1773729000.0,True,,,True,1773729000.0,2026-03-17,-61.0
3,False,33.33333333333333,False,True,False,True,0.36385053503743653,758.0,758.0,3222450.0,3.22245,784.3013916015625,0.966465198349509,-0.0452260762801282,-0.0034524535201392315,3.5407415497674615,0.4671162994416176,-0.019404915912031084,-0.03192848020434225,11.766499402374174,19.624497243804566,29.521628281717916,"fund_low_adv20,fund_small_mcap",2,trend_break;vol_distribution,True,False,False,False,False,False,False,True,False,3293.T,,758.0,12.091243,0.3528611,62.69,2148.154,6102025728.0,,1747288800.0,1747288800.0,True,,,False,1747288800.0,2025-05-15,-279.0
5,True,60.0,False,False,True,True,0.4363769934498693,4830.0,4830.0,55721125.0,55.721125,4855.0,0.9948506694129763,-0.14692787177203914,0.8676559129032952,16.734178410919434,0.3464633211370483,-0.004123711340206171,-0.005149330587023715,70.75672634683082,55.557822790514614,9.79642813128612,"fund_low_adv20,fund_small_mcap",0,ext_dev200,False,False,False,False,False,True,False,False,False,3294.T,,4830.0,16.276876,2.3005555,296.74,2099.493,29431005184.0,,1753768800.0,1754287200.0,True,,,False,1753768800.0,2025-07-29,-226.0
3,False,37.93103448275862,True,False,True,True,0.5450421460265285,153700.0,153700.0,483405110.0,483.40511,176572.328125,0.8704648210289887,-0.14765806398918147,-0.07473935285854905,2161.5241216307377,1.4063266894149238,-0.03937500000000005,-0.10639534883720925,35.7974217591263,11.38767717153467,26.871331057780672,,2,trend_break;di_bear,True,False,False,False,False,False,True,False,False,3295.T,,153700.0,18.330614,1.1274427,8384.88,136326.22,221327998976.0,1776321000.0,1776321000.0,1776321000.0,True,,,True,1776321000.0,2026-04-16,-39.0
3,False,37.73584905660377,True,False,True,False,0.5974468356704588,84200.0,84200.0,450484695.0,450.484695,101216.7109375,0.8318784439853257,-0.1839292224086947,-0.105652016492915,1191.6264336045504,1.415233294067162,-0.04751131221719462,-0.10234541577825162,35.165685807834116,13.014950272089099,23.551655571029812,,2,trend_break;di_bear,True,False,False,False,False,False,True,False,False,3296.T,,84200.0,11.698181,0.2894944,7197.7,290851.9,154113785856.0,,1755068400.0,1755500400.0,True,,,True,1755068400.0,2025-08-13,-215.0
2,False,2.880695192769565,False,False,True,False,0.3321737221252278,1127.0,1127.0,11110380.0,11.11038,1332.231689453125,0.8459489508635156,-0.15405104913648437,-0.039698596394183716,17.764976750917018,1.576306721465574,-0.13710698736688198,-0.15405104913648437,43.30159039491868,9.356365314979877,52.73842977602374,"fund_low_adv20,fund_small_mcap",3,trend_break;trailing_stop;di_bear,True,False,False,False,True,False,True,False,False,3297.T,,1127.0,8.718186,0.6821613,129.27,1652.102,3054717696.0,,1744612200.0,1744612200.0,True,,,False,1744612200.0,2025-04-14,-302.0
2,False,35.401459854014604,True,False,True,False,0.5809321566710237,1696.0,1696.0,397571030.0,397.57103,2582.0,0.656855151045701,-0.3663826491092177,-0.1723475069259821,52.04919480909664,3.068938373177868,-0.22415370539798718,-0.3009068425391591,51.18964859630254,13.75533027378083,36.83658103646908,,3,trend_break;trailing_stop;di_bear,True,False,False,False,True,False,True,False,False,3299.T,,1696.0,5.9840517,1.1506348,283.42,1473.969,39847092224.0,,1754548200.0,1754980200.0,True,,,True,1754548200.0,2025-08-07,-219.0
1,False,36.635944700460826,False,False,True,False,0.5262037940348473,2201.0,2201.0,88765180.0,88.76518,2917.0,0.7545423380185121,-0.2776825505656496,-0.10138690988964327,56.32416286721613,2.5590260275881933,-0.07209106239460372,-0.1528098537336413,36.016450551901286,16.47406893169364,29.80243615415264,"fund_low_adv20,fund_small_mcap",2,trend_break;di_bear,True,False,False,False,False,False,True,False,False,3300.T,,2201.0,8.348822,1.8233496,263.63,1207.119,16289396736.0,,1747290600.0,1747290600.0,True,,,False,1747290600.0,2025-05-15,-279.0
5,False,64.82758620689654,True,False,True,True,0.3933819197784444,3325.0,3325.0,156421075.0,156.421075,3643.343505859375,0.9126232524198166,-0.25507984749853163,0.05694032686634731,115.98297315918298,3.4882097190731725,-0.008941877794336861,-0.008941877794336861,23.6452509464631,33.779698205432595,15.555409505210156,fund_low_adv20,1,trend_break,True,False,False,False,False,False,False,False,False,3302.T,,3325.0,22.98652,1.1261879,144.65,2952.438,85205024768.0,,1754548200.0,1754980200.0,True,,,False,1754548200.0,2025-08-07,-219.0
1,False,27.692307692307693,True,False,True,True,0.3570395892491841,603.0,603.0,2134585.0,2.134585,956.5651245117188,0.6303804984608894,-0.37066490866756974,-0.16282912407029515,9.669583798429047,1.6035794027245518,-0.0636645962732919,-0.1657993288264189,45.926615593075994,10.786688405434225,27.98136844086423,"fund_low_adv20,fund_small_mcap",2,trend_break;di_bear,True,False,False,False,False,False,True,False,False,3306.T,,603.0,4.88101,1.0897183,123.54,553.354,2656732416.0,,1747206000.0,1747206000.0,True,,,False,1747206000.0,2025-05-14,-280.0
2,False,30.107526881720432,False,False,True,False,0.5462298744061975,79400.0,79400.0,1032169685.0,1032.169685,91732.578125,0.8655594514285325,-0.14643192636203917,-0.030930869821383822,1168.6875597049286,1.471898689804696,-0.06035502958579886,-0.11398691850923626,57.42577657259754,8.834687717079458,33.03290149246704,earnings_blackout,2,trend_break;di_bear,True,False,False,False,False,False,True,False,False,3309.T,,79400.0,16.178198,1.1892823,4907.84,66762.95,341735211008.0,1781505000.0,1781505000.0,1781505000.0,True,,,True,1781505000.0,2026-06-15,3.0
2,False,48.14814814814815,False,False,True,True,0.36281426820913715,99.0,99.0,395738625.0,395.738625,139.0,0.7122302158273381,-0.4246575342465754,-0.06343124733929328,4.40567281376894,4.450174559362566,-0.02941176470588236,-0.2265625,12.180851564523351,17.52168979785366,17.62785160344022,"fund_neg_eps,fund_small_mcap",1,trend_break,True,False,False,False,False,False,False,False,False,3315.T,,99.0,-2.3672883787661405,0.8280084,-41.82,119.564,28811261952.0,,1754456400.0,1754888400.0,True,,,False,1754456400.0,2025-08-06,-220.0
1,False,59.71563981042654,False,False,True,False,0.47780048816088466,1321.0,1321.0,6949870.0,6.94987,1695.141845703125,0.7792858180856627,-0.24667071181272426,-0.11352557427432508,33.16837601159092,2.510853596638223,-0.067090395480226,-0.1835599505562423,20.72395487658452,18.706000213076234,32.10924540579997,"fund_low_adv20,fund_small_mcap",2,trend_break;di_bear,True,False,False,False,False,False,True,False,False,3317.T,,1321.0,8.395831,1.0403353,157.34,1269.783,3818030848.0,,1746599400.0,1746599400.0,True,,,False,1746599400.0,2025-05-07,-285.0
2,False,55.37190082644628,False,False,True,True,0.4600183490034617,1307.0,1307.0,11623305.0,11.623305,1462.0,0.8939808481532148,-0.11969904240766072,-0.017037137540584224,19.75005447426064,1.5110982765310361,-0.016553799849510886,-0.06375358166189116,14.661267142197424,23.243974089751486,24.082577025483147,"fund_low_adv20,fund_small_mcap",1,trend_break,True,False,False,False,False,False,False,False,False,3320.T,,1307.0,5.5548472,0.49889228,235.29,2619.804,9714929664.0,,1749812340.0,1749812340.0,True,,,False,1749812340.0,2025-06-13,-258.0
1,False,24.887213116140785,False,False,True,True,0.5275662009778226,1754.0,1754.0,123048710.0,123.04871,2389.365966796875,0.7340859560125773,-0.26716960719611016,-0.02413997348818031,57.992628285401025,3.306307199851826,-0.1216157298672591,-0.15436339408432065,29.650359026122896,15.376610389986947,34.9665395537771,"fund_low_adv20,fund_small_mcap",3,trend_break;trailing_stop;di_bear,True,False,False,False,True,False,True,False,False,3321.T,,1754.0,6.338537,0.8092459,276.72,2167.45,13981423616.0,,1751522400.0,1751868000.0,True,,,False,1751522400.0,2025-07-03,-244.0
0,False,33.33333333333333,False,False,True,False,0.49241213523459776,70.0,70.0,31179895.0,31.179895,161.6959991455078,0.4329111441836483,-0.5670888558163517,-0.26129698229337794,2.9983938781203316,4.283419825886188,-0.16666666666666663,-0.24731182795698925,29.166172268818173,12.886254290308205,20.979667881313176,"fund_neg_eps,fund_low_adv20,fund_small_mcap",3,trend_break;trailing_stop;di_bear,True,False,False,False,True,False,True,False,False,3323.T,,70.0,-114.75409836065575,1.0291697,-0.61,68.016,5651194880.0,,1754548800.0,1754980800.0,True,,,False,1754548800.0,2025-08-07,-219.0
2,False,46.59090909090909,True,False,True,True,0.5224025218236877,610.0,610.0,5283155.0,5.283155,828.0,0.7367149758454107,-0.30193236714975846,-0.1084934269658816,14.649239538628358,2.4015146784636654,-0.02400000000000002,-0.2506142506142506,37.547258154316694,19.046543279600744,25.63555574190815,"fund_low_adv20,fund_small_mcap",2,trend_break;di_bear,True,False,False,False,False,False,True,False,False,3326.T,,610.0,25.491014,8.077116,23.93,75.522,2592750080.0,,1746687600.0,1746687600.0,True,,,False,1746687600.0,2025-05-08,-284.0
4,False,55.45454545454545,True,False,True,False,0.4604167078723619,2040.0,2040.0,13588255.0,13.588255,2165.7294921875,0.9419458927622089,-0.07929406364321345,-0.022754095566192234,19.16230427306443,0.9393286408364916,0.0,-0.05805410723779114,24.140054468242067,29.080953784628882,18.937779987639136,"fund_low_adv20,fund_small_mcap",1,trend_break,True,False,False,False,False,False,False,False,False,3329.T,,2040.0,21.92134,2.1191788,93.06,962.637,16466062336.0,,1748576400.0,1748576400.0,True,,,False,1748576400.0,2025-05-30,-268.0
3,False,57.2972972972973,True,False,True,False,0.40353878222362094,1281.0,1281.0,151080995.0,151.080995,1409.0,0.9091554293825408,-0.23846400005231883,-0.02062442934155595,19.727881517505807,1.5400375891885876,-0.001558846453624363,-0.09084457061745921,16.793659688343165,25.623083727724367,21.111781580825532,fund_low_adv20,1,trend_break,True,False,False,False,False,False,False,False,False,3333.T,,1281.0,14.705544,0.8307113,87.11,1542.052,33359699968.0,,1758520800.0,1758866400.0,True,,,False,1758520800.0,2025-09-22,-187.0
2,False,50.34564554388342,True,False,True,False,0.390415593129028,6150.0,6150.0,2410880710.0,2410.88071,9877.408203125,0.6226329694518722,-0.42191312917557877,-0.15741820644112703,185.24509587067726,3.0121153800110125,-0.017427340315170237,-0.10066475492236315,16.58103776181221,21.865295979670396,20.703881878657818,,1,trend_break,True,False,False,False,False,False,False,False,False,3349.T,,6150.0,15.617461,1.7772954,393.79,3460.314,487432159232.0,1783924200.0,1783924200.0,1783924200.0,True,,,True,1783924200.0,2026-07-13,23.0
0,False,22.758620689655174,False,False,True,True,0.471189143785729,229.0,229.0,9150024345.0,9150.024345,1895.0,0.12084432717678101,-0.879155672823219,-0.4866679369206801,19.012496425792175,8.302400185935447,-0.301829268292683,-0.4143222506393862,20.286646092320357,17.574317259641777,35.906357254051585,fund_neg_eps,3,trend_break;trailing_stop;di_bear,True,False,False,False,True,False,True,False,False,3350.T,,229.0,-1.050362352077791,0.6570887,-218.02,348.507,293401722880.0,,1755151200.0,1755496800.0,True,,,False,1755151200.0,2025-08-14,-214.0
7,True,49.25925925925926,True,True,False,True,0.3509439870221247,1697.0,1697.0,2026940.0,2.02694,1948.56640625,0.8708966728343954,-0.17169874487052783,0.07755185725444091,34.98648959692613,2.061667035764651,-0.018507807981492208,-0.03688989784335983,9.78434277609522,20.662705620671623,27.400274349078163,"fund_low_adv20,fund_small_mcap",0,,False,False,False,False,False,False,False,False,False,3352.T,,1697.0,8.989776,0.6119986,188.77,2772.882,3976766720.0,,1746772200.0,1746772200.0,True,,,False,1746772200.0,2025-05-09,-283.0
2,False,38.03921568627451,True,False,True,True,0.39026369811305867,2709.0,2709.0,4562480.0,4.56248,3878.17529296875,0.6985243820493363,-0.3411071421691625,-0.049974689582968024,27.68258045398829,1.0218745091911514,-0.022021660649819474,-0.08479729729729735,41.41420925864265,11.724909319030166,41.40365415771535,"fund_low_adv20,fund_small_mcap",2,trend_break;di_bear,True,False,False,False,False,False,True,False,False,3353.T,,2709.0,7.9989367,0.65045685,338.67,4164.765,10201765888.0,,1743748200.0,1743748200.0,True,,,False,1743748200.0,2025-04-04,-308.0
2,False,29.259259259259267,True,False,True,True,0.3797321195908038,1538.0,1538.0,48073910.0,48.07391,1997.0,0.7701552328492739,-0.23585378067100649,-0.07896681743692902,39.51938929946957,2.5695311638146667,-0.09422850412249706,-0.2298447671507261,41.653872448900835,13.163143320968082,32.036567506885866,fund_low_adv20,3,trend_break;trailing_stop;di_bear,True,False,False,False,True,False,True,False,False,3355.T,,1538.0,7.6704407,0.6056491,200.51,2539.424,30329231360.0,,1754460000.0,1754978400.0,True,,,False,1754460000.0,2025-08-06,-220.0
1,False,46.42857142857143,False,False,True,True,0.39762194857997407,89.0,89.0,28813580.0,28.81358,151.0,0.5894039735099338,-0.41721854304635764,-0.08956063628458899,3.8239687748307682,4.296594129023335,-0.1523809523809524,-0.23931623931623935,14.50553191856508,17.900625682177402,19.710666654622056,"fund_low_adv20,fund_small_mcap",2,trend_break;trailing_stop,True,False,False,False,True,False,False,False,False,3358.T,,89.0,49.720673,1.485413,1.79,59.916,3300884992.0,,1747290600.0,1747290600.0,True,,,False,1747290600.0,2025-05-15,-279.0
4,False,61.94690265486726,True,False,False,False,0.46880680866374347,519.0,519.0,24854475.0,24.854475,599.068115234375,0.8663455570439603,-0.22045592458664842,-0.0005635609206829928,13.049955742148716,2.514442339527691,0.0,-0.047706422018348627,14.988211811124446,30.991227118705478,21.026664798392414,"fund_low_adv20,fund_small_mcap",1,trend_break,True,False,False,False,False,False,False,False,False,3359.T,,519.0,12.092265,1.1640791,42.92,445.846,5507030528.0,,1754550000.0,1754982000.0,True,,,False,1754550000.0,2025-08-07,-219.0
3,False,45.88563458856346,True,False,True,False,0.5041205322197762,2122.5,2122.5,596968502.5,596.9685025,2748.146728515625,0.7723386739056834,-0.2786047486369765,-0.1073794274492893,58.29905300132554,2.746716278036539,-0.027268560953253917,-0.1646989374262101,37.154295327510596,21.80428322041341,26.606854325791858,,2,trend_break;di_bear,True,False,False,False,False,False,True,False,False,3360.T,,2122.5,14.725267,1.2928458,144.14,1641.727,195310190592.0,1778567400.0,1786084200.0,1786084200.0,True,,,True,1786084200.0,2026-08-07,42.0
8,True,54.54545454545455,True,False,True,True,0.3670615526514479,868.0,868.0,2877445.0,2.877445,942.6129150390625,0.9208445865225913,-0.10886007755878258,0.03593431010542014,14.5651154458978,1.6780086919237096,0.0,-0.07915541347740873,22.813178525521113,22.156733234913123,19.301582709517675,"fund_low_adv20,fund_small_mcap",0,,False,False,False,False,False,False,False,False,False,3361.T,,868.0,12.144956,0.76488906,71.47,1134.805,16252367872.0,,1749798000.0,1749798000.0,True,,,False,1749798000.0,2025-06-13,-258.0
5,True,42.2680412371134,False,True,False,True,0.3183129557338549,498.0,498.0,12339245.0,12.339245,619.3779296875,0.8040325238118513,-0.44561404151225303,0.19172072986913635,22.4412276021045,4.506270602832229,-0.08623853211009169,-0.08623853211009169,21.431293312609277,26.93381630763687,15.515318263692555,"fund_low_adv20,fund_small_mcap",4,cross_sma25_down;macd_sell_like;trailing_stop;ext_dev200;vol_distribution,False,True,True,False,True,True,False,True,False,3370.T,,498.0,13.829493,4.9516764,36.01,100.572,1709246080.0,,1747290600.0,1747290600.0,True,,,False,1747290600.0,2025-05-15,-279.0
2,False,49.01960784313726,True,False,True,True,0.4096609465348767,1654.0,1654.0,46255090.0,46.25509,2334.44384765625,0.7085199336281288,-0.3163253844797499,-0.18488601143474448,37.47037587252867,2.265439895557961,-0.014302741358760418,-0.17217217217217218,24.039119826863395,19.18408717389234,27.869411849222903,fund_low_adv20,2,trend_break;di_bear,True,False,False,False,False,False,True,False,False,3371.T,,1654.0,10.1647,1.6358356,162.72,1011.104,41910525952.0,,1753855200.0,1754287200.0,True,,,False,1753855200.0,2025-07-30,-225.0
3,False,62.50000000000001,True,False,True,True,0.42852922932388027,221.0,221.0,2868305.0,2.868305,260.0,0.85,-0.16901408450704225,-0.04523264353911949,2.0618822458858994,0.9329783918035744,0.0,-0.04741379310344829,32.864310998430426,7.710947947167174,9.410891364063199,"fund_low_adv20,fund_small_mcap",2,trend_break;di_bear,True,False,False,False,False,False,True,False,False,3372.T,,221.0,24.446903,2.150161,9.04,102.783,3027424512.0,,1747206000.0,1747206000.0,True,,,False,1747206000.0,2025-05-14,-280.0
4,True,40.586419753086425,False,False,True,False,0.410155590119941,2830.0,2830.0,119902915.0,119.902915,3185.0,0.8885400313971743,-0.3746476288027992,0.237643679672344,117.35567720642754,4.14684371754161,-0.1114599686028257,-0.1114599686028257,22.05916578723209,22.982163491472907,25.600181460140742,"fund_low_adv20,fund_small_mcap",3,macd_sell_like;trailing_stop;ext_dev200;di_bear,False,False,True,False,True,True,True,False,False,3374.T,,2830.0,10.190487,0.7759473,277.71,3647.155,9901083648.0,,1747205100.0,1747205100.0,True,,,False,1747205100.0,2025-05-14,-280.0
2,False,9.163346613545812,False,False,True,True,0.35591981859902644,1623.0,1623.0,897425.0,0.897425,1983.4869384765625,0.8182559554672751,-0.18174404453272486,-0.0570057344789221,21.646672953112994,1.333744482631731,-0.112144420131291,-0.14578947368421058,37.3536845847337,14.07430236054991,56.15694774848533,"fund_low_adv20,fund_small_mcap",3,trend_break;trailing_stop;di_bear,True,False,False,False,True,False,True,False,False,3375.T,,1623.0,6.234395,0.64126015,260.33,2530.954,2042436736.0,,1747117800.0,1747117800.0,True,,,False,1747117800.0,2025-05-13,-281.0
1,False,20.150397076393276,True,False,True,True,0.30625718663444906,372.0,372.0,4912110.0,4.91211,493.03662109375,0.754507848067669,-0.32239627164295437,-0.07512211074091568,3.3422554148827075,0.8984557566888998,-0.03949643458330876,-0.0947771871033054,40.00660093259491,13.046818184032432,32.22569102056595,"fund_low_adv20,fund_small_mcap",2,trend_break;di_bear,True,False,False,False,False,False,True,False,False,3377.T,,372.0,16.103895,0.76237315,23.1,487.95,5326667776.0,,1751437800.0,1751869800.0,True,,,False,1751437800.0,2025-07-02,-245.0
2,False,57.05614567526555,True,False,True,True,0.431979837030455,1941.0,1941.0,13972269347.5,13972.2693475,2348.18798828125,0.8265948082890543,-0.2596833148064487,-0.05112677059404003,49.99554705037396,2.575762341595773,-0.0030816640986132127,-0.12998655311519502,17.923230293418047,22.763500067202564,17.498871482786956,,1,trend_break,True,False,False,False,False,False,False,False,False,3382.T,,1941.0,16.33151,1.2393402,118.85,1566.156,4487092633600.0,1783578600.0,1783578600.0,1783578600.0,True,,,True,1783578600.0,2026-07-09,21.0
4,False,41.58415841584158,True,False,True,True,0.2879258028560865,1224.0,1224.0,4266695.0,4.266695,1412.1529541015625,0.8667616326155909,-0.14740113915917363,-0.0280867303866823,16.125530673153516,1.3174453164341107,-0.01449275362318836,-0.08724832214765099,8.742329697049318,15.798772204292844,21.30280077174759,"fund_low_adv20,fund_small_mcap",1,trend_break,True,False,False,False,False,False,False,False,False,3386.T,,1224.0,20.63385,0.7342087,59.32,1667.101,6943410688.0,,1754287200.0,1754632800.0,True,,,False,1754287200.0,2025-08-04,-222.0
3,False,44.871794871794876,True,False,True,True,0.3847969377656261,708.0,708.0,698591565.0,698.591565,824.580322265625,0.8586185977063971,-0.16321068867596888,-0.06364074372893325,12.19023155989117,1.7217841186286962,-0.03673469387755102,-0.11940298507462688,27.757156419391325,14.378249680177694,24.657100483132783,,2,trend_break;di_bear,True,False,False,False,False,False,True,False,False,3387.T,,708.0,63.841297,6.8104424,11.09,103.958,298085384192.0,1784010600.0,1784010600.0,1784010600.0,True,,,True,1784010600.0,2026-07-14,24.0
3,False,37.108433734939766,False,False,True,True,0.4721212039494527,2018.0,2018.0,75673560.0,75.67356,2460.189697265625,0.8202619506304346,-0.1829898311361875,-0.07815137464489263,54.06277207680974,2.6790273576218904,-0.08480725623582763,-0.13963337557935618,14.252364171740439,20.758553326961888,27.284097734996028,"fund_low_adv20,fund_small_mcap",3,trend_break;macd_sell_like;trailing_stop,True,False,True,False,True,False,False,False,False,3388.T,,2018.0,9.047705,0.67931014,223.04,2970.661,25429258240.0,,1753682400.0,1754028000.0,True,,,False,1753682400.0,2025-07-28,-227.0
2,False,47.45417515274949,True,False,True,False,0.43623530800219795,2102.0,2102.0,6119910987.5,6119.9109875,2931.05029296875,0.7171490728229585,-0.3504035039700699,-0.13828559949177388,67.41578320823274,3.207220894777961,-0.011753643629525135,-0.17097219483336623,16.754324035954667,26.74037590299138,18.679111254928998,,1,trend_break,True,False,False,False,False,False,False,False,False,3391.T,,2102.0,14.598235,1.0871662,143.99,1933.467,952262721536.0,1783492200.0,1783492200.0,1783492200.0,True,,,True,1783492200.0,2026-07-08,20.0
2,False,31.25,False,False,True,True,0.48815412958216814,805.0,805.0,22494895.0,22.494895,986.8648071289062,0.815714568180816,-0.25024828866999216,-0.048210197354587536,17.883450458055957,2.221546640752293,-0.05847953216374269,-0.184285431819184,37.138726049052785,12.904340164527556,32.730716310468694,"fund_low_adv20,fund_small_mcap",2,trend_break;di_bear,True,False,False,False,False,False,True,False,False,3392.T,,805.0,9.018598,1.2533455,89.26,642.281,13076156416.0,,1754550000.0,1754982000.0,True,,,False,1754550000.0,2025-08-07,-219.0
5,True,34.446397188049204,False,False,True,False,0.3044894611161694,2843.0,2843.0,143785255.0,143.785255,3030.0,0.9382838283828383,-0.1349514713040375,0.05230251686722265,73.19762166834973,2.5746613319855687,-0.0617161716171617,-0.0617161716171617,12.41014059659539,19.94573566830507,24.33378170236764,"fund_low_adv20,fund_small_mcap",1,macd_sell_like,False,False,True,False,False,False,False,False,False,3393.T,,2843.0,11.47713,3.1662698,247.71,897.902,26580938752.0,,1754546400.0,1754978400.0,True,,,False,1754546400.0,2025-08-07,-219.0
1,False,31.71806167400881,False,False,True,False,0.6587256871956368,2438.0,2438.0,316653340.0,316.65334,3143.240234375,0.7756327287165724,-0.2396381371482329,-0.11084877546307548,57.80840539905667,2.3711405003714794,-0.07756337495270527,-0.21445502784517778,56.35177505588192,9.728106718734669,31.415923467786506,,2,trend_break;di_bear,True,False,False,False,False,False,True,False,False,3395.T,,2438.0,19.466625,1.6598866,125.24,1468.775,52264869888.0,,1754287200.0,1754632800.0,True,,,True,1754287200.0,2025-08-04,-222.0
5,False,42.857142857142854,True,False,True,True,0.2572424655857419,834.0,834.0,2882805.0,2.882805,908.9830322265625,0.9175088757785821,-0.12672928892738033,-0.013861641248858914,8.628955486961367,1.034646940882658,-0.015348288075560768,-0.0723025583982202,16.158159406570352,22.6779905844337,20.261658891338257,"fund_low_adv20,fund_small_mcap",1,trend_break,True,False,False,False,False,False,False,False,False,3396.T,,834.0,16.544336,0.3022867,50.41,2758.97,5940236800.0,,1751522400.0,1751868000.0,True,,,False,1751522400.0,2025-07-03,-244.0
2,False,53.139013452914796,True,False,True,False,0.5733791340558346,3856.0,3856.0,1545771270.0,1545.77127,5309.57958984375,0.7262345228567285,-0.30766646628077443,-0.12108747684194399,93.81184210615928,2.4328797226701058,-0.010012836970474948,-0.14595791805094127,27.827616280270824,24.51773144567181,29.194891569249137,,2,trend_break;di_bear,True,False,False,False,False,False,True,False,False,3397.T,,3856.0,73.28012,3.664323,52.62,1052.309,339010125824.0,1778826600.0,1786602600.0,1786602600.0,True,,,True,1786602600.0,2026-08-13,46.0
4,False,69.7503671071953,True,False,False,True,0.4973141737740616,3255.0,3255.0,308570415.0,308.570415,4000.0,0.81375,-0.3499374096680783,0.011410919731273506,101.67709916582842,3.1237204044801357,0.0,-0.13774834437086092,17.995268363788362,27.364464791088157,14.33864488727305,,1,trend_break,True,False,False,False,False,False,False,False,False,3399.T,,3255.0,17.33596,42.522896,187.76,76.547,64122511360.0,,1749812340.0,1749812340.0,True,,,True,1749812340.0,2025-06-13,-258.0
6,True,52.231404958677686,False,False,True,True,0.3702906461274097,1619.5,1619.5,1441934572.5,1441.9345725,1737.0,0.9323546344271733,-0.27889289069317225,0.13105947423294717,50.89811547762209,3.142828989047366,-0.05678509027373324,-0.06764536557282674,8.706928186146092,22.3161389542507,20.68175881429479,fund_neg_eps,0,,False,False,False,False,False,False,False,False,False,3401.T,,1619.5,-3.5495890410958904,0.85723114,-456.25,1889.222,312427315200.0,1778481000.0,1785911400.0,1785911400.0,True,,,False,1785911400.0,2026-08-05,40.0
5,True,53.96825396825397,False,False,True,False,0.4097523166310853,1113.0,1113.0,6222973650.0,6222.97365,1327.9820556640625,0.838113734483739,-0.21716418191700593,0.046283946800652176,40.50543565689288,3.639302395048776,-0.0662751677852349,-0.0662751677852349,10.740009253405221,23.904763269564427,24.35601401635391,,0,,False,False,False,False,False,False,False,False,False,3402.T,,1113.0,21.039698,0.9003492,52.9,1236.187,1622015475712.0,1778653800.0,1785997800.0,1785997800.0,True,,,True,1785997800.0,2026-08-06,41.0
3,False,64.78873239436619,True,False,False,True,0.40172877973189164,1687.0,1687.0,3030564610.0,3030.56461,1880.78857421875,0.8969641899811909,-0.34620449641032935,0.015538253993129914,39.422895177164875,2.3368639701935314,0.0,-0.025700259890268584,16.623462252780023,28.133096638121053,14.007439053253131,,1,trend_break,True,False,False,False,False,False,False,False,False,3405.T,,1687.0,71.72619,0.68627816,23.52,2458.187,508288303104.0,1778653800.0,1786084200.0,1786084200.0,True,,,True,1786084200.0,2026-08-07,42.0
3,True,57.413249211356465,False,False,True,True,0.39620541226792616,1756.0,1756.0,9206972547.5,9206.9725475,1858.0845947265625,0.9450592319551601,-0.21756439556364915,0.2290783050441314,52.0161419646414,2.9621948727016743,-0.01734750979294908,-0.01734750979294908,18.438251539538257,22.069643069348537,21.919031702982156,,1,macd_sell_like;ext_dev200,False,False,True,False,False,True,False,False,False,3407.T,,1756.0,15.0047,1.1405115,117.03,1539.66,2381909065728.0,1778567400.0,1785393000.0,1785393000.0,True,,,True,1785393000.0,2026-07-30,36.0
0,False,21.951219512195124,False,False,True,False,0.37698040308442426,88.0,88.0,7709910.0,7.70991,264.0,0.3333333333333333,-0.6666666666666667,-0.36763437769473983,4.79812008229142,5.452409184422068,-0.2542372881355932,-0.29600000000000004,35.0525641368313,9.204310087988791,33.55046296079765,"fund_neg_eps,fund_low_adv20,fund_small_mcap",3,trend_break;trailing_stop;di_bear,True,False,False,False,True,False,True,False,False,3409.T,,88.0,-18.0327868852459,1.7772392,-4.88,49.515,2776062208.0,,1747204200.0,1747204200.0,True,,,False,1747204200.0,2025-05-14,-280.0
1,False,26.86567164179104,True,False,True,True,0.36189391393279247,335.0,335.0,311321260.0,311.32126,576.7411499023438,0.580849831950995,-0.42955344862126155,-0.22671209227803368,15.00593633368115,4.479383980203329,-0.09703504043126687,-0.2902542372881356,22.79416021328446,16.403512744794458,31.116553057068398,fund_small_mcap,3,trend_break;trailing_stop;di_bear,True,False,False,False,True,False,True,False,False,3415.T,,335.0,12.298091,2.3505802,27.24,142.518,14277152768.0,,1750057200.0,1750057200.0,True,,,False,1750057200.0,2025-06-16,-257.0
2,False,42.465753424657535,True,False,True,False,0.3701816763642484,825.0,825.0,2679130.0,2.67913,1036.6407470703125,0.7958398339362619,-0.2909766236291693,-0.1165472760879086,14.91983820530593,1.8084652370067795,-0.061433447098976135,-0.10520607375271152,33.991747839130134,21.418936725067756,31.571226850073803,"fund_low_adv20,fund_small_mcap",2,trend_break;di_bear,True,False,False,False,False,False,True,False,False,3416.T,,825.0,15.504604,1.2911263,53.21,638.977,1430568192.0,,1754982000.0,1755500400.0,True,,,False,1754982000.0,2025-08-12,-216.0
2,False,46.89265536723163,True,False,True,False,0.49926594680717323,1095.0,1095.0,7695165.0,7.695165,1430.3680419921875,0.7655372378670502,-0.2624275927399654,-0.17747232306358995,25.825012000506966,2.358448584521184,-0.19188191881918815,-0.20247632920611802,47.46820838897098,16.822452338988203,43.830324514042175,"fund_low_adv20,fund_small_mcap",3,trend_break;trailing_stop;di_bear,True,False,False,False,True,False,True,False,False,3417.T,,1095.0,11.151848,0.4372591,98.19,2504.236,14937197568.0,,1747377000.0,1747377000.0,True,,,False,1747377000.0,2025-05-16,-278.0
5,True,55.319148936170215,True,False,True,True,0.39152476480032744,1102.0,1102.0,14593350.0,14.59335,1231.1722412109375,0.8950819090236406,-0.21888440599924475,0.005373330502841611,8.399137833212903,0.7621722171699549,-0.0018115942028985588,-0.017825311942959,12.526201960109548,19.96719647372044,10.460259673871764,"fund_low_adv20,fund_small_mcap",0,,False,False,False,False,False,False,False,False,False,3418.T,,1102.0,26.344727,1.9702743,41.83,559.313,11916228608.0,,1749794400.0,1749794400.0,True,,,False,1749794400.0,2025-06-13,-258.0
4,False,44.20289855072463,True,False,True,True,0.4951848115844143,1525.0,1525.0,4219785.0,4.219785,1654.3974609375,0.9217857473837187,-0.1387115638484948,-0.012197196529805665,21.016249813650955,1.3781147418787512,-0.029898218829516487,-0.03785488958990535,9.221808570444123,25.62822722776401,19.874387974043024,"fund_low_adv20,fund_small_mcap",1,trend_break,True,False,False,False,False,False,False,False,False,3420.T,,1525.0,10.751552,0.506535,141.84,3010.651,11223294976.0,,1747281600.0,1747281600.0,True,,,False,1747281600.0,2025-05-15,-279.0
4,True,61.81102362204724,True,False,False,True,0.4515546561990865,1732.0,1732.0,48778075.0,48.778075,1843.6029052734375,0.9394647811878529,-0.16265380017407371,0.04658157343742397,30.86330926625394,1.7819462624857934,-0.0005770340450086398,-0.009719839908519101,18.664948631447558,23.160969150357293,13.574978845336924,"fund_low_adv20,fund_small_mcap",0,,False,False,False,False,False,False,False,False,False,3421.T,,1732.0,16.068281,0.62175214,107.79,2785.676,27261014016.0,,1749794400.0,1749794400.0,True,,,False,1749794400.0,2025-06-13,-258.0
4,True,60.49382716049383,False,False,True,False,0.39607458606244117,479.0,479.0,15525550.0,15.52555,507.2148132324219,0.944373049650084,-0.2740079838500743,0.16216263978674217,14.534138406459604,3.0342668907013786,-0.04200000000000004,-0.04200000000000004,21.726617864644115,26.73006772594152,22.213421238194048,"fund_low_adv20,fund_small_mcap",1,macd_sell_like,False,False,True,False,False,False,False,False,False,3422.T,,479.0,6.166323,0.2871477,77.68,1668.131,5498877440.0,,1746774000.0,1746774000.0,True,,,False,1746774000.0,2025-05-09,-283.0
6,True,48.14814814814815,False,False,True,True,0.3909641257810948,270.0,270.0,4791220.0,4.79122,324.0,0.8333333333333334,-0.18827160493827155,0.02141348874962823,5.561419644266347,2.0597850534319804,-0.018181818181818188,-0.16666666666666663,17.411765601742733,8.50843243810426,19.536304753409773,"fund_neg_eps,fund_low_adv20,fund_small_mcap",1,cross_sma25_down,False,True,False,False,False,False,False,False,False,3423.T,,270.0,-18.763029881862405,0.7799727,-14.39,346.166,8156179456.0,,1746759600.0,1746759600.0,True,,,False,1746759600.0,2025-05-09,-283.0
2,False,60.869565217391305,False,True,False,True,0.23314456299039282,1310.0,1310.0,314090.0,0.31409,1533.6314697265625,0.8541817417411012,-0.17625804188960825,-0.02323765309479986,4.006022075227789,0.30580321184944953,-0.0038022813688213253,-0.012810851544837965,11.262269529833429,38.060579106444095,40.29659388563987,"fund_low_adv20,fund_small_mcap",1,trend_break,True,False,False,False,False,False,False,False,False,3426.T,,1310.0,13.812737,0.49302834,94.84,2657.048,5226581504.0,,1754287200.0,1754632800.0,True,,,False,1754287200.0,2025-08-04,-222.0
1,False,60.638297872340424,True,False,True,False,0.4928704027463604,1531.0,1531.0,261865185.0,261.865185,2034.0220947265625,0.7526958551577657,-0.28958490483150123,-0.15482577162911537,33.61477407599827,2.195609018680488,-0.008419689119171014,-0.14037057832678268,43.75955806128652,18.0611792777776,26.855749081013574,,2,trend_break;di_bear,True,False,False,False,False,False,True,False,False,3431.T,,1531.0,12.438054,0.9477036,123.09,1615.484,40600576000.0,,1754379000.0,1754983800.0,True,,,True,1754379000.0,2025-08-05,-221.0
5,True,39.632829373650104,False,False,True,False,0.37102517708893895,2963.0,2963.0,818527670.0,818.52767,3375.0,0.8779259259259259,-0.2041335484534289,0.19565502206529284,135.3871571206903,4.569259437080333,-0.12207407407407411,-0.12207407407407411,18.82156970785867,14.619143659537762,27.755970330934392,,2,macd_sell_like;trailing_stop;ext_dev200,False,False,True,False,True,True,False,False,False,3433.T,,2963.0,19.74149,2.6394696,150.09,1122.574,176205742080.0,1785911400.0,1785911400.0,1785911400.0,True,,,True,1785911400.0,2026-08-05,40.0
3,False,37.39130434782609,False,False,True,False,0.5530409097534773,1196.0,1196.0,7037035.0,7.037035,1366.11572265625,0.8754748812015133,-0.27417111791692184,-0.0035092493688970716,19.31464040584733,1.6149364887832216,-0.049284578696343395,-0.10857253701614611,15.626105304279227,18.745354686689044,20.611207044275762,"fund_low_adv20,fund_small_mcap",1,trend_break,True,False,False,False,False,False,False,False,False,3434.T,,1196.0,8.305555,0.2973722,144.0,4021.896,11495034880.0,,1754460000.0,1754978400.0,True,,,False,1754460000.0,2025-08-06,-220.0
5,True,60.396039603960396,True,True,False,True,0.4441926219785614,1394.0,1394.0,3258295.0,3.258295,1452.075927734375,0.960004896007753,-0.11798977746591854,0.07783400694301368,22.105611463116713,1.5857683976410841,0.0,-0.0021474588403722628,14.23010815126208,36.8639917287086,29.063806228469385,"fund_low_adv20,fund_small_mcap",0,,False,False,False,False,False,False,False,False,False,3435.T,,1394.0,6.9787235,0.5518589,199.75,2526.008,11032764416.0,,1747118400.0,1747118400.0,True,,,False,1747118400.0,2025-05-13,-281.0
4,True,51.96901226597805,False,False,False,False,0.4601987689096702,3200.0,3200.0,49075104235.0,49075.104235,4459.0,0.7176496972415339,-0.6455190489054481,0.7678679169354745,347.0680747096132,10.845877334675412,-0.28235030275846607,-0.28235030275846607,35.61368687212195,27.35224919758207,26.660304991744603,fund_neg_eps,4,cross_sma25_down;macd_sell_like;trailing_stop;ext_dev200;natr_spike,False,True,True,False,True,True,False,False,True,3436.T,,3200.0,-95.20975900029754,1.9655404,-33.61,1628.051,1119082250240.0,1778567400.0,1785997800.0,1785997800.0,True,,,False,1785997800.0,2026-08-06,41.0
1,False,27.979274611398964,False,False,True,True,0.47876842005308473,2676.0,2676.0,1825115.0,1.825115,3636.677734375,0.7358364406902548,-0.2641635593097452,-0.09575103304412402,33.9332105436394,1.268057195203266,-0.12405891980360062,-0.17023255813953486,29.097411501346713,22.312446601458937,47.09799387946476,"fund_low_adv20,fund_small_mcap",3,trend_break;trailing_stop;di_bear,True,False,False,False,True,False,True,False,False,3437.T,,2676.0,9.259195,0.53980875,289.01,4957.311,4233402624.0,,1747281600.0,1747281600.0,True,,,False,1747281600.0,2025-05-15,-279.0
2,False,28.378378378378386,False,False,False,True,0.25491795807345113,638.0,638.0,1078510.0,1.07851,780.0,0.8179487179487179,-0.24993924157697522,-0.006331888007118591,16.32338533905331,2.5585243478139983,-0.126027397260274,-0.18205128205128207,17.6622575409359,20.608761645593283,40.39275767121443,"fund_low_adv20,fund_small_mcap",3,trend_break;macd_sell_like;trailing_stop,True,False,True,False,True,False,False,False,False,3439.T,,638.0,91.27325,0.28737602,6.99,2220.088,2983538176.0,,1746599400.0,1746599400.0,True,,,False,1746599400.0,2025-05-07,-285.0
0,False,26.027397260273972,False,True,False,True,0.6220894496927097,908.0,908.0,4264800.0,4.2648,1165.0,0.7793991416309013,-0.23605150214592274,-0.08354184750948401,12.344564636356894,1.35953355025957,-0.043203371970495286,-0.08097165991902833,15.395136686698137,18.25105636977194,27.044354548685057,"fund_low_adv20,fund_small_mcap",3,trend_break;macd_sell_like;vol_distribution,True,False,True,False,False,False,False,True,False,3440.T,,908.0,14.470119,0.4603279,62.75,1972.507,5830053888.0,,1752129000.0,1752474600.0,True,,,False,1752129000.0,2025-07-10,-239.0
5,True,54.95836487509463,False,True,False,True,0.46274760089802736,2473.0,2473.0,205613050.0,205.61305,2849.0,0.868023868023868,-0.22945853843241193,0.6784365360273383,173.1495791794738,7.001600452061213,-0.131976131976132,-0.131976131976132,24.464414576160703,24.93319055402992,21.30650300997457,fund_small_mcap,3,macd_sell_like;trailing_stop;ext_dev200;vol_distribution,False,False,True,False,True,True,False,True,False,3441.T,,2473.0,9.000582,1.3694366,274.76,1805.852,10490211328.0,,1749796200.0,1749796200.0,True,,,False,1749796200.0,2025-06-13,-258.0
2,False,35.54502369668246,True,False,True,True,0.4217005124626482,1192.0,1192.0,555223925.0,555.223925,1806.7911376953125,0.6597331452048624,-0.3552104746949123,-0.17071642621866023,51.210835815554134,4.296211058351857,-0.09628506444275964,-0.30128956623681125,37.15076542783123,16.80948956265017,32.68038750948972,,3,trend_break;trailing_stop;di_bear,True,False,False,False,True,False,True,False,False,3443.T,,1192.0,7.091861,0.6302183,168.08,1891.408,61123497984.0,,1754550000.0,1754982000.0,True,,,True,1754550000.0,2025-08-07,-219.0
5,True,42.377260981912144,False,False,True,True,0.478060717114321,1010.0,1010.0,469859650.0,469.85965,1672.843017578125,0.6037625702991769,-0.3962374297008231,0.4221798038565532,123.06009308248011,12.184167631928723,-0.2892329345531316,-0.3962374297008231,29.09184219890175,24.683826030413503,20.495958243074007,fund_small_mcap,2,macd_sell_like;trailing_stop;ext_dev200,False,False,True,False,True,True,False,False,False,3444.T,,1010.0,23.022568,2.2727683,43.87,444.392,12200210432.0,,1749812340.0,1749812340.0,True,,,False,1749812340.0,2025-06-13,-258.0
4,True,47.354497354497354,False,False,True,False,0.5050260144654736,6540.0,6540.0,1825723850.0,1825.72385,7650.0,0.8549019607843137,-0.2682625151660982,0.5472494134871397,486.3191173754528,7.436072131123131,-0.14509803921568631,-0.14509803921568631,32.747035997768286,24.03867468513181,27.556121826698384,,4,macd_sell_like;trailing_stop;ext_dev200;di_bear;natr_spike,False,False,True,False,True,True,True,False,True,3445.T,,6540.0,18.69907,2.050828,349.75,3188.956,173939523584.0,,1754550000.0,1754982000.0,True,,,True,1754550000.0,2025-08-07,-219.0
4,True,44.53665283540802,False,False,True,True,0.46346424436527073,1616.0,1616.0,87188515.0,87.188515,2475.0,0.6529292929292929,-0.42408098028769314,0.025533629697321647,99.55912289483715,6.160836812799329,-0.1297792137856758,-0.27239981990094553,13.236454376071244,18.934872791905583,27.58027917156382,"fund_low_adv20,fund_small_mcap",2,macd_sell_like;trailing_stop,False,False,True,False,True,False,False,False,False,3446.T,,1616.0,105.208336,4.120872,15.36,392.15,9541696512.0,,1747027800.0,1747027800.0,True,,,False,1747027800.0,2025-05-12,-282.0
4,False,46.043165467625904,True,False,True,True,0.45480640806178174,888.0,888.0,37293320.0,37.29332,1065.890380859375,0.8331063080652339,-0.18565734752182084,-0.032345287881390794,19.92963988126867,2.2443288154581835,-0.03583061889250816,-0.1607054162653061,29.131385874592986,17.13532909498933,21.584121261333024,"fund_low_adv20,fund_small_mcap",2,trend_break;di_bear,True,False,False,False,False,False,True,False,False,3447.T,,888.0,7.0325494,0.712113,126.27,1246.993,12040286208.0,,1754547000.0,1754979000.0,True,,,False,1754547000.0,2025-08-07,-219.0
3,False,,False,False,True,False,,3500.0,3500.0,0.0,0.0,3500.0,1.0,0.0,0.0,0.0,0.0,0.0,0.0,,,,"fund_low_adv20,fund_small_mcap",0,,False,False,False,False,False,False,False,False,False,3448.T,,3500.0,333.33334,2.4193542,10.5,1446.667,0.0,,1747981800.0,1747981800.0,True,,,False,1747981800.0,2025-05-23,-273.0
4,True,58.90736342042755,False,False,True,False,0.6229248685768722,7220.0,7220.0,1357253400.0,1357.2534,7940.0,0.9093198992443325,-0.13601368691189053,1.6765423331937752,509.8049229794483,7.061010013565766,-0.09068010075566746,-0.09068010075566746,50.59231494033736,33.69754163490485,18.10050764369981,,3,macd_sell_like;trailing_stop;ext_dev200;natr_spike,False,False,True,False,True,True,False,False,True,3449.T,,7220.0,42.390793,5.0228744,170.32,1437.424,132408229888.0,,1754460000.0,1754978400.0,True,,,True,1754460000.0,2025-08-06,-220.0
3,False,,False,False,True,False,,1160.0,1160.0,0.0,0.0,1160.0,1.0,0.0,0.0,0.0,0.0,0.0,0.0,,,,"fund_low_adv20,fund_small_mcap",0,,False,False,False,False,False,False,False,False,False,3450.T,,1160.0,1.8326043,0.7380032,632.979,1571.809,436160000.0,,1743746400.0,1743746400.0,True,,,False,1743746400.0,2025-04-04,-308.0
2,False,40.0,False,False,True,False,0.5161043457347634,129400.0,129400.0,127897245.0,127.897245,146917.921875,0.8807638874043936,-0.1423782858349799,-0.07705115085531233,2007.0792868234275,1.5510659094462345,-0.03504847129008204,-0.08967617419528306,57.926156488956735,8.898814458051685,26.783131426244555,fund_low_adv20,2,trend_break;di_bear,True,False,False,False,False,False,True,False,False,3451.T,,129400.0,16.835806,1.1605366,7686.0,111500.14,48713277440.0,,1734346740.0,1734346740.0,True,,,False,1734346740.0,2024-12-16,-387.0
2,False,51.73913043478261,True,True,False,False,0.6145698374001288,1406.0,1406.0,139746235.0,139.746235,1822.6783447265625,0.7713922777806018,-0.26097766844205506,-0.08765446478057837,32.16160977392567,2.2874544647173303,-0.038961038961038974,-0.06702057067020573,21.30630474455919,22.819666463430323,25.654293661543004,"fund_low_adv20,fund_small_mcap",2,trend_break;di_bear,True,False,False,False,False,False,True,False,False,3452.T,,1406.0,5.9700227,1.2380728,235.51,1135.636,26483048448.0,,1754978400.0,1755496800.0,True,,,False,1754978400.0,2025-08-12,-216.0
6,True,62.5,False,True,False,True,0.3545377561452531,1200.0,1200.0,27842930.0,27.84293,1248.0,0.9615384615384616,-0.16137700971075286,0.025866278374443663,19.78684557334898,1.648903797779082,-0.004149377593360981,-0.03147699757869249,31.48645106844611,22.88182010186378,9.221322379839789,"fund_low_adv20,fund_small_mcap",0,,False,False,False,False,False,False,False,False,False,3454.T,,1200.0,9.622324,0.6440716,124.71,1863.147,16829148160.0,,1751875200.0,1752220800.0,True,,,False,1751875200.0,2025-07-07,-242.0
3,False,40.84507042253521,True,False,True,False,0.584126889738284,108100.0,108100.0,124365655.0,124.365655,131300.0,0.8233054074638233,-0.19192688499619193,-0.07345204556236085,1624.2076359951368,1.502504751151838,-0.0322291853178156,-0.13933121019108285,22.108811376101055,16.831822893333207,23.319846536328786,fund_low_adv20,2,trend_break;di_bear,True,False,False,False,False,False,True,False,False,3455.T,,108100.0,18.744972,1.018733,5766.88,106112.195,38861950976.0,,1742279400.0,1742279400.0,True,,,False,1742279400.0,2025-03-18,-321.0
3,False,46.666666666666664,True,False,True,False,0.35635134005942615,1040.0,1040.0,124088855.0,124.088855,1217.993408203125,0.8538634059886135,-0.25409423825321253,-0.030781991183843838,22.844437232097725,2.1965805030863197,-0.03970452446906736,-0.07883082373782113,20.578708138942954,24.266515897054365,24.742168550788346,"fund_low_adv20,fund_small_mcap",2,trend_break;di_bear,True,False,False,False,False,False,True,False,False,3457.T,,1040.0,15.889993,1.0818536,65.45,961.313,20767350784.0,,1754978400.0,1755496800.0,True,,,False,1754978400.0,2025-08-12,-216.0
2,False,26.717557251908403,False,False,True,True,0.6428206350524218,95400.0,95400.0,105273935.0,105.273935,118108.1015625,0.8077345985407833,-0.2032722670577808,-0.1317308509368189,1390.0114936978816,1.4570351086979891,-0.06562193927522042,-0.15947136563876652,44.961442934546135,9.939328589271714,33.73100349718637,fund_low_adv20,2,trend_break;di_bear,True,False,False,False,False,False,True,False,False,3459.T,,95400.0,36.843933,1.0067527,2589.3,94760.11,81350057984.0,,1741933800.0,1741933800.0,True,,,False,1741933800.0,2025-03-14,-323.0
6,True,34.883720930232556,False,False,True,True,0.48462139534722726,551.0,551.0,2243525.0,2.243525,615.0,0.8959349593495934,-0.1764246318241307,0.015149080291868788,8.203052867706164,1.4887573262624618,-0.029929577464788748,-0.10406504065040656,46.483227888777336,25.34008911103455,15.069726300092759,"fund_low_adv20,fund_small_mcap",1,macd_sell_like,False,False,True,False,False,False,False,False,False,3461.T,,551.0,24.391323,1.6783532,22.59,328.298,3727592704.0,,1754546400.0,1754978400.0,True,,,False,1754546400.0,2025-08-07,-219.0
3,False,33.81294964028777,True,False,True,True,0.5244012127389549,150300.0,150300.0,1437593835.0,1437.593835,171994.296875,0.8738661846981663,-0.13892493710047615,-0.07028291515028495,2150.5802032509787,1.4308584186633257,-0.03900255754475701,-0.0940325497287523,31.75249852618019,15.516749213668351,29.603027192986676,,2,trend_break;di_bear,True,False,False,False,False,False,True,False,False,3462.T,,150300.0,23.710814,1.1638293,6338.88,129142.65,698348535808.0,1776407400.0,1776407400.0,1776407400.0,True,,,True,1776407400.0,2026-04-17,-38.0
4,False,52.985074626865675,True,False,True,True,0.4517186839075225,112900.0,112900.0,164183295.0,164.183295,137322.015625,0.8221551328543573,-0.2259070804037362,-0.07468579257427876,1786.9638554188255,1.5827846372177372,-0.00790861159929701,-0.0591666666666667,18.752729243802428,18.06073876229672,18.64439634660036,"fund_low_adv20,fund_small_mcap",1,trend_break,True,False,False,False,False,False,False,False,False,3463.T,,112900.0,13.525007,0.90503865,8347.5,124746.055,,,,,True,,,False,,,
4,True,87.34177215189874,True,False,False,False,0.29586227075045635,3875.0,3875.0,623024650.0,623.02465,4052.665771484375,0.9561607639261845,-0.25392984061959123,0.2570632652969844,153.12516561932543,3.951617177272914,0.0,0.0,19.975682095897827,38.92315526430296,13.215467608463873,,1,rsi_reversal;ext_dev200,False,False,False,True,False,True,False,False,False,3465.T,,3875.0,7.828599,1.7592852,494.98,2202.599,120301158400.0,,1754546400.0,1754978400.0,True,,,True,1754546400.0,2025-08-07,-219.0
4,False,43.97163120567375,True,False,True,True,0.45784798234682933,145200.0,145200.0,640082320.0,640.08232,163000.0,0.8907975460122699,-0.12944785276073623,-0.040897276267161664,2048.9555373776607,1.411126403152659,-0.028112449799196804,-0.0850661625708885,34.86733462439523,14.10683611662355,26.253651963836678,,2,trend_break;di_bear,True,False,False,False,False,False,True,False,False,3466.T,,145200.0,20.468464,1.4746697,7093.84,98462.73,252184084480.0,1776839400.0,1776839400.0,1776839400.0,True,,,True,1776839400.0,2026-04-22,-35.0
5,True,40.458015267175576,False,False,True,True,0.45127703359178306,2445.0,2445.0,23956615.0,23.956615,2763.147216796875,0.8848605623099297,-0.18788257594131608,0.03759395551623834,70.56412674990146,2.886058353779201,-0.06857142857142862,-0.11513943769007029,15.577979638717581,22.9138470169691,22.865372328114955,"fund_low_adv20,fund_small_mcap",2,cross_sma25_down;macd_sell_like,False,True,True,False,False,False,False,False,False,3467.T,,2445.0,7.287413,1.6344589,335.51,1495.908,14067788800.0,,1754287200.0,1754632800.0,True,,,False,1754287200.0,2025-08-04,-222.0
3,False,42.37288135593221,True,False,True,False,0.519279820194201,54200.0,54200.0,366960150.0,366.96015,61964.83984375,0.8746895842330948,-0.14306241839894207,-0.07497383347031639,777.167943412096,1.4338891944872618,-0.026929982046678624,-0.08291032148900168,39.981663083348224,13.940632319894172,22.85379857910672,,2,trend_break;di_bear,True,False,False,False,False,False,True,False,False,3468.T,,54200.0,15.200467,0.5354987,3565.68,101214.07,145635393536.0,1773815400.0,1773815400.0,1773815400.0,True,,,True,1773815400.0,2026-03-18,-60.0
6,True,58.92857142857143,False,False,True,True,0.46209687607717714,1016.0,1016.0,5973485.0,5.973485,1167.3436279296875,0.8703521188545834,-0.3837982138950411,0.07979424393147139,6.9441041112551085,0.6834748140999123,-0.013592233009708687,-0.013592233009708687,40.07273701049136,24.841842376692412,13.425488382266328,"fund_low_adv20,fund_small_mcap",0,,False,False,False,False,False,False,False,False,False,3469.T,,1016.0,53.2774,1.7198913,19.07,590.735,4447766528.0,,1747292400.0,1747292400.0,True,,,False,1747292400.0,2025-05-15,-279.0
4,False,39.230769230769226,False,False,True,False,0.3577056991121269,107300.0,107300.0,87011495.0,87.011495,113200.0,0.9478798586572438,-0.1428800991299315,-0.0157773702399735,1304.575909821757,1.2158209783986553,-0.0324616771866546,-0.05212014134275622,32.52845043117054,11.876410451186928,25.94686604386599,fund_low_adv20,2,trend_break;di_bear,True,False,False,False,False,False,True,False,False,3470.T,,107300.0,17.219576,1.1000177,6231.28,97543.88,30204305408.0,,1755497400.0,1755843000.0,True,,,False,1755497400.0,2025-08-18,-212.0
4,False,37.39837398373984,True,False,True,True,0.5386523801395572,104800.0,104800.0,928710455.0,928.710455,121922.5625,0.8595619863222609,-0.1535610974383843,-0.0671093084544846,1568.174811035328,1.4963500105298932,-0.04466727438468554,-0.1273938384679434,53.43048164645906,6.203616641116208,29.172823994455232,,2,trend_break;di_bear,True,False,False,False,False,False,True,False,False,3471.T,,104800.0,29.012468,0.28242308,3612.24,371074.5,337424449536.0,1773729000.0,1773729000.0,1773729000.0,True,,,True,1773729000.0,2026-03-17,-61.0
0,False,33.19754785591344,False,False,True,True,0.5308470986945466,63400.0,63400.0,232105900.0,232.1059,79606.6328125,0.7964160492672515,-0.21112101113590864,-0.1278005425450992,1084.7171749159982,1.7109103705299655,-0.05408374561948992,-0.10461906976461932,56.16456496203453,4.696843736899097,35.751487660942075,fund_small_mcap,2,trend_break;di_bear,True,False,False,False,False,False,True,False,False,3472.T,,63400.0,14.176499,0.70708936,4472.19,89663.35,27408263168.0,,1737529200.0,1737529200.0,True,,,False,1737529200.0,2025-01-22,-360.0
0,False,9.523809523809518,False,False,True,True,0.5877739271284974,531.0,531.0,1245930.0,1.24593,673.87158203125,0.7879839633530881,-0.2767052362643446,-0.10842207878490429,2.7124017062793495,0.5108101141769019,-0.031021897810219023,-0.043243243243243246,29.48515319887428,12.647798958842948,29.27845181212255,"fund_neg_eps,fund_low_adv20,fund_small_mcap",2,trend_break;di_bear,True,False,False,False,False,False,True,False,False,3474.T,,531.0,-13.767176562094892,3.1594167,-38.57,168.069,3472208896.0,,1754978400.0,1755496800.0,True,,,False,1754978400.0,2025-08-12,-216.0
2,False,57.065217391304344,True,False,True,True,0.5807204384795406,1418.0,1418.0,116339695.0,116.339695,1818.0,0.7799779977997799,-0.2967879480341913,-0.0004556242082199846,36.56904666956317,2.578917254553115,-0.020041465100207323,-0.22002200220022006,25.394146543515614,26.329774907442665,27.16473568244458,fund_low_adv20,2,trend_break;di_bear,True,False,False,False,False,False,True,False,False,3475.T,,1418.0,26.579195,3.3327615,53.35,425.473,40632958976.0,,1749794400.0,1749794400.0,True,,,False,1749794400.0,2025-06-13,-258.0
3,False,36.0655737704918,False,False,True,False,0.5815112036962026,43100.0,43100.0,255540257.5,255.5402575,50106.66015625,0.8601650931353079,-0.15380510559310778,-0.08554479400305626,680.0028762182869,1.5777328914577424,-0.04222222222222227,-0.11755971863578452,52.07480023642202,11.251835037007108,27.92073138246694,,2,trend_break;di_bear,True,False,False,False,False,False,True,False,False,3476.T,,43100.0,16.297115,0.949801,2644.64,45377.926,82210660352.0,,1734330600.0,1734330600.0,True,,,True,1734330600.0,2024-12-16,-387.0
2,False,7.407407407407419,False,True,False,True,0.5491287680352549,763.0,763.0,1452500.0,1.4525,924.0534057617188,0.8257098510134718,-0.17429014898652817,-0.08052698988294216,11.632932497274217,1.5246307335877085,-0.056860321384425205,-0.12610059769276705,16.870030682672613,22.776247905164173,32.46289624048868,"fund_low_adv20,fund_small_mcap",3,trend_break;macd_sell_like;vol_distribution,True,False,True,False,False,False,False,True,False,3477.T,,763.0,5.6053486,0.7001863,136.12,1089.71,3051410944.0,,1747288800.0,1747288800.0,True,,,False,1747288800.0,2025-05-15,-279.0
2,False,37.59398496240601,True,False,True,True,0.5111090894352807,1549.0,1549.0,268636350.0,268.63635,2402.0,0.644879267277269,-0.38676103247293925,-0.17807710369016316,52.930013142520615,3.4170441021640166,-0.08234597156398105,-0.21569620253164556,34.24602881485783,14.240987046038125,26.015816387123376,,3,trend_break;trailing_stop;di_bear,True,False,False,False,True,False,True,False,False,3479.T,,1549.0,4.8732147,1.1737286,317.86,1319.726,58961645568.0,1784097000.0,1784097000.0,1784097000.0,True,,,True,1784097000.0,2026-07-15,25.0
4,True,68.85245901639345,False,False,False,False,0.5622131011396365,6860.0,6860.0,542919650.0,542.91965,6910.0,0.9927641099855282,-0.2074113137511827,0.6655432574660505,247.68281863556933,3.6105367148042173,-0.00723589001447178,-0.00723589001447178,55.00339063549561,32.64961630747373,8.455268724835223,,1,macd_sell_like;ext_dev200,False,False,True,False,False,True,False,False,False,3480.T,,6860.0,28.207237,3.6297793,243.2,1889.922,144536240128.0,,1749794400.0,1749794400.0,True,,,True,1749794400.0,2025-06-13,-258.0
4,False,43.065693430656935,True,False,True,True,0.49738493361984304,119200.0,119200.0,503373660.0,503.37366,134477.796875,0.886391677808337,-0.13071151731715935,-0.042953030247835255,1725.998362471109,1.4479852034153597,-0.022950819672131195,-0.08868501529051986,32.5324582565325,15.927635708828392,25.65957308576971,,2,trend_break;di_bear,True,False,False,False,False,False,True,False,False,3481.T,,119200.0,23.200861,0.44646713,5137.74,266984.94,177013309440.0,1776321000.0,1776321000.0,1776321000.0,True,,,True,1776321000.0,2026-04-16,-39.0
3,False,38.93442622950819,True,False,True,True,0.41393565432321244,2816.0,2816.0,357944675.0,357.944675,3790.0,0.7430079155672823,-0.28839050131926125,-0.06807122238302776,74.30806756197312,2.6387808083087045,-0.052170986199932656,-0.15814648729446934,36.2021720121469,18.606301040305706,30.79567503265843,,2,trend_break;di_bear,True,False,False,False,False,False,True,False,False,3482.T,,2816.0,5.982325,1.3421296,470.72,2098.158,47514087424.0,,1754546400.0,1754978400.0,True,,,True,1754546400.0,2025-08-07,-219.0
3,False,,False,False,True,False,,1500.0,1500.0,0.0,0.0,1500.0,1.0,0.0,0.0,0.0,0.0,0.0,0.0,,,,"fund_low_adv20,fund_small_mcap",0,,False,False,False,False,False,False,False,False,False,3483.T,,1500.0,4.3181868,1.5975342,347.368,938.947,,,1743060600.0,1743060600.0,True,,,False,1743060600.0,2025-03-27,-314.0
4,False,40.54054054054053,True,False,False,True,0.6284242992525126,1075.0,1075.0,9176650.0,9.17665,1319.6829833984375,0.8145895745595417,-0.2172362506790636,-0.0444447842699891,24.10604595161525,2.2424228792200234,-0.03240324032403241,-0.14247083963637974,34.94295466233977,15.060535426945023,25.208912868824456,"fund_low_adv20,fund_small_mcap",2,trend_break;di_bear,True,False,False,False,False,False,True,False,False,3484.T,,1075.0,13.296227,3.6559403,80.85,294.042,18071330816.0,,1754461800.0,1754980200.0,True,,,False,1754461800.0,2025-08-06,-220.0
2,False,40.206185567010316,True,False,True,True,0.6160747860789422,1739.0,1739.0,157060810.0,157.06081,2863.217041015625,0.6073587768893521,-0.4101040976618081,-0.21507798536188494,48.695208926456935,2.8001845271108072,-0.04660087719298245,-0.24061135371179043,36.843997467988835,16.599695634831573,26.47982642863474,"fund_low_adv20,fund_small_mcap",2,trend_break;di_bear,True,False,False,False,False,False,True,False,False,3486.T,,1739.0,6.049958,1.8556875,287.44,937.119,27778605056.0,,1754546400.0,1754892000.0,True,,,False,1754546400.0,2025-08-07,-219.0
1,False,29.192546583850927,False,False,False,False,0.6186635741975754,141400.0,141400.0,266331020.0,266.33102,174300.0,0.8112449799196787,-0.20195065978198512,-0.10575876135153495,1987.48069115721,1.4055733317943493,-0.06481481481481477,-0.1553166069295101,54.772072507179125,9.128697314041792,36.151212830573144,,2,trend_break;di_bear,True,False,False,False,False,False,True,False,False,3487.T,,141400.0,19.662182,1.1556312,7191.47,122357.375,86733201408.0,1787034600.0,1787034600.0,1787034600.0,True,,,True,1787034600.0,2026-08-18,49.0
1,False,30.681818181818187,False,False,True,True,0.5469369526791628,104600.0,104600.0,141561580.0,141.56158,117559.7734375,0.889760135984015,-0.1195968061726046,-0.07288461785555111,975.8697140025453,0.9329538374785328,-0.031481481481481444,-0.08165057067603165,48.22280908634801,12.745413861195527,27.25626470713421,"fund_low_adv20,fund_small_mcap",2,trend_break;di_bear,True,False,False,False,False,False,True,False,False,3488.T,,104600.0,13.995933,1.0024728,7473.6,104341.984,26113390592.0,,1744957800.0,1744957800.0,True,,,False,1744957800.0,2025-04-18,-298.0
2,False,35.08771929824562,True,False,True,False,0.5299500587735886,697.0,697.0,77556625.0,77.556625,911.9359130859375,0.7643080944596128,-0.2521404298113975,-0.12155581982813746,19.571609294433483,2.8079783779675007,-0.0768211920529801,-0.1736511338442044,22.149636896804495,20.37996986618599,24.499278116184385,"fund_low_adv20,fund_small_mcap",2,trend_break;di_bear,True,False,False,False,False,False,True,False,False,3489.T,,697.0,5.7622356,1.667939,120.96,417.881,20660688896.0,,1747290600.0,1747290600.0,True,,,False,1747290600.0,2025-05-15,-279.0
4,False,49.12891986062718,False,False,True,True,0.519811877749173,2823.0,2823.0,3146970.0,3.14697,3133.35009765625,0.9009526264274164,-0.12840891860670423,-0.0166216104043313,32.105813973713666,1.1372941542229424,-0.020471894517696043,-0.05900000000000005,17.538335854908574,26.487012566459562,24.294360486920556,"fund_low_adv20,fund_small_mcap",1,trend_break,True,False,False,False,False,False,False,False,False,3490.T,,2823.0,13.053732,1.067822,216.26,2643.699,4256338688.0,,1744266600.0,1744266600.0,True,,,False,1744266600.0,2025-04-10,-304.0
1,False,44.75524475524475,False,False,True,True,0.447994012113371,1458.0,1458.0,288166535.0,288.166535,2514.849365234375,0.5797563942220927,-0.4934090217839876,-0.19900794160922242,53.38331628853368,3.6614071528486747,-0.07954545454545459,-0.1158277744087326,10.919473968635682,18.862000777235252,26.922581564129054,,2,trend_break;macd_sell_like,True,False,True,False,False,False,False,False,False,3491.T,,1458.0,14.986124,1.9883645,97.29,733.266,59854491648.0,,1749708000.0,1749708000.0,True,,,True,1749708000.0,2025-06-12,-259.0
2,False,32.467532467532465,True,False,True,True,0.46582409791804297,81900.0,81900.0,679819145.0,679.819145,93591.5,0.8750794676867023,-0.1323998440029276,-0.08656752174945426,1000.9034253330582,1.2221043044359685,-0.04988399071925753,-0.09602649006622521,39.681963988657316,14.615011654814097,26.943341483490848,,2,trend_break;di_bear,True,False,False,False,False,False,True,False,False,3492.T,,81900.0,27.98737,0.8136519,2926.32,100657.3,74596155392.0,,1745218800.0,1745218800.0,True,,,True,1745218800.0,2025-04-21,-297.0
0,False,29.268292682926827,False,False,True,True,0.5308710835509645,325.0,325.0,2886460.0,2.88646,547.1885375976562,0.5939451901292753,-0.41153738085653346,-0.1675650195553865,6.382972676717363,1.9639915928361114,-0.0714285714285714,-0.1095890410958904,47.28123447728315,11.101679893500267,30.092950845376482,"fund_low_adv20,fund_small_mcap",2,trend_break;di_bear,True,False,False,False,False,False,True,False,False,3494.T,,325.0,5.5574555,0.5352349,58.48,607.21,2547181056.0,,1754980200.0,1755498600.0,True,,,False,1754980200.0,2025-08-12,-216.0
4,True,59.163346613545826,False,False,True,False,0.38871528524687654,2492.0,2492.0,5086435.0,5.086435,2785.83056640625,0.8945267634186043,-0.17863399481997788,0.03510416298256591,49.12857211570931,1.9714515295228454,-0.05211106884747052,-0.05211106884747052,32.832700249936174,36.045824372154655,13.408080827960159,"fund_low_adv20,fund_small_mcap",0,,False,False,False,False,False,False,False,False,False,3495.T,,2492.0,7.824176,1.0095576,318.5,2468.408,6931784704.0,,1754542800.0,1754974800.0,True,,,False,1754542800.0,2025-08-07,-219.0
2,False,60.588235294117645,True,False,True,True,0.3681099657984463,4405.0,4405.0,430100050.0,430.10005,5344.03564453125,0.8242834241773443,-0.2580513559901997,-0.052056855466153795,142.86525431825336,3.2432520844098383,0.0,-0.05674518201284795,18.416452941774317,29.314543675202586,20.195482942526503,,1,trend_break,True,False,False,False,False,False,False,False,False,3496.T,,4405.0,26.106798,7.2068267,168.73,611.226,54337167360.0,,1753772400.0,1754290800.0,True,,,True,1753772400.0,2025-07-29,-226.0
1,False,44.37869822485207,False,False,True,True,0.45419455861622077,5680.0,5680.0,2117231000.0,2117.231,10060.0,0.5646123260437376,-0.44831013916500995,-0.26015954682167175,223.179202863059,3.9292113180116024,-0.06885245901639347,-0.19088319088319083,25.380628927312593,13.520195141243963,25.022341233794478,fund_small_mcap,2,trend_break;di_bear,True,False,False,False,False,False,True,False,False,3498.T,,5680.0,9.363358,1.8562934,606.62,3059.861,,1783060200.0,1783060200.0,1783060200.0,True,,,False,1783060200.0,2026-07-03,17.0
1,False,12.025343529616535,False,False,True,False,0.46129500376288735,1065.0,1065.0,78892285.0,78.892285,1418.1368408203125,0.7509853558165497,-0.2511300958899758,-0.13445049962747857,24.929270181141575,2.340776542830195,-0.15704529907593134,-0.23029350106671354,44.146759933657144,9.795070241499008,48.58957446864324,"fund_low_adv20,fund_small_mcap",3,trend_break;trailing_stop;di_bear,True,False,False,False,True,False,True,False,False,3501.T,,1065.0,20.547945,0.42701766,51.83,2494.042,14128735232.0,,1752127200.0,1752472800.0,True,,,False,1752127200.0,2025-07-10,-239.0
4,True,47.09976798143852,False,False,True,False,0.4400868905109855,802.0,802.0,35815615.0,35.815615,1055.879638671875,0.7595562700771327,-0.2764326803753997,0.05399464439712487,44.037615759981676,5.49097453366355,-0.13015184381778744,-0.22820450680327053,13.204134763206534,22.04339086021893,24.08535501456468,"fund_low_adv20,fund_small_mcap",2,macd_sell_like;trailing_stop,False,False,True,False,True,False,False,False,False,3512.T,,802.0,25.235996,0.6203023,31.78,1292.918,13434501120.0,,1753765200.0,1754283600.0,True,,,False,1753765200.0,2025-07-29,-226.0
5,True,66.13953488372093,True,False,True,False,0.5873134496201676,3180.0,3180.0,23281975.0,23.281975,4133.6826171875,0.7692898305200866,-0.3335240619236356,0.1473373253746335,130.87728633781674,4.11563793515147,-0.01851851851851849,-0.20607778429697676,32.314845080823765,21.860711764549066,15.963430729270803,"fund_low_adv20,fund_small_mcap",0,,False,False,False,False,False,False,False,False,False,3513.T,,3180.0,11.542649,0.55612886,275.5,5718.099,13379668992.0,,1753768800.0,1754287200.0,True,,,False,1753768800.0,2025-07-29,-226.0
1,False,26.66666666666667,False,False,False,True,0.5473887051889442,145.0,145.0,4978230.0,4.97823,179.62208557128906,0.8072503976269214,-0.19831684649464354,-0.0903619827743819,2.6065076444175426,1.79759147890865,-0.05228758169934644,-0.14662099372416126,51.55190025770051,8.156214137322598,27.316213145304797,"fund_low_adv20,fund_small_mcap",2,trend_break;di_bear,True,False,False,False,False,False,True,False,False,3521.T,,145.0,24.166666,0.7722748,6.0,187.757,3835109632.0,,1754550000.0,1754895600.0,True,,,False,1754550000.0,2025-08-07,-219.0
3,False,55.81395348837209,False,False,True,True,0.5093833054965097,1436.0,1436.0,8023315.0,8.023315,1583.9630126953125,0.90658682588583,-0.140791539937007,-0.03570201070590506,14.14143343199053,0.9847794869074186,-0.00485100485100487,-0.06898761716884583,42.43142840013529,15.127325918204457,27.48995708193443,"fund_low_adv20,fund_small_mcap",2,trend_break;di_bear,True,False,False,False,False,False,True,False,False,3524.T,,1436.0,7.8328695,0.496637,183.33,2891.448,3723783424.0,,1757574000.0,1757919600.0,True,,,False,1757574000.0,2025-09-11,-194.0
0,False,30.943396226415103,False,False,False,True,0.3775460532524835,940.0,940.0,63671685.0,63.671685,1269.0,0.7407407407407407,-0.28053585500394007,-0.15615980896894388,36.94564644177446,3.9303879193377087,-0.11737089201877937,-0.1761612620508326,19.406146722138182,13.05552200286513,29.780206292700868,"fund_neg_eps,fund_low_adv20,fund_small_mcap",3,trend_break;macd_sell_like;trailing_stop,True,False,True,False,True,False,False,False,False,3529.T,,940.0,-13.23943661971831,0.47026452,-71.0,1998.875,15053165568.0,,1753680600.0,1754026200.0,True,,,False,1753680600.0,2025-07-28,-227.0
3,False,39.99999999999999,False,False,True,True,0.27054789937776835,130.0,130.0,2428525.0,2.428525,153.0,0.8496732026143791,-0.18300653594771243,-0.0008670899567007062,2.0514959377466546,1.5780737982666573,-0.015151515151515138,-0.02985074626865669,18.778296908099474,12.769639315875885,16.69720631363174,"fund_low_adv20,fund_small_mcap",1,trend_break,True,False,False,False,False,False,False,False,False,3536.T,,130.0,13.065327,1.8067349,9.95,71.953,3942282752.0,,1752121800.0,1752467400.0,True,,,False,1752121800.0,2025-07-10,-239.0
7,True,41.66666666666667,False,False,True,False,0.48825610084675447,1610.0,1610.0,2724110.0,2.72411,1715.260986328125,0.9386326703824482,-0.193100255831949,0.03044427408478101,14.46022453610366,0.8981505923045752,-0.024242424242424288,-0.024242424242424288,24.441216114319626,24.015853114713405,17.61555121568989,"fund_low_adv20,fund_small_mcap",0,,False,False,False,False,False,False,False,False,False,3537.T,,1610.0,11.285574,0.5855806,142.66,2749.408,5513240576.0,,1747031400.0,1747031400.0,True,,,False,1747031400.0,2025-05-12,-282.0
3,False,39.09090909090909,True,False,True,False,0.5468940686510707,910.0,910.0,20758290.0,20.75829,1083.0,0.840258541089566,-0.18605893618669533,-0.09763313557091624,14.388229811799983,1.5811241551428552,-0.07801418439716312,-0.14634146341463417,46.311761351130414,10.228271932914595,28.566888561994226,"fund_low_adv20,fund_small_mcap",2,trend_break;di_bear,True,False,False,False,False,False,True,False,False,3538.T,,910.0,5.5616674,0.72370756,163.62,1257.414,8274870272.0,,1754983800.0,1755502200.0,True,,,False,1754983800.0,2025-08-12,-216.0
2,False,40.764331210191074,True,False,True,True,0.6145664424169031,1269.0,1269.0,133123020.0,133.12302,1797.0,0.7061769616026711,-0.3132999443516973,-0.17100280102686327,27.175583916002324,2.1414959744682682,-0.041540785498489385,-0.20488721804511278,50.541088920827896,13.88537151268203,25.815067059221512,fund_low_adv20,2,trend_break;di_bear,True,False,False,False,False,False,True,False,False,3539.T,,1269.0,10.544246,1.3704947,120.35,925.943,64665436160.0,,1757489400.0,1757921400.0,True,,,False,1757489400.0,2025-09-10,-195.0
2,False,41.83673469387755,True,False,True,True,0.5232057274158034,1375.0,1375.0,23234995.0,23.234995,2361.2783203125,0.5823117030177228,-0.45279061923969444,-0.1883617633962602,61.235527171784796,4.4534928852207125,-0.1275380710659898,-0.3382695231052266,39.8402356072555,11.618301394176914,26.79152205948665,"fund_low_adv20,fund_small_mcap",3,trend_break;trailing_stop;di_bear,True,False,False,False,True,False,True,False,False,3542.T,,1375.0,16.378798,6.052416,83.95,227.182,14619237376.0,,1747290600.0,1747290600.0,True,,,False,1747290600.0,2025-05-15,-279.0
1,False,23.17708333333333,False,False,True,False,0.41900387290517316,2720.0,2720.0,726535635.0,726.535635,3187.09814453125,0.8534409285974626,-0.16130602862462595,-0.08106913074141586,45.39434233807888,1.6689096447823115,-0.0835579514824798,-0.14060031595576616,36.136480138868556,10.081350917620156,34.90288645547527,fund_neg_eps,3,trend_break;trailing_stop;di_bear,True,False,False,False,True,False,True,False,False,3543.T,,2720.0,,2.4827056,,1095.579,123787755520.0,1784097000.0,1784097000.0,1784097000.0,True,,,False,1784097000.0,2026-07-15,25.0
5,True,73.52941176470588,True,False,True,False,0.23679635710037789,844.0,844.0,27146095.0,27.146095,899.866943359375,0.9379164400118832,-0.12390347694089976,0.022015366719920992,14.118458331508014,1.672803119846921,0.0,-0.051685393258426915,15.458761459509839,24.982294212302076,19.28755949026541,"fund_low_adv20,fund_small_mcap",0,,False,False,False,False,False,False,False,False,False,3544.T,,844.0,21.3239,1.1459808,39.58,736.487,11630552064.0,,1750228200.0,1750660200.0,True,,,False,1750228200.0,2025-06-18,-255.0
5,True,57.14285714285714,False,False,True,True,0.36745592759656864,1456.0,1456.0,68257715.0,68.257715,1463.0,0.9952153110047847,-0.1556603773584906,0.1774813069425787,2.3182977630479615,0.15922374746208526,0.0,-0.004784688995215336,37.26910151254703,39.724726647235045,9.142299512932086,fund_low_adv20,0,,False,False,False,False,False,False,False,False,False,3546.T,,1456.0,17.194143,1.3585409,84.68,1071.738,43713675264.0,,1751954400.0,1752472800.0,True,,,False,1751954400.0,2025-07-08,-241.0
0,False,14.025974025974023,False,False,True,True,0.6591056775888957,1552.0,1552.0,133608930.0,133.60893,2821.206787109375,0.5501191926417377,-0.4583878051826191,-0.24968662264283248,45.311717058298356,2.9195693980862343,-0.1569799022270505,-0.23015873015873012,38.77813941200116,8.153501893811631,39.32518415337699,"fund_low_adv20,fund_small_mcap",3,trend_break;trailing_stop;di_bear,True,False,False,False,True,False,True,False,False,3547.T,,1552.0,19.165226,2.4012427,80.98,646.332,16797477888.0,,1752133800.0,1752479400.0,True,,,False,1752133800.0,2025-07-10,-239.0
4,False,37.77777777777778,True,False,True,True,0.34715954905429264,721.0,721.0,39020460.0,39.02046,776.0,0.9291237113402062,-0.08322976159770801,-0.02362839865824684,6.518273982525008,0.9040601917510414,-0.015027322404371546,-0.062418725617685356,20.540592742535278,19.091598562252166,21.105641333918364,"fund_low_adv20,fund_small_mcap",2,trend_break;di_bear,True,False,False,False,False,False,True,False,False,3548.T,,721.0,70.54794,1.7660921,10.22,408.246,26010888192.0,,1752472800.0,1752818400.0,True,,,False,1752472800.0,2025-07-14,-237.0
4,False,52.835051546391746,True,False,True,True,0.3323171941948838,3802.0,3802.0,1054781755.0,1054.781755,4711.6865234375,0.8069297439648381,-0.27329630632940405,-0.01882540058055815,109.32937072835874,2.875575242723796,-0.0028848675583530436,-0.025104648086573644,20.7015305971718,26.660349367356766,17.192946470256594,,1,trend_break,True,False,False,False,False,False,False,False,False,3549.T,,3802.0,20.364222,2.6023092,186.7,1461.01,361049554944.0,1782973800.0,1782973800.0,1782973800.0,True,,,True,1782973800.0,2026-07-02,16.0
6,True,46.666666666666664,False,False,True,True,0.4874673660707465,220.0,220.0,1427710.0,1.42771,234.6666717529297,0.9374999796802351,-0.17499999187209403,0.026998118963940998,3.340597765577706,1.5184535298080482,-0.017857142857142905,-0.0393013100436681,38.13326563199905,8.683734884857472,19.863071347126183,"fund_low_adv20,fund_small_mcap",1,di_bear,False,False,False,False,False,False,True,False,False,3550.T,,220.0,20.091324,1.2037975,10.95,182.755,3047484928.0,,1744354800.0,1744354800.0,True,,,False,1744354800.0,2025-04-11,-303.0
3,True,34.94809688581314,False,False,True,False,0.2837659039700524,1258.0,1258.0,60225900.0,60.2259,1406.0,0.8947368421052632,-0.15529410551605738,0.2001906455797806,46.67160646873871,3.7099846159569725,-0.10526315789473684,-0.10526315789473684,34.80824390003098,27.06093245872537,27.861105327977693,"fund_low_adv20,fund_small_mcap",3,macd_sell_like;trailing_stop;ext_dev200;di_bear,False,False,True,False,True,True,True,False,False,3551.T,,1258.0,4.158265,0.3445565,302.53,3651.07,10292077568.0,,1754553600.0,1754899200.0,True,,,False,1754553600.0,2025-08-07,-219.0
2,False,34.188034188034194,True,False,True,True,0.5766284732292264,842.0,842.0,46309730.0,46.30973,1176.3387451171875,0.7157802150911211,-0.28506988017620793,-0.09778030750807387,18.057411978396473,2.1445857456527877,-0.056053811659192876,-0.16051844466600196,43.05497175861153,12.840693888468785,30.12035314614177,"fund_low_adv20,fund_small_mcap",2,trend_break;di_bear,True,False,False,False,False,False,True,False,False,3553.T,,842.0,30.618181,0.548641,27.5,1534.701,20065452032.0,,1753684200.0,1754029800.0,True,,,False,1753684200.0,2025-07-28,-227.0
1,False,58.64197530864198,False,False,True,False,0.45165199907063347,808.0,808.0,132132565.0,132.132565,1294.0,0.624420401854714,-0.4204018547140649,-0.16873283196674926,38.51163407413501,4.7662913458087885,-0.08286038592508516,-0.21553398058252426,12.049008510402837,28.85116063786515,25.679245277463085,"fund_low_adv20,fund_small_mcap",2,trend_break;trailing_stop,True,False,False,False,True,False,False,False,False,3556.T,,808.0,16.359587,7.8480887,49.39,102.955,11840382976.0,,1754982000.0,1755500400.0,True,,,False,1754982000.0,2025-08-12,-216.0
0,False,33.783783783783775,False,False,True,True,0.6039441174086281,518.0,518.0,7462505.0,7.462505,1007.0,0.5143992055610725,-0.49950347567030784,-0.4185361254076141,12.302295241534685,2.3749604713387424,-0.07499999999999996,-0.465979381443299,71.87682690584705,5.759895958139158,43.929650219335095,"fund_neg_eps,fund_low_adv20,fund_small_mcap",2,trend_break;di_bear,True,False,False,False,False,False,True,False,False,3557.T,,518.0,-9.891159060530839,4.8595605,-52.37,106.594,2566234112.0,,1744358400.0,1744358400.0,True,,,False,1744358400.0,2025-04-11,-303.0
1,False,22.52427184466019,False,False,True,False,0.22136466459617726,1582.0,1582.0,357893815.0,357.893815,2310.0,0.6848484848484848,-0.42248412053342965,-0.011074854575389148,81.18946784044108,5.132077613175795,-0.3151515151515152,-0.3151515151515152,39.87396532768818,19.79875368743609,39.2508322705067,fund_small_mcap,3,trend_break;trailing_stop;di_bear,True,False,False,False,True,False,True,False,False,3558.T,,1582.0,10.43811,2.179733,151.56,725.777,16407138304.0,,1752127200.0,1752472800.0,True,,,False,1752127200.0,2025-07-10,-239.0
3,False,62.99212598425196,True,True,False,False,0.053518006119641935,475.0,475.0,47636575.0,47.636575,740.91015625,0.6411033726466075,-0.43582903207098533,-0.041769629863468105,16.90274343917755,3.558472302984747,0.0,-0.04809619238476959,51.775276262657,42.683863550019936,14.134054513716226,"fund_low_adv20,fund_small_mcap",1,trend_break,True,False,False,False,False,False,False,False,False,3559.T,,475.0,21.073647,1.54769,22.54,306.909,2233971456.0,,1754895600.0,1755241200.0,True,,,False,1754895600.0,2025-08-11,-217.0
5,True,46.666666666666664,False,False,False,True,0.3105305720618115,4100.0,4100.0,6160400.0,6.1604,4395.0,0.9328782707622298,-0.13282200800447563,0.16330646807449956,88.11291871303145,2.149095578366621,-0.022646007151370662,-0.06712172923777016,21.68911767390825,16.00758048905671,28.473606972365374,"fund_low_adv20,fund_small_mcap",1,di_bear,False,False,False,False,False,False,True,False,False,3560.T,,4100.0,10.263085,1.5930843,399.49,2573.624,9517297664.0,,1752129000.0,1752474600.0,True,,,False,1752129000.0,2025-07-10,-239.0
5,True,63.46153846153846,True,False,False,True,0.4283500988396128,1515.0,1515.0,61088825.0,61.088825,1554.588134765625,0.9745346475504951,-0.15777578749144305,0.04896131142044324,21.688422580650414,1.4315790482277502,0.0,-0.022401872570258052,18.925994390675484,39.29626149952108,14.085558109035878,fund_low_adv20,0,,False,False,False,False,False,False,False,False,False,3561.T,,1515.0,24.938272,3.765706,60.75,402.315,45610201088.0,,1754965800.0,1755484200.0,True,,,False,1754965800.0,2025-08-12,-216.0
0,False,33.60000000000001,False,False,True,True,0.5081928662059,1473.0,1473.0,50623370.0,50.62337,2439.356689453125,0.6038477301694772,-0.414599756495578,-0.22862839914454602,33.3838503398418,2.26638495178831,-0.07937499999999997,-0.13708260105448156,41.600000223627895,13.380488993764871,27.404633175618347,"fund_low_adv20,fund_small_mcap",2,trend_break;di_bear,True,False,False,False,False,False,True,False,False,3562.T,,1473.0,14.129497,2.200327,104.25,669.446,9668994048.0,,1752127200.0,1752472800.0,True,,,False,1752127200.0,2025-07-10,-239.0
7,True,39.49843260188088,False,False,True,False,0.3525081511968399,9863.0,9863.0,10036497515.0,10036.497515,10875.0,0.9069425287356322,-0.2711461633950131,0.14546019225488793,428.8300295293302,4.3478660603196815,-0.09305747126436781,-0.09305747126436781,21.40368695807436,22.91774233103161,21.569789332968046,,1,trailing_stop,False,False,False,False,True,False,False,False,False,3563.T,,9863.0,39.32459,9.772274,250.81,1009.284,1120547766272.0,1786084200.0,1786084200.0,1786084200.0,True,,,True,1786084200.0,2026-08-07,42.0
0,False,25.73099415204679,False,False,True,False,0.4157433613717551,407.0,407.0,157471990.0,157.47199,600.9251708984375,0.6772889865663276,-0.4197835714339401,-0.14581521187253532,19.341811669466196,4.752287879475723,-0.20196078431372544,-0.20196078431372544,28.158282612470543,19.410457716501632,39.98647925072979,"fund_low_adv20,fund_small_mcap",4,trend_break;macd_sell_like;trailing_stop;di_bear,True,False,True,False,True,False,True,False,False,3565.T,,407.0,8.472106,2.8172328,48.04,144.468,17483397120.0,,1750053600.0,1750053600.0,True,,,False,1750053600.0,2025-06-16,-257.0
5,True,53.64238410596026,False,False,False,False,0.3966067371155241,911.0,911.0,10805515.0,10.805515,975.0,0.9343589743589743,-0.20160658845392776,0.30327167960603485,45.889150528976046,5.037228378592321,-0.0656410256410257,-0.0656410256410257,36.355675138233856,31.65957214739864,12.471581336076584,"fund_low_adv20,fund_small_mcap",2,macd_sell_like;ext_dev200;natr_spike,False,False,True,False,False,True,False,False,True,3566.T,,911.0,17.78602,2.4122546,51.22,377.655,9212396544.0,,1753855200.0,1754287200.0,True,,,False,1753855200.0,2025-07-30,-225.0
5,True,66.27906976744185,False,False,True,True,0.4908917145762977,3395.0,3395.0,693835900.0,693.8359,3610.697021484375,0.9402616668745857,-0.18919355091855417,0.07720003925628927,96.62237877772557,2.8460199934528885,-0.02442528735632188,-0.02442528735632188,20.123468875415934,23.109882675496742,16.099443558238107,,0,,False,False,False,False,False,False,False,False,False,3569.T,,3395.0,12.867647,1.2379401,263.84,2742.459,199652474880.0,,,,True,,,True,,,
3,False,50.0,False,False,True,True,0.5631723435006272,696.0,696.0,2975105.0,2.975105,786.7159423828125,0.8846903469274422,-0.12039408035374999,-0.06289059689653043,7.80038074809053,1.1207443603578349,-0.008547008547008517,-0.09419264868126387,24.130612224247553,20.02517451551275,13.569040096170623,"fund_low_adv20,fund_small_mcap",1,trend_break,True,False,False,False,False,False,False,False,False,3571.T,,696.0,16.913729,0.5688636,41.15,1223.492,8481758208.0,,1754372400.0,1754977200.0,True,,,False,1754372400.0,2025-08-05,-221.0
6,True,55.17241379310345,True,False,False,False,0.5661426866844509,950.0,950.0,823375.0,0.823375,995.0,0.9547738693467337,-0.1629293607378487,0.03293819530796638,13.73900577336111,1.4462111340380117,0.0,-0.045226130653266305,9.561915636649417,28.05491373898461,18.438573840377856,"fund_low_adv20,fund_small_mcap",0,,False,False,False,False,False,False,False,False,False,3577.T,,949.0,14.8211775,0.37969753,64.03,2499.358,2995054336.0,,1754370600.0,1754889000.0,True,,,False,1754370600.0,2025-08-05,-221.0
2,False,38.144329896907216,True,False,True,True,0.5842747517234929,696.0,696.0,53123145.0,53.123145,910.7620239257812,0.7641952362044442,-0.24458861708526214,-0.13363237575182596,14.440615390310167,2.0748010618261734,-0.04395604395604391,-0.17137612977593086,38.52438445722878,12.551756994307626,23.127606398118672,"fund_low_adv20,fund_small_mcap",2,trend_break;di_bear,True,False,False,False,False,False,True,False,False,3580.T,,696.0,18.059158,0.6676342,38.54,1042.487,26403411968.0,,1753768800.0,1754287200.0,True,,,False,1753768800.0,2025-07-29,-226.0
2,False,61.72248803827751,False,False,True,False,0.3156990260496529,1174.0,1174.0,3192085.0,3.192085,1352.0,0.8683431952662722,-0.21031322699638832,-0.08204174496402117,22.281139854264374,1.8978824407380217,-0.054750402576489554,-0.13165680473372776,21.25911675279347,31.455140235945795,27.089730985295795,"fund_low_adv20,fund_small_mcap",1,trend_break,True,False,False,False,False,False,False,False,False,3583.T,,1174.0,5.614807,0.4433662,209.09,2647.924,3214848768.0,,1747033200.0,1747033200.0,True,,,False,1747033200.0,2025-05-12,-282.0
2,False,49.7787610619469,False,False,True,True,0.4993669926968757,4462.0,4462.0,595387485.0,595.387485,5863.2890625,0.761006314448615,-0.32813035059247087,-0.0693740390325367,141.64270021057197,3.1744217886726127,-0.03877638948729001,-0.15811320754716984,13.482661230978398,19.769235161381445,23.486982763447113,,1,trend_break,True,False,False,False,False,False,False,False,False,3591.T,,4462.0,17.09775,1.0518973,260.97,4241.859,220588244992.0,1778740200.0,1786343400.0,1786343400.0,True,,,True,1786343400.0,2026-08-10,43.0
6,True,40.38461538461539,False,False,True,True,0.32686601868391746,10180.0,10180.0,28038250.0,28.03825,10540.0,0.9658444022770398,-0.17287805727093364,0.04143222506393851,115.64521095569516,1.1360040368928797,-0.015473887814313358,-0.015473887814313358,16.792770045789418,21.209503605023244,18.536284702594596,"fund_low_adv20,fund_small_mcap",0,,False,False,False,False,False,False,False,False,False,3597.T,,10180.0,23.339523,0.7686527,436.17,13243.953,29337507840.0,,1746772800.0,1746772800.0,True,,,False,1746772800.0,2025-05-09,-283.0
2,False,36.8421052631579,False,False,True,False,0.3472409980029476,157.0,157.0,1913760.0,1.91376,186.0,0.8440860215053764,-0.15591397849462363,-0.07584542484621948,2.0900317516458524,1.3312304150610526,-0.036809815950920255,-0.08720930232558144,17.928692186576974,11.16246880876967,13.648553236873347,"fund_neg_eps,fund_low_adv20,fund_small_mcap",2,trend_break;macd_sell_like,True,False,True,False,False,False,False,False,False,3598.T,,157.0,-2.186629526462396,0.68611985,-71.8,228.823,2225771264.0,,1747290600.0,1747290600.0,True,,,False,1747290600.0,2025-05-15,-279.0
6,True,47.05882352941176,False,False,True,True,0.1865812851715683,1670.0,1670.0,659565.0,0.659565,1731.8057861328125,0.9643113641103908,-0.09400903085291701,0.03796739622501555,10.51118131944663,0.6294120550566844,-0.012418687167356612,-0.028504944735311177,16.836418918369795,33.970520402290724,37.44019752782638,"fund_neg_eps,fund_low_adv20,fund_small_mcap",0,,False,False,False,False,False,False,False,False,False,3600.T,,1670.0,-18.56380613606047,0.23375295,-89.96,7144.295,2298724864.0,,1747206000.0,1747206000.0,True,,,False,1747206000.0,2025-05-14,-280.0
5,True,48.38709677419355,False,False,True,False,0.5015784591422306,356.0,356.0,4046465.0,4.046465,389.0,0.9151670951156813,-0.213587288340515,0.03748143004320181,7.861041882398364,2.208157832134372,-0.05319148936170215,-0.08483290488431872,12.791664257889291,19.45447078893061,19.25903831469603,"fund_low_adv20,fund_small_mcap",0,,False,False,False,False,False,False,False,False,False,3607.T,,356.0,5.28739,0.69943947,67.33,508.979,3226513408.0,,1750917600.0,1751263200.0,True,,,False,1750917600.0,2025-06-26,-249.0
6,True,51.16279069767442,True,False,True,True,0.32569268932698076,1180.0,1180.0,411987985.0,411.987985,1505.0,0.7840531561461794,-0.2637873754152824,0.1005954786025709,33.60836434580331,2.8481664699833313,-0.007569386038687953,-0.21594684385382057,23.38244258961607,24.718329834325495,25.40070905299795,,1,di_bear,False,False,False,False,False,False,True,False,False,3608.T,,1180.0,19.507357,0.69217587,60.49,1704.769,67225067520.0,,1752127200.0,1752472800.0,True,,,True,1752127200.0,2025-07-10,-239.0
5,True,25.67237163814181,False,False,True,False,0.42371326617119753,2226.0,2226.0,100839050.0,100.83905,2590.549072265625,0.8592772952388815,-0.20171363586971836,0.01865134681491787,56.235797701643044,2.526316159103461,-0.09253974724826741,-0.09253974724826741,18.2229961380309,24.625155232499445,28.333171530727252,"fund_low_adv20,fund_small_mcap",2,macd_sell_like;trailing_stop,False,False,True,False,True,False,False,False,False,3611.T,,2226.0,8.066386,0.5848608,275.96,3806.034,23369523200.0,,1754460000.0,1754978400.0,True,,,False,1754460000.0,2025-08-06,-220.0
6,True,56.585365853658544,True,False,True,True,0.4568138010232455,1535.0,1535.0,415833990.0,415.83399,1675.0,0.9164179104477612,-0.14449127031908493,0.03481376337855946,28.895655819653307,1.8824531478601505,-0.0032467532467532756,-0.08358208955223878,14.856712570259708,29.386355681001742,19.240977493588982,,0,,False,False,False,False,False,False,False,False,False,3612.T,,1535.0,8.956182,1.1803625,171.39,1300.448,116968497152.0,,1751349600.0,1751868000.0,True,,,True,1751349600.0,2025-07-01,-246.0
1,False,47.16981132075472,False,False,True,True,0.4039403610681545,499.0,499.0,3312535.0,3.312535,699.7750854492188,0.713086262109015,-0.28691373789098495,-0.11055960460419967,8.763397073182288,1.7561917982329236,-0.04222648752399227,-0.11992945326278659,19.498470445368564,19.980100835883622,21.362933361449464,"fund_low_adv20,fund_small_mcap",1,trend_break,True,False,False,False,False,False,False,False,False,3622.T,,499.0,20.080482,1.7332226,24.85,287.903,3492444672.0,,1745994600.0,1745994600.0,True,,,False,1745994600.0,2025-04-30,-290.0
1,False,39.50617283950616,False,False,True,True,0.37555927975037395,984.0,984.0,29840965.0,29.840965,1253.6619873046875,0.784900563281457,-0.43622779484075136,-0.06482844450866299,28.349968380225416,2.881094347583884,-0.08208955223880599,-0.11906893464637425,27.289997234124815,11.423286073305004,21.353536381299502,"fund_low_adv20,fund_small_mcap",3,trend_break;trailing_stop;di_bear,True,False,False,False,True,False,True,False,False,3623.T,,984.0,15.157117,2.0028455,64.92,491.301,6127741952.0,,1754980200.0,1755498600.0,True,,,False,1754980200.0,2025-08-12,-216.0
2,False,47.008547008547005,False,False,True,False,0.12589249365198943,53.0,53.0,238297465.0,238.297465,188.0,0.28191489361702127,-0.7340425531914894,-0.42322341930569163,10.01008373798634,18.88695044903083,-0.48039215686274506,-0.48039215686274506,25.920523193634175,35.62037508324623,31.60600244450468,"fund_neg_eps,fund_small_mcap",4,trend_break;macd_sell_like;trailing_stop;natr_spike,True,False,True,False,True,False,False,False,True,3624.T,,53.0,-0.9636363636363636,2.4692507,-55.0,21.464,1076597888.0,,1754460000.0,1754978400.0,True,,,False,1754460000.0,2025-08-06,-220.0
0,False,16.129032258064512,False,False,False,True,0.2859753525513233,541.0,541.0,6537035.0,6.537035,961.0,0.562955254942768,-0.437044745057232,-0.1946288742668294,15.711999181499833,2.9042512350276954,-0.1439873417721519,-0.16383307573415762,16.243248873583823,10.657036329833018,31.507347471628066,"fund_low_adv20,fund_small_mcap",3,trend_break;macd_sell_like;trailing_stop,True,False,True,False,True,False,False,False,False,3625.T,,541.0,8.09759,1.293556,66.81,418.227,3849803008.0,,1746772200.0,1746772200.0,True,,,False,1746772200.0,2025-05-09,-283.0
0,False,34.54376163873371,False,False,True,False,0.6240225534493788,3245.0,3245.0,9458355805.0,9458.355805,5272.77490234375,0.6154254752194327,-0.4523318809594872,-0.24392342866538186,126.23257773891565,3.8900640289342268,-0.10085896370185643,-0.12131058759815871,13.76186536291148,17.335086853287375,32.2008772561828,,3,trend_break;macd_sell_like;trailing_stop,True,False,True,False,True,False,False,False,False,3626.T,,3245.0,15.826952,2.1991904,205.03,1475.543,680893022208.0,1778221800.0,1785393000.0,1785393000.0,True,,,True,1785393000.0,2026-07-30,36.0
0,False,19.04761904761905,False,True,False,True,0.37853176000665834,261.0,261.0,13573560.0,13.57356,330.39215087890625,0.789970340716903,-0.25543025357717186,-0.05782042590061909,9.248198812051836,3.5433711923570255,-0.1442622950819672,-0.14983713355048855,26.913562462764798,17.357535244853942,32.84869029124162,"fund_neg_eps,fund_low_adv20,fund_small_mcap",5,trend_break;macd_sell_like;trailing_stop;di_bear;vol_distribution,True,False,True,False,True,False,True,True,False,3627.T,,261.0,-52.40963855421686,0.5117858,-4.98,509.979,3150152960.0,,1752127200.0,1752472800.0,True,,,False,1752127200.0,2025-07-10,-239.0
2,False,38.05496828752643,False,False,True,False,0.24763627876767103,510.0,510.0,44033620.0,44.03362,710.0,0.7183098591549296,-0.41860465116279066,-0.048942181279079566,47.90371929474982,9.392886136225455,-0.2816901408450704,-0.2816901408450704,28.261166828504543,23.46032706611903,30.95508808253718,"fund_low_adv20,fund_small_mcap",5,trend_break;macd_sell_like;trailing_stop;di_bear;natr_spike,True,False,True,False,True,False,True,False,True,3628.T,,510.0,24.170616,13.626162,21.1,37.428,6472505344.0,,1751885940.0,1751885940.0,True,,,False,1751885940.0,2025-07-07,-242.0
3,False,40.74074074074074,False,False,True,True,0.2921665260630829,396.0,396.0,289355175.0,289.355175,525.0,0.7542857142857143,-0.370617453378668,-0.026752030672057225,10.530187518956954,2.659138262362867,-0.05714285714285716,-0.05714285714285716,23.557176186772928,24.3593003660589,23.404942208937797,,3,trend_break;cross_sma25_down;macd_sell_like,True,True,True,False,False,False,False,False,False,3632.T,,396.0,46.37002,0.7303484,8.54,542.207,68034138112.0,1778653800.0,1785911400.0,1785911400.0,True,,,True,1785911400.0,2026-08-05,40.0
1,False,34.375,False,False,True,False,0.524164188568791,1600.0,1600.0,15984105.0,15.984105,2509.957763671875,0.6374609258999335,-0.36253907410006647,-0.17773961880899047,40.55564022540195,2.534727514087622,-0.1285403050108932,-0.18657854600915103,42.13369831278679,8.695631249842064,36.07007043070805,"fund_low_adv20,fund_small_mcap",4,trend_break;macd_sell_like;trailing_stop;di_bear,True,False,True,False,True,False,True,False,False,3633.T,,1600.0,9.487103,3.3981748,168.65,470.841,8254161408.0,,1754289060.0,1754634660.0,True,,,False,1754289060.0,2025-08-04,-222.0
2,False,46.610169491525426,True,False,True,False,0.28206859461637596,574.0,574.0,24444560.0,24.44456,1004.7305908203125,0.571297425642587,-0.4605519081911461,-0.18056179973661002,44.831697569691826,7.810400273465475,-0.10591900311526481,-0.3964248159831756,10.303012129892469,22.657546405018287,22.710636446207374,"fund_neg_eps,fund_low_adv20,fund_small_mcap",2,trend_break;trailing_stop,True,False,False,False,True,False,False,False,False,3634.T,,574.0,-29.927007299270073,1.7417215,-19.18,329.559,1402175872.0,,1747035000.0,1747035000.0,True,,,False,1747035000.0,2025-05-12,-282.0
2,False,41.42857142857143,True,False,True,True,0.3880646049582694,1487.0,1487.0,1598855060.0,1598.85506,2317.684326171875,0.6415886681410499,-0.3845133412302254,-0.1634168511303632,44.2299802370882,2.9744438626152117,-0.042806565819118125,-0.1818895668472198,18.647214481677644,14.54607606585962,20.82587326412351,,1,trend_break,True,False,False,False,False,False,False,False,False,3635.T,,1487.0,11.299392,1.8228512,131.6,815.755,496787226624.0,1777271400.0,1785133800.0,1785133800.0,True,,,True,1785133800.0,2026-07-27,33.0
4,False,41.935483870967744,False,False,True,False,0.25401028086761607,4555.0,4555.0,428059175.0,428.059175,5189.74365234375,0.8776926771600574,-0.14832016837597062,-0.04975522146920097,108.54983409396714,2.383091857167226,-0.03699788583509511,-0.08165322580645162,12.882716356125558,18.54890126048541,23.30145840297861,,1,trend_break,True,False,False,False,False,False,False,False,False,3636.T,,4555.0,7.193733,0.90627074,633.19,5026.092,71783890944.0,,1753686000.0,1754031600.0,True,,,True,1753686000.0,2025-07-28,-227.0
0,False,32.60869565217391,False,False,True,False,0.45166950979985665,217.0,217.0,2892630.0,2.89263,317.0,0.6845425867507886,-0.4331683168316832,-0.17703276699029125,7.21750640058526,3.326039815937908,-0.09958506224066388,-0.14901960784313728,43.664673042607795,6.278322661636018,37.584588941564405,"fund_neg_eps,fund_low_adv20,fund_small_mcap",4,trend_break;trailing_stop;di_bear;natr_spike,True,False,False,False,True,False,True,False,True,3639.T,,217.0,-106.89655172413794,0.64379275,-2.03,337.065,1412907392.0,,1754460000.0,1754892000.0,True,,,False,1754460000.0,2025-08-06,-220.0
2,False,36.97104677060133,True,False,True,False,0.39052973769714194,2246.0,2246.0,70542310.0,70.54231,3778.60400390625,0.5943994125021111,-0.4058652354998933,-0.24474640582962948,78.00360931186579,3.4730013050697144,-0.23941754148323735,-0.358997050496906,41.01575447955912,15.18399454538436,34.55567263552689,"fund_low_adv20,fund_small_mcap",3,trend_break;trailing_stop;di_bear,True,False,False,False,True,False,True,False,False,3640.T,,2246.0,2.8317113,0.7670862,793.16,2927.963,12464547840.0,,1753770000.0,1754288400.0,True,,,False,1753770000.0,2025-07-29,-226.0
2,False,23.95833333333333,False,False,True,True,0.5755015254844703,905.0,905.0,4981360.0,4.98136,1100.6070556640625,0.8222734856573848,-0.18409429963791124,-0.06634939191217992,9.210787752460124,1.0177666024817817,-0.07179487179487176,-0.17772651434261522,56.15474015475833,15.018138452271865,38.92299263182198,"fund_low_adv20,fund_small_mcap",2,trend_break;di_bear,True,False,False,False,False,False,True,False,False,3641.T,,905.0,75.986565,0.8742601,11.91,1035.161,7828397568.0,,1747290600.0,1747290600.0,True,,,False,1747290600.0,2025-05-15,-279.0
0,False,22.68772725265343,False,False,True,False,0.3172815550496664,234.0,234.0,18363800.0,18.3638,326.50177001953125,0.7166883045871457,-0.2833116954128543,-0.21586121227620847,9.382761193114609,4.0097270056045335,-0.2116428723227829,-0.23707371957545553,47.203142553386826,8.224957882378668,42.15055101000069,"fund_low_adv20,fund_small_mcap",4,trend_break;trailing_stop;di_bear;natr_spike,True,False,False,False,True,False,True,False,True,3645.T,,234.0,56.250004,1.0900706,4.16,214.665,2163791104.0,,1744974000.0,1744974000.0,True,,,False,1744974000.0,2025-04-18,-298.0
2,False,38.23529411764706,True,False,True,True,0.5485814121153504,317.0,317.0,1735840.0,1.73584,415.434326171875,0.7630568299954338,-0.25313514953597804,-0.06834177142941744,5.525104739629301,1.7429352490944165,-0.039393939393939426,-0.2128075671433467,31.465362740286942,15.821226514522465,25.332222211572454,"fund_neg_eps,fund_low_adv20,fund_small_mcap",2,trend_break;di_bear,True,False,False,False,False,False,True,False,False,3646.T,,317.0,-4.059418619541554,1.2329258,-78.09,257.112,1499266432.0,,1747118700.0,1747118700.0,True,,,False,1747118700.0,2025-05-13,-281.0
2,False,48.88888888888889,False,False,True,False,0.33321770810791335,111.0,111.0,33954810.0,33.95481,192.0,0.578125,-0.44270833333333337,-0.18084203534924903,7.69841518948821,6.935509179719109,-0.0826446280991735,-0.31481481481481477,32.99826951283454,28.441626737941796,13.105130042136876,"fund_neg_eps,fund_low_adv20,fund_small_mcap",2,trend_break;trailing_stop,True,False,False,False,True,False,False,False,False,3647.T,,111.0,-6.253521126760563,2.7391176,-17.75,40.524,2352914432.0,,1752129000.0,1752474600.0,True,,,False,1752129000.0,2025-07-10,-239.0
2,False,40.39735099337748,True,False,True,False,0.4540246795512366,1037.0,1037.0,17558950.0,17.55895,1521.5316162109375,0.6815500834497517,-0.33225179866446697,-0.16591447784890911,28.889002982195112,2.785824781311004,-0.07410714285714282,-0.1394190871369294,25.450785806349206,13.945723482529852,23.913438885197316,"fund_low_adv20,fund_small_mcap",2,trend_break;di_bear,True,False,False,False,False,False,True,False,False,3648.T,,1037.0,8.976024,1.0817058,115.53,958.671,17299267584.0,,1753686000.0,1754031600.0,True,,,False,1753686000.0,2025-07-28,-227.0
3,False,77.02702702702703,False,False,True,True,0.3484370615729083,827.0,827.0,89567240.0,89.56724,977.8726806640625,0.8457133698002417,-0.3534496815255346,-0.025787202797083242,23.747039117878614,2.8714678498039437,-0.009580838323353325,-0.06764374295377673,21.83911940411447,26.166974261300634,16.758911905613477,"fund_low_adv20,fund_small_mcap",1,trend_break,True,False,False,False,False,False,False,False,False,3649.T,,827.0,16.513578,3.5759532,50.08,231.267,20186355712.0,,1754980200.0,1755498600.0,True,,,False,1754980200.0,2025-08-12,-216.0
5,True,36.070242050308494,False,False,True,False,0.39143932751004057,2763.0,2763.0,243022645.0,243.022645,3795.0,0.7280632411067194,-0.3740219092331768,0.1489282075805145,287.0936020452388,10.390647920566009,-0.2719367588932806,-0.2719367588932806,35.518973766692824,19.189579660575777,23.301229352768015,"fund_neg_eps,fund_small_mcap",4,macd_sell_like;trailing_stop;di_bear;natr_spike,False,False,True,False,True,False,True,False,True,3652.T,,2763.0,-26.46551724137931,2.7148013,-104.4,1017.754,8689975296.0,,1747119600.0,1747119600.0,True,,,False,1747119600.0,2025-05-13,-281.0
0,False,33.04347826086956,False,False,True,True,0.4023070187649218,619.0,619.0,15085040.0,15.08504,1321.0,0.46858440575321725,-0.5560640732265446,-0.28496343956843684,26.050618363121494,4.208500543315266,-0.11190817790530849,-0.23485784919653896,16.89922481807428,21.500680218749913,22.72297552688567,"fund_neg_eps,fund_low_adv20,fund_small_mcap",3,trend_break;macd_sell_like;trailing_stop,True,False,True,False,True,False,False,False,False,3653.T,,619.0,-41.90927555856466,1.0000775,-14.77,618.952,3195980544.0,,1749798000.0,1749798000.0,True,,,False,1749798000.0,2025-06-13,-258.0
1,False,26.760563380281695,False,False,True,False,0.38824151497192694,236.0,236.0,5125882730.0,5125.88273,434.0,0.543778801843318,-0.5725806451612903,-0.14627308408848372,27.16405993864369,11.510194889255802,-0.34078212290502796,-0.4201474201474201,12.564187612466686,25.92734574751213,27.19409385581475,"fund_neg_eps,fund_small_mcap",3,trend_break;macd_sell_like;trailing_stop,True,False,True,False,True,False,False,False,False,3656.T,,236.0,-3.2095743234054126,1.7562791,-73.53,134.375,18695680000.0,,1754287200.0,1754632800.0,True,,,False,1754287200.0,2025-08-04,-222.0
1,False,42.30769230769231,False,False,True,True,0.3281189020631688,287.0,287.0,42423770.0,42.42377,373.6012268066406,0.7681987622287397,-0.3494078567415929,-0.10396622799540733,6.388002793298267,2.225784945400093,-0.046511627906976716,-0.09748427672955973,15.735891393115793,13.709542778370032,23.068385642253357,"fund_neg_eps,fund_low_adv20,fund_small_mcap",2,trend_break;macd_sell_like,True,False,True,False,False,False,False,False,False,3657.T,,287.0,-2.9166666666666665,1.2055582,-98.4,238.064,10148390912.0,,1757313000.0,1757658600.0,True,,,False,1757313000.0,2025-09-08,-197.0
1,False,44.93554327808471,False,False,True,False,0.5781543099539355,2207.0,2207.0,7051150390.0,7051.15039,4421.0,0.49920832390861797,-0.5045238633793259,-0.31679520740348555,93.02666124774039,4.215073006241069,-0.12403254614010717,-0.2704132231404959,24.272894184711507,16.27071141754938,29.361935543365686,,3,trend_break;trailing_stop;di_bear,True,False,False,False,True,False,True,False,False,3659.T,,2207.0,19.344378,1.6456788,114.09,1341.088,1744814211072.0,1786602600.0,1786602600.0,1786602600.0,True,,,True,1786602600.0,2026-08-13,46.0
1,False,60.0,True,False,True,True,0.423516891679782,392.0,392.0,523941460.0,523.94146,661.0,0.5930408472012103,-0.44629349470499247,-0.16206192618877124,14.32340122211117,3.6539288831916252,0.0,-0.1934156378600823,28.4921540933852,16.800033428106822,23.024252801442575,,2,trend_break;di_bear,True,False,False,False,False,False,True,False,False,3660.T,,392.0,19.415552,1.7473167,20.19,224.344,39211446272.0,,1754978400.0,1755496800.0,True,,,True,1754978400.0,2025-08-12,-216.0
4,False,52.208835341365464,True,False,True,False,0.4425459934098096,675.0,675.0,834023845.0,834.023845,1250.8497314453125,0.5396331653843515,-0.5203260752139098,-0.19139556232478405,29.22591119870931,4.329764622031009,-0.05329593267882193,-0.0951742627345844,24.564254123491892,22.142254470535693,20.73112905059927,,1,trend_break,True,False,False,False,False,False,False,False,False,3661.T,,675.0,16.163794,5.0867,41.76,132.699,47032025088.0,,1754978400.0,1755496800.0,True,,,True,1754978400.0,2025-08-12,-216.0
0,False,31.034482758620683,False,False,True,True,0.45178168689910825,917.0,917.0,62613980.0,62.61398,1300.158935546875,0.7052983869347403,-0.30393125389755726,-0.15077385852877168,20.46523105830624,2.2317591121380853,-0.08116232464929862,-0.107976653696498,34.52376851716805,12.144242112018427,34.507285637762195,"fund_low_adv20,fund_small_mcap",3,trend_break;trailing_stop;di_bear,True,False,False,False,True,False,True,False,False,3662.T,,917.0,28.56698,1.9338933,32.1,474.173,17043468288.0,,1757053800.0,1757053800.0,True,,,False,1757053800.0,2025-09-05,-198.0
4,False,81.11413043478261,True,True,False,False,0.49055266971679357,1941.0,1941.0,404516085.0,404.516085,1941.0,1.0,-0.33973590277140187,0.23805872361739455,79.74163139842717,4.1082757031647175,0.0,0.0,39.03245953758322,48.986339924170636,10.555488197895462,,1,trend_break;ext_dev200,True,False,False,False,False,True,False,False,False,3663.T,,1941.0,35.169415,12.320133,55.19,157.547,57513803776.0,,1753941600.0,1754287200.0,True,,,True,1753941600.0,2025-07-31,-224.0
2,False,39.99999999999999,False,False,True,False,0.34309925750632714,22.0,22.0,240434100.0,240.4341,84.0,0.2619047619047619,-0.75,-0.4519182859990035,3.342932442200986,15.195147464549935,-0.33333333333333337,-0.44999999999999996,35.435976569043746,32.97588378814008,22.521394719058154,"fund_neg_eps,fund_small_mcap",4,trend_break;macd_sell_like;trailing_stop;natr_spike,True,False,True,False,True,False,False,False,True,3664.T,,22.0,-2.6796589524969545,1.6581248,-8.21,13.268,1862042624.0,,1754989200.0,1755507600.0,True,,,False,1754989200.0,2025-08-12,-216.0
2,False,36.95652173913044,False,False,True,True,0.47646353517327866,348.0,348.0,59812555.0,59.812555,489.4117736816406,0.7110576792669722,-0.28894232073302784,-0.09080640644690163,6.599720992309349,1.8964715495141806,-0.05945945945945941,-0.1594202898550725,36.09530150731364,14.18904526270088,29.340810587290907,"fund_low_adv20,fund_small_mcap",2,trend_break;di_bear,True,False,False,False,False,False,True,False,False,3665.T,,348.0,42.18182,1.1743861,8.25,296.325,13806064640.0,,1749794400.0,1749794400.0,True,,,False,1749794400.0,2025-06-13,-258.0
2,False,29.411764705882362,True,True,False,False,0.4998265350950021,30.0,30.0,98787195.0,98.787195,136.0,0.22058823529411764,-0.7794117647058824,-0.5875438234687564,3.4719371923628692,11.573123974542897,-0.33333333333333337,-0.48275862068965514,42.051136377012305,32.7080257233358,21.192317725208927,"fund_neg_eps,fund_low_adv20,fund_small_mcap",3,trend_break;trailing_stop;natr_spike,True,False,False,False,True,False,False,False,True,3667.T,,30.0,-0.6788866259334692,1.507765,-44.19,19.897,1367786240.0,,1754550000.0,1754982000.0,True,,,False,1754550000.0,2025-08-07,-219.0
0,False,34.375,False,False,True,True,0.2944017045348379,374.0,374.0,218062725.0,218.062725,522.8327026367188,0.7153339837272333,-0.2923166471147691,-0.16007285076961864,10.683882815964417,2.8566531593487743,-0.06265664160401008,-0.1707317073170732,13.956103548843753,20.483965239902883,27.525472186562737,,2,trend_break;macd_sell_like,True,False,True,False,False,False,False,False,False,3668.T,,374.0,141.66666,0.72269136,2.64,517.51,48084307968.0,1778135400.0,1785911400.0,1785911400.0,True,,,True,1785911400.0,2026-08-05,40.0
0,False,78.18181818181817,False,False,True,True,0.3106261186888607,1642.0,1642.0,4979950.0,4.97995,2951.95361328125,0.5562418029241427,-0.4766177920110838,-0.15505089940916594,28.53169702939259,1.7376185766986958,-0.0018237082066869803,-0.20685477242231975,27.947979283875647,20.68107100438163,23.303152715501753,"fund_low_adv20,fund_small_mcap",2,trend_break;di_bear,True,False,False,False,False,False,True,False,False,3670.T,,1642.0,6.8878727,1.0730153,238.39,1530.267,1966794112.0,,1747206000.0,1747206000.0,True,,,False,1747206000.0,2025-05-14,-280.0
1,False,39.130434782608695,False,False,True,True,0.30316269162581705,286.0,286.0,15342855.0,15.342855,403.5675048828125,0.7086794564469415,-0.3086658449346269,-0.15520932087408257,10.809632965844854,3.779591946099599,-0.0744336569579288,-0.20775623268698062,33.50690073541628,12.118919980176116,28.755292697303815,"fund_low_adv20,fund_small_mcap",2,trend_break;di_bear,True,False,False,False,False,False,True,False,False,3671.T,,286.0,11.97655,1.7860488,23.88,160.13,6878063104.0,,1754546400.0,1754978400.0,True,,,False,1754546400.0,2025-08-07,-219.0
0,False,27.272727272727266,False,False,True,True,0.30972187852511945,26.0,26.0,13859015.0,13.859015,106.0,0.24528301886792453,-0.7547169811320755,-0.5268856337003003,1.8368384828773254,7.064763395682021,-0.23529411764705888,-0.39534883720930236,15.620613375586688,14.40850130803236,23.42058502951938,"fund_neg_eps,fund_low_adv20,fund_small_mcap",3,trend_break;macd_sell_like;trailing_stop,True,False,True,False,True,False,False,False,False,3672.T,,26.0,-2.7571580063626726,1.6737479,-9.43,15.534,2250196224.0,,1754460000.0,1754892000.0,True,,,False,1754460000.0,2025-08-06,-220.0
3,True,19.256756756756744,False,False,True,False,0.4531872201802212,818.0,818.0,460767800.0,460.7678,1039.0,0.7872954764196343,-0.23934952820718736,0.04479412768428359,42.15822029059989,5.15381666144253,-0.19960861056751467,-0.21270452358036573,15.216672183766839,19.329920817210173,30.765149586770924,,1,trailing_stop,False,False,False,False,True,False,False,False,False,3673.T,,818.0,60.682495,3.0016806,13.48,272.514,74039943168.0,,1754449200.0,1754881200.0,True,,,True,1754449200.0,2025-08-06,-220.0
2,False,44.73684210526315,False,True,False,False,0.34910750925870254,320.0,320.0,2419540.0,2.41954,397.0,0.8060453400503779,-0.24893617021276593,-0.06395799511503086,5.5628808968079095,1.7384002802524716,-0.03903903903903905,-0.053254437869822535,13.056301316074475,13.019543551591672,26.613583862573382,"fund_neg_eps,fund_low_adv20,fund_small_mcap",1,trend_break,True,False,False,False,False,False,False,False,False,3674.T,,320.0,-8.337675872850442,0.83175427,-38.38,384.729,3366938880.0,,1754982000.0,1755500400.0,True,,,False,1754982000.0,2025-08-12,-216.0
1,False,43.75,False,False,True,False,0.31588101925247,560.0,560.0,21293115.0,21.293115,799.4898071289062,0.700446703643475,-0.3020548917266802,-0.12161173153292182,16.162200541702262,2.88610723958969,-0.0635451505016722,-0.13043478260869568,33.49673280406334,11.962859760893053,24.137499983387837,"fund_low_adv20,fund_small_mcap",3,trend_break;macd_sell_like;di_bear,True,False,True,False,False,False,True,False,False,3675.T,,560.0,8.213552,1.176703,68.18,475.906,10501827584.0,,1754548200.0,1754980200.0,True,,,False,1754548200.0,2025-08-07,-219.0
0,False,22.834645669291334,False,False,True,False,0.29550337535368076,694.0,694.0,83879305.0,83.879305,1006.082763671875,0.6898040847724353,-0.31019591522756473,-0.22450960565806477,19.432359314004575,2.8000517743522444,-0.10335917312661502,-0.25155156400468925,41.54090870456477,14.52811645409299,41.553412315320905,"fund_low_adv20,fund_small_mcap",4,trend_break;macd_sell_like;trailing_stop;di_bear,True,False,True,False,True,False,True,False,False,3676.T,,694.0,13.099283,1.6071548,52.98,431.819,15475369984.0,,1754463600.0,1754895600.0,True,,,False,1754463600.0,2025-08-06,-220.0
0,False,63.24786324786325,False,False,True,True,0.5068584196743301,1311.0,1311.0,96658755.0,96.658755,1913.9736328125,0.6849624140712656,-0.37825684763935463,-0.20036479383313122,34.09279946812218,2.6005186474540185,-0.010566037735849076,-0.21497005988023954,26.472969089158834,17.2493735618736,18.249445993053833,"fund_low_adv20,fund_small_mcap",2,trend_break;di_bear,True,False,False,False,False,False,True,False,False,3678.T,,1311.0,10.940499,1.0442746,119.83,1255.417,19899703296.0,,1752127200.0,1752472800.0,True,,,False,1752127200.0,2025-07-10,-239.0
2,False,48.684210526315795,True,False,True,False,0.5120315954726772,397.0,397.0,121458400.0,121.4584,540.7025756835938,0.7342299035622033,-0.2972106716533066,-0.1344522387768764,9.987299632935745,2.5156926027545956,-0.03874092009685226,-0.07888631090487241,14.128959708795783,26.162834798874968,24.617811692459824,fund_low_adv20,1,trend_break,True,False,False,False,False,False,False,False,False,3679.T,,397.0,9.531813,1.7490143,41.65,226.985,39370227712.0,,1754373600.0,1754978400.0,True,,,False,1754373600.0,2025-08-05,-221.0
2,False,51.93798449612403,False,False,True,False,0.3574057972659281,230.0,230.0,17090820.0,17.09082,367.7854309082031,0.6253646302194241,-0.45241678500133775,-0.08984632290216965,11.609650675599132,5.047674206782231,-0.10852713178294571,-0.10852713178294571,16.233784365572102,22.348223803967482,19.91331259801359,"fund_neg_eps,fund_low_adv20,fund_small_mcap",4,trend_break;macd_sell_like;trailing_stop;natr_spike,True,False,True,False,True,False,False,False,True,3680.T,,230.0,-2.017897876820495,0.8988097,-113.98,255.894,3520675584.0,,1754460000.0,1754978400.0,True,,,False,1754460000.0,2025-08-06,-220.0
1,False,43.99999999999999,False,False,True,True,0.5474922692697557,20.0,20.0,67628915.0,67.628915,180.0,0.1111111111111111,-0.9021739130434783,-0.8278088678433061,5.50146172573035,27.50730862865175,-0.3939393939393939,-0.8412698412698413,11.76451400784739,28.33163821249013,24.361087570299894,"fund_neg_eps,fund_low_adv20,fund_small_mcap",2,trend_break;trailing_stop,True,False,False,False,True,False,False,False,False,3681.T,,20.0,-0.1400070003500175,-0.42043304,-142.85,-47.57,517548544.0,,1781591400.0,1781591400.0,True,,,False,1781591400.0,2026-06-16,4.0
3,False,43.47826086956522,True,False,True,False,0.5393693492546112,579.0,579.0,2723415.0,2.723415,694.9119873046875,0.8331990389829534,-0.1797522414157453,-0.07607145562204687,9.773623559664975,1.6880178859525,-0.06612903225806455,-0.14977973568281944,52.520613398712655,12.292914110693435,41.268840720317854,"fund_low_adv20,fund_small_mcap",2,trend_break;di_bear,True,False,False,False,False,False,True,False,False,3682.T,,579.0,18.116396,1.2561424,31.96,460.935,3857626880.0,,1754546400.0,1754978400.0,True,,,False,1754546400.0,2025-08-07,-219.0
0,False,32.919254658385086,False,False,True,False,0.4901496914654426,1015.0,1015.0,45201685.0,45.201685,1740.5029296875,0.5831647753573382,-0.4536062055518929,-0.19455950113029108,29.80492693161645,2.936446003114921,-0.11042944785276076,-0.11042944785276076,21.032862890594075,22.592125584355266,27.297985918180444,"fund_low_adv20,fund_small_mcap",4,trend_break;macd_sell_like;trailing_stop;di_bear,True,False,True,False,True,False,True,False,False,3683.T,,1015.0,8.827622,1.1953566,114.98,849.119,11274138624.0,,1754980200.0,1754980200.0,True,,,False,1754980200.0,2025-08-12,-216.0
0,False,33.33333333333333,False,False,True,False,0.28934058474607904,80.0,80.0,23255940.0,23.25594,197.0,0.40609137055837563,-0.5939086294416244,-0.3370898243288035,4.368070842243148,5.460088552803934,-0.18367346938775508,-0.32773109243697474,39.23904903700579,10.31177806512785,30.649586517073967,"fund_neg_eps,fund_low_adv20,fund_small_mcap",4,trend_break;macd_sell_like;trailing_stop;di_bear,True,False,True,False,True,False,True,False,False,3686.T,,80.0,-6.9384215091066785,0.86979216,-11.53,91.976,3475875328.0,,1754546400.0,1754978400.0,True,,,False,1754546400.0,2025-08-07,-219.0
2,False,60.844173082028135,False,False,True,False,0.40706809807709177,2387.0,2387.0,14830578225.0,14830.578225,3635.0,0.6566712517193948,-0.4600090375056485,0.41455931040193095,318.05726781845544,13.324560863781123,-0.3433287482806052,-0.3433287482806052,50.94908896827987,32.16852639126167,20.570773920347353,,3,trend_break;trailing_stop;ext_dev200;natr_spike,True,False,False,False,True,True,False,False,True,3687.T,,2387.0,44.775837,8.811923,53.31,270.883,77107879936.0,,1754463600.0,1754982000.0,True,,,True,1754463600.0,2025-08-06,-220.0
2,False,44.5945945945946,False,False,True,False,0.5080583741935608,523.0,523.0,3221780.0,3.22178,701.6283569335938,0.7454088689997171,-0.27026894660065925,-0.10653222938834539,8.163976677382358,1.5609898044708141,-0.03860294117647056,-0.09827586206896555,25.332568431385102,22.805323947482794,19.265615040685866,"fund_low_adv20,fund_small_mcap",1,trend_break,True,False,False,False,False,False,False,False,False,3690.T,,523.0,98.679245,1.7260498,5.3,303.004,3264810752.0,,1754287200.0,1754632800.0,True,,,False,1754287200.0,2025-08-04,-222.0
1,False,26.873385012919897,False,False,True,False,0.30826007298536307,1219.0,1219.0,131977960.0,131.97796,2420.0,0.5037190082644628,-0.4962809917355372,-0.17963834097164744,118.31369168345199,9.705799153687613,-0.3843434343434343,-0.4962809917355372,25.077621713391736,15.944390033600401,37.86842015129891,"fund_neg_eps,fund_low_adv20,fund_small_mcap",5,trend_break;macd_sell_like;trailing_stop;di_bear;natr_spike,True,False,True,False,True,False,True,False,True,3691.T,,1219.0,-72.68932617769828,6.6086226,-16.77,184.456,5313992704.0,,1754985600.0,1755504000.0,True,,,False,1754985600.0,2025-08-12,-216.0
0,False,25.531914893617028,False,False,True,True,0.4986764334112469,4650.0,4650.0,1086852550.0,1086.85255,13033.638671875,0.35676913539379695,-0.643230864606203,-0.40360187157112526,351.731809857665,7.5641249431755915,-0.3241279069767442,-0.3896632675754125,20.241872381887696,18.213977280836545,35.896001498527994,,4,trend_break;macd_sell_like;trailing_stop;di_bear,True,False,True,False,True,False,True,False,False,3692.T,,4650.0,33.41958,9.737731,139.14,477.524,36779360256.0,,1754978400.0,1755496800.0,True,,,True,1754978400.0,2025-08-12,-216.0
1,False,57.77777777777777,False,False,True,False,0.39409803047669206,433.0,433.0,155202830.0,155.20283,645.0,0.6713178294573643,-0.42911392405063287,-0.13677956978529138,23.447331122944956,5.415088019155879,-0.10165975103734437,-0.10165975103734437,19.830576574567964,26.930433832735467,22.61670491304703,"fund_low_adv20,fund_small_mcap",3,trend_break;trailing_stop;natr_spike,True,False,False,False,True,False,False,False,True,3694.T,,433.0,21.39328,2.5557182,20.24,169.424,23597912064.0,1778826600.0,1786602600.0,1786602600.0,True,,,False,1786602600.0,2026-08-13,46.0
0,False,32.06106870229007,False,False,True,False,0.3986741340029986,1617.0,1617.0,4026895.0,4.026895,2690.331298828125,0.6010412177505221,-0.4394280793487164,-0.15699214303755038,39.928977307092566,2.469324508787419,-0.09966592427616927,-0.09966592427616927,16.964701850105815,19.714033536572906,30.625992460421138,"fund_low_adv20,fund_small_mcap",3,trend_break;macd_sell_like;trailing_stop,True,False,True,False,True,False,False,False,False,3695.T,,1617.0,38.656464,2.974039,41.83,543.705,7119851520.0,,1754289060.0,1754634660.0,True,,,False,1754289060.0,2025-08-04,-222.0
1,False,44.61778471138845,False,False,True,True,0.39786524062731365,1769.0,1769.0,341206620.0,341.20662,2635.619140625,0.6711895405269013,-0.5047645497227637,-0.08829793862148383,81.05126095348034,4.581755848133428,-0.0757575757575758,-0.1420950533462657,13.022600784425803,20.8137899123527,20.83192393489521,fund_small_mcap,1,trend_break,True,False,False,False,False,False,False,False,False,3696.T,,1769.0,8.167883,1.5450375,216.58,1144.956,20783648768.0,,1754460000.0,1754978400.0,True,,,False,1754460000.0,2025-08-06,-220.0
3,False,52.94250759692818,False,False,True,False,0.39183167860542073,675.2000122070312,675.2000122070312,6281475054.207764,6281.475054207764,1790.0,0.3772067107301851,-0.6695530726256983,-0.2796391234100183,42.775695510882066,6.335262846198837,-0.146720557787135,-0.146720557787135,11.441580036582993,24.59977559742207,22.04008149162559,,3,trend_break;macd_sell_like;trailing_stop,True,False,True,False,True,False,False,False,False,3697.T,,675.2,21.027718,4.474338,32.11,150.905,172584566784.0,1784097000.0,1784097000.0,1784097000.0,True,,,True,1784097000.0,2026-07-15,25.0
0,False,55.55555555555556,False,False,True,True,0.43279256672550487,1051.0,1051.0,17821400.0,17.8214,1552.5623779296875,0.6769454257944139,-0.41174556992987665,-0.07662654990332318,28.580762313148696,2.7193874703281344,-0.036663611365719495,-0.036663611365719495,14.327492964194192,18.413208387883806,15.081845582456216,"fund_low_adv20,fund_small_mcap",2,trend_break;macd_sell_like,True,False,True,False,False,False,False,False,False,3698.T,,1051.0,14.779919,1.3181195,71.11,797.348,5492602880.0,,1754460000.0,1754978400.0,True,,,False,1754460000.0,2025-08-06,-220.0
5,True,73.61563517915309,True,False,True,False,0.43952299395554323,1816.0,1816.0,134166190.0,134.16619,1816.0,1.0,-0.11425064966274578,0.16691157825806124,40.74042491665522,2.2434154689788115,0.0,0.0,29.54246062385072,37.18716473304862,15.868525738308964,fund_low_adv20,0,,False,False,False,False,False,False,False,False,False,3708.T,,1816.0,14.595724,0.7582669,124.42,2394.935,63284207616.0,,1754978400.0,1755496800.0,True,,,False,1754978400.0,2025-08-12,-216.0
2,False,16.216216216216225,False,True,False,True,0.33514161672455267,597.0,597.0,1654380.0,1.65438,745.0,0.8013422818791947,-0.22416107382550332,-0.004167255330141506,10.579615135539804,1.7721298384488784,-0.0417335473515249,-0.19865771812080535,17.659259416545215,19.21528214844479,31.533018182805865,"fund_low_adv20,fund_small_mcap",2,trend_break;macd_sell_like,True,False,True,False,False,False,False,False,False,3710.T,,597.0,8.568968,0.6319854,69.67,944.642,3045127424.0,,1754980200.0,1755498600.0,True,,,False,1754980200.0,2025-08-12,-216.0
0,False,22.360248447204967,False,False,True,True,0.4895889445655402,935.0,935.0,9138650.0,9.13865,1343.3189697265625,0.6960372190607289,-0.30694048027215126,-0.18480273887003273,29.746653822537027,3.1814603018756182,-0.1453382084095064,-0.16794144721648108,23.00405877323245,15.445504579477209,26.281564924473305,"fund_low_adv20,fund_small_mcap",3,trend_break;trailing_stop;di_bear,True,False,False,False,True,False,True,False,False,3712.T,,935.0,11.927542,1.9032964,78.39,491.253,14141481984.0,,1754462400.0,1754980800.0,True,,,False,1754462400.0,2025-08-06,-220.0
0,False,29.33333333333333,False,False,True,False,0.4455750175005871,193.0,193.0,401988625.0,401.988625,503.97637939453125,0.38295445558751573,-0.6309350842524459,-0.3148279197844922,15.341380710546115,7.9489019225627535,-0.14222222222222225,-0.23412698412698407,16.624670370495245,20.032722322104398,24.52954034513995,fund_small_mcap,3,trend_break;macd_sell_like;trailing_stop,True,False,True,False,True,False,False,False,False,3719.T,,193.0,29.922482,5.2390127,6.45,36.839,5769580032.0,,1754550000.0,1754982000.0,True,,,False,1754550000.0,2025-08-07,-219.0
4,True,41.142857142857146,False,False,True,True,0.36013838483955823,2288.0,2288.0,32983310.0,32.98331,2682.0,0.8530947054436987,-0.2811334824757643,0.2775715992816705,85.29307986163575,3.7278443995470165,-0.10062893081761004,-0.10062893081761004,15.072840257234342,18.176873413667476,23.945885561898077,"fund_low_adv20,fund_small_mcap",1,trailing_stop;ext_dev200,False,False,False,False,True,True,False,False,False,3723.T,,2288.0,14.903595,2.1003833,153.52,1089.325,22576099328.0,,1754542800.0,1754974800.0,True,,,False,1754542800.0,2025-08-07,-219.0
0,False,20.64516129032259,False,False,True,False,0.23149190823009133,320.0,320.0,30060710.0,30.06071,1020.0,0.3137254901960784,-0.6872549019607843,-0.34117743944494194,17.819695751011505,5.568654922191095,-0.3360995850622407,-0.3360995850622407,26.246688534901377,12.96518271266309,35.55304824087162,"fund_neg_eps,fund_low_adv20,fund_small_mcap",4,trend_break;trailing_stop;di_bear;natr_spike,True,False,False,False,True,False,True,False,True,3726.T,,320.0,-6.673618352450469,1.8152835,-47.95,176.281,4203525632.0,,1754550000.0,1754982000.0,True,,,False,1754550000.0,2025-08-07,-219.0
0,False,15.625,False,False,True,False,0.3802339013314499,128.0,128.0,17095575.0,17.095575,275.9817199707031,0.4637988342618774,-0.5362011657381226,-0.2810701076209495,6.024887789313507,4.706943585401177,-0.23353293413173648,-0.35678391959798994,38.83476471889894,10.685994889559826,35.98670899137939,"fund_neg_eps,fund_low_adv20,fund_small_mcap",4,trend_break;macd_sell_like;trailing_stop;di_bear,True,False,True,False,True,False,True,False,False,3727.T,,128.0,-20.285261489698893,1.2466156,-6.31,102.678,5581792256.0,,1754980200.0,1755498600.0,True,,,False,1754980200.0,2025-08-12,-216.0
1,False,40.7725321888412,False,False,True,False,0.3637668475062458,10440.0,10440.0,103507750.0,103.50775,14790.0,0.7058823529411765,-0.3164300202839757,-0.19728227411081467,483.7868168028379,4.633973341023352,-0.09688581314878897,-0.13719008264462806,15.699014990424878,20.53460639297146,27.290283546084375,fund_low_adv20,3,trend_break;trailing_stop;natr_spike,True,False,False,False,True,False,False,False,True,3733.T,,10440.0,9.232973,1.3178439,1130.73,7922.031,51602341888.0,,1756967400.0,1757313000.0,True,,,False,1756967400.0,2025-09-04,-199.0
4,True,39.83739837398374,False,False,True,False,0.48763149190232646,3300.0,3300.0,755037025.0,755.037025,4165.0,0.7923169267707083,-0.29439283252032045,0.09922928444011214,234.0907765901205,7.093659896670318,-0.2076830732292917,-0.2076830732292917,25.398358342001636,25.06462275491806,30.017786864123053,,3,macd_sell_like;trailing_stop;di_bear,False,False,True,False,True,False,True,False,False,3741.T,,3300.0,22.295792,3.2672167,148.01,1010.034,33691719680.0,,1754460900.0,1754979300.0,True,,,True,1754460900.0,2025-08-06,-220.0
4,False,21.15384615384616,False,False,True,False,0.3950176190642456,492.0,492.0,45008390.0,45.00839,588.0,0.8367346938775511,-0.46226415094339623,-0.005618658797849507,25.205737182570907,5.123117313530672,-0.16326530612244894,-0.16326530612244894,28.15784098260618,28.83941021074635,28.445511719678645,"fund_low_adv20,fund_small_mcap",3,trend_break;macd_sell_like;trailing_stop,True,False,True,False,True,False,False,False,False,3744.T,,492.0,13.322502,2.1336572,36.93,230.59,4265178624.0,,1754463600.0,1754982000.0,True,,,False,1754463600.0,2025-08-06,-220.0
1,False,26.24434389140272,False,False,False,False,0.33392502743009517,415.0,415.0,49429695.0,49.429695,1249.0,0.3322658126501201,-0.6717373899119295,-0.3880229454529367,27.129555629759288,6.537242320423925,-0.2427007299270073,-0.35458786936236397,27.562949461342406,11.637726901764072,34.91106401701198,"fund_low_adv20,fund_small_mcap",3,trend_break;trailing_stop;di_bear,True,False,False,False,True,False,True,False,False,3747.T,,415.0,160.85272,2.4850001,2.58,167.002,2982003200.0,,1754546400.0,1754978400.0,True,,,False,1754546400.0,2025-08-07,-219.0
3,False,40.0,True,False,True,True,0.5158373335187999,800.0,800.0,3338390.0,3.33839,949.0,0.8429926238145417,-0.3380952380952381,-0.06440955471742249,13.944854362166014,1.743106795270752,-0.025578562728379994,-0.101123595505618,14.594294108072686,14.514762804232706,17.476153202298658,"fund_neg_eps,fund_low_adv20,fund_small_mcap",1,trend_break,True,False,False,False,False,False,False,False,False,3750.T,,800.0,-18.001800180018,324.67532,-44.44,2.464,7142479360.0,,1747299600.0,1747299600.0,True,,,False,1747299600.0,2025-05-15,-279.0
0,False,20.0,False,False,True,False,0.2704547921187022,141.0,141.0,186740050.0,186.74005,256.0,0.55078125,-0.5801282051282051,-0.19458486847742262,14.110517429607087,10.007459169934105,-0.3869565217391304,-0.3869565217391304,19.90193637870889,18.921705761148583,28.234508805732606,"fund_neg_eps,fund_low_adv20,fund_small_mcap",4,trend_break;macd_sell_like;trailing_stop;natr_spike,True,False,True,False,True,False,False,False,True,3753.T,,141.0,-6.969846762234305,2.9430795,-20.23,47.909,2049530112.0,,1754546400.0,1754978400.0,True,,,False,1754546400.0,2025-08-07,-219.0
0,False,25.925925925925924,False,False,True,True,0.5541254022885772,225.0,225.0,6715595.0,6.715595,378.17376708984375,0.5949645892454146,-0.4050354107545854,-0.1948123347083741,4.05039621309287,1.800176094707942,-0.08536585365853655,-0.13461538461538458,31.586728951447558,7.432426704415243,24.182988017722344,"fund_low_adv20,fund_small_mcap",3,trend_break;trailing_stop;di_bear,True,False,False,False,True,False,True,False,False,3758.T,,225.0,13.297873,0.53531533,16.92,420.313,4557679616.0,,1754978400.0,1755496800.0,True,,,False,1754978400.0,2025-08-12,-216.0
1,False,52.252252252252255,False,False,True,True,0.2376621148253612,605.0,605.0,6186105.0,6.186105,1089.0,0.5555555555555556,-0.4545454545454546,-0.1862263770260274,13.944012318184836,2.3047954244933613,-0.04272151898734178,-0.1050295857988166,17.745667418070372,20.00924202890342,17.914656152614146,"fund_neg_eps,fund_low_adv20,fund_small_mcap",1,trend_break,True,False,False,False,False,False,False,False,False,3760.T,,605.0,-1.1195617979607322,0.5861211,-540.39,1032.21,3645671424.0,,1744353000.0,1744353000.0,True,,,False,1744353000.0,2025-04-11,-303.0
2,False,42.95302013422819,False,False,True,True,0.49382846362591565,1825.0,1825.0,646912000.0,646.912,2383.710693359375,0.7656130440175266,-0.32426864914342224,-0.0843521823108897,55.02189035212037,3.014898101486048,-0.036430834213305174,-0.03744725738396626,8.870524174419831,18.316625058209194,20.345399570703798,,2,trend_break;macd_sell_like,True,False,True,False,False,False,False,False,False,3762.T,,1825.0,14.211183,2.7857492,128.42,655.12,73337896960.0,,1753770600.0,1754289000.0,True,,,True,1753770600.0,2025-07-29,-226.0
5,False,64.70588235294117,True,False,True,True,0.3810956707632415,1691.0,1691.0,111507190.0,111.50719,1759.203369140625,0.9612305374483551,-0.2503457333829052,0.1036240730978959,54.45009352553556,3.219993703461594,0.0,0.0,22.41848550539449,23.293999319261726,11.116173191329901,fund_low_adv20,1,trend_break,True,False,False,False,False,False,False,False,False,3763.T,,1691.0,19.398876,3.8006065,87.17,444.929,43541168128.0,,1754542800.0,1754974800.0,True,,,False,1754542800.0,2025-08-07,-219.0
2,False,41.89189189189189,True,False,True,False,0.4255853274628793,2257.0,2257.0,586205955.0,586.205955,2888.33203125,0.7814198560209247,-0.30592006177943676,-0.10327568336152837,68.78145987825536,3.0474727460458735,-0.09683873549419764,-0.13723241590214064,17.59128143124327,25.978236132243808,28.770422375940385,,2,trend_break;trailing_stop,True,False,False,False,True,False,False,False,False,3765.T,,2257.0,88.71855,1.0345845,25.44,2181.552,118192316416.0,1778221800.0,1786084200.0,1786084200.0,True,,,True,1786084200.0,2026-08-07,42.0
5,True,51.265822784810126,False,False,True,True,0.4725939194357967,1282.0,1282.0,2768830.0,2.76883,1370.0,0.9357664233576642,-0.1321554743545894,0.03170100621612071,36.029907613255176,2.8104452116423695,-0.025095057034220547,-0.06423357664233575,15.44141686937655,28.71219729814527,27.801364081485453,"fund_low_adv20,fund_small_mcap",0,,False,False,False,False,False,False,False,False,False,3766.T,,1282.0,11.150735,0.9099872,114.97,1408.811,4382498816.0,,1746763200.0,1746763200.0,True,,,False,1746763200.0,2025-05-09,-283.0
6,True,47.31182795698925,False,False,True,True,0.3512926260757597,552.0,552.0,1990960.0,1.99096,602.0,0.9169435215946844,-0.11627906976744184,0.04717976486646691,15.819571591619981,2.8658644187717357,-0.028169014084507005,-0.0830564784053156,24.695913688936198,15.08509400272374,25.723384878254212,"fund_low_adv20,fund_small_mcap",1,di_bear,False,False,False,False,False,False,True,False,False,3768.T,,552.0,18.667568,0.6957784,29.57,793.356,4109393920.0,,1746777600.0,1746777600.0,True,,,False,1746777600.0,2025-05-09,-283.0
1,False,33.258426966292134,False,False,True,False,0.4063517450163464,7841.0,7841.0,3096295525.0,3096.295525,10265.0,0.7638577691183633,-0.318363370677058,-0.08879139707985895,352.8008467159993,4.499436892182111,-0.13540632925350093,-0.1365488382336747,18.21153653823665,22.669884911346863,28.73267563098811,,3,trend_break;macd_sell_like;trailing_stop,True,False,True,False,True,False,False,False,False,3769.T,,7841.0,25.092003,5.0775065,312.49,1544.262,595469598720.0,1778826600.0,1785997800.0,1785997800.0,True,,,True,1785997800.0,2026-08-06,41.0
3,False,42.288557213930346,False,False,True,True,0.4168541644833318,1732.0,1732.0,59086880.0,59.08688,2125.788330078125,0.814756566067115,-0.24334084931038336,-0.06939663210408975,38.84075279469561,2.24253769022492,-0.04625550660792954,-0.04625550660792954,15.210467900512716,25.099790895199508,18.310687090023862,"fund_low_adv20,fund_small_mcap",2,trend_break;macd_sell_like,True,False,True,False,False,False,False,False,False,3771.T,,1732.0,11.001716,2.1336381,157.43,811.759,28725139456.0,,1753337700.0,1753683300.0,True,,,False,1753337700.0,2025-07-24,-229.0
6,True,45.67901234567901,False,False,True,True,0.3088119472008864,1063.0,1063.0,27037715.0,27.037715,1119.712646484375,0.9493507136295737,-0.11258880515553538,0.006078830130938906,13.29780567627832,1.2509694897721846,-0.011162790697674452,-0.032757051865332065,23.008057286869743,10.826360687211178,21.809766814349537,"fund_neg_eps,fund_low_adv20,fund_small_mcap",1,di_bear,False,False,False,False,False,False,True,False,False,3772.T,,1063.0,-17.298616761594793,1.1538156,-61.45,921.291,20386768896.0,,1754982000.0,1755500400.0,True,,,False,1754982000.0,2025-08-12,-216.0
4,True,68.20276497695852,False,False,True,False,0.17855818682885574,1057.0,1057.0,66776735.0,66.776735,1221.6136474609375,0.865249010762872,-0.2689996531587089,0.027458035107984502,32.36199768700629,3.061683792526612,-0.024907749077490826,-0.10119047619047616,17.627637003530467,21.537680695097063,24.651794381951657,"fund_low_adv20,fund_small_mcap",1,rsi_reversal,False,False,False,True,False,False,False,False,False,3773.T,,1057.0,9.509671,1.181094,111.15,894.933,16553033728.0,,1754362800.0,1754967600.0,True,,,False,1754362800.0,2025-08-05,-221.0
5,True,52.39786856127886,False,False,True,True,0.6401672695199085,3107.0,3107.0,2051070320.0,2051.07032,3250.0,0.956,-0.2765229996583306,0.16097946008679354,88.00679777903129,2.8325329185397905,-0.04400000000000004,-0.04400000000000004,34.166227322155606,25.244126676237954,20.314900329686957,,1,macd_sell_like,False,False,True,False,False,False,False,False,False,3774.T,,3107.0,22.86913,3.4856224,135.86,891.376,550752681984.0,1778740200.0,1785997800.0,1785997800.0,True,,,True,1785997800.0,2026-08-06,41.0
5,True,62.03703703703704,True,True,False,True,0.19931539269171786,281.0,281.0,171869455.0,171.869455,281.0,1.0,-0.5035828737942625,0.41274097433042356,13.937052712037586,4.959805235600564,0.0,0.0,30.6323084030194,27.866329328271917,14.616832425803064,"fund_low_adv20,fund_small_mcap",0,ext_dev200,False,False,False,False,False,True,False,False,False,3776.T,,281.0,57.464214,1.8890756,4.89,148.75,17269690368.0,,1754373600.0,1754978400.0,True,,,False,1754373600.0,2025-08-05,-221.0
1,False,57.77777777777777,True,False,True,False,0.4237525754254516,53.0,53.0,357592465.0,357.592465,81.0,0.654320987654321,-0.5061728395061729,-0.06698354018132202,4.774033852667948,9.007611042769712,-0.20895522388059706,-0.20895522388059706,17.52469023127885,19.116040116457008,17.78506238248938,"fund_neg_eps,fund_small_mcap",2,trend_break;trailing_stop,True,False,False,False,True,False,False,False,False,3777.T,,53.0,-5300.0,4.2735043,-0.01,12.402,17137491968.0,,1754978400.0,1755496800.0,True,,,False,1754978400.0,2025-08-12,-216.0
1,False,42.33907524932003,False,False,True,True,0.3100180011488018,2668.0,2668.0,2790170605.0,2790.170605,4611.18994140625,0.5785925181790179,-0.49599944181601363,-0.11792802415403769,154.86248818071212,5.804441086233587,-0.1752704791344668,-0.32626262626262625,14.145772311429035,17.397437029612007,29.789556974874117,,3,trend_break;macd_sell_like;trailing_stop,True,False,True,False,True,False,False,False,False,3778.T,,2668.0,488.64468,3.5475516,5.46,752.068,106781794304.0,,1753682400.0,1754028000.0,True,,,True,1753682400.0,2025-07-28,-227.0
0,False,33.33333333333333,False,True,False,True,0.2559194961048563,141.0,141.0,2655510.0,2.65551,409.0,0.34474327628361856,-0.6552567237163814,-0.20275924460024886,4.519108261902552,3.205041320498264,-0.06622516556291391,-0.10759493670886078,30.812459438991365,9.76541735242083,33.49557143851041,"fund_neg_eps,fund_low_adv20,fund_small_mcap",4,trend_break;macd_sell_like;di_bear;vol_distribution,True,False,True,False,False,False,True,True,False,3779.T,,141.0,-30.38793103448276,2.9073963,-4.64,48.497,1631041920.0,,1747117800.0,1747117800.0,True,,,False,1747117800.0,2025-05-13,-281.0
1,False,30.288461538461533,False,False,False,False,0.5140839956569888,274.0,274.0,10824805.0,10.824805,733.0,0.373806275579809,-0.6480218281036835,-0.5010243569314818,25.579238632702054,9.335488552081042,-0.2513661202185792,-0.5940740740740741,38.02091688348117,31.209906987122892,30.51571132537913,"fund_low_adv20,fund_small_mcap",3,trend_break;trailing_stop;natr_spike,True,False,False,False,True,False,False,False,True,3787.T,,274.0,8.260477,0.39209178,33.17,698.816,710470784.0,,1747189800.0,1747189800.0,True,,,False,1747189800.0,2025-05-14,-280.0
3,False,60.58700209643606,True,False,True,False,0.41067383521102396,1968.0,1968.0,65409760.0,65.40976,2414.08251953125,0.8152165404777185,-0.3454348469263021,-0.07528881140851629,67.83316833189178,3.44680733393759,-0.02718734552644586,-0.08592661402693913,16.297132678089252,25.85774784987348,19.549806293377266,"fund_low_adv20,fund_small_mcap",1,trend_break,True,False,False,False,False,False,False,False,False,3788.T,,1968.0,22.465754,2.250457,87.6,874.489,22572451840.0,,1754461860.0,1754980260.0,True,,,False,1754461860.0,2025-08-06,-220.0
0,False,30.514455987981336,False,False,False,False,0.22979094638493194,1205.0,1205.0,133300920.0,133.30092,2458.052734375,0.4902254468134472,-0.5494224953052547,-0.1170644759803322,51.940051152639285,4.310377689015708,-0.15583585963321978,-0.1718715381428133,17.482026903393976,20.158435813428124,29.542326722589106,"fund_low_adv20,fund_small_mcap",2,trend_break;trailing_stop,True,False,False,False,True,False,False,False,False,3791.T,,1205.0,38.412495,2.3627267,31.37,510.004,24366815232.0,,1744353000.0,1744353000.0,True,,,False,1744353000.0,2025-04-11,-303.0
0,False,33.33333333333333,False,False,True,True,0.2432759326230372,399.0,399.0,52325055.0,52.325055,576.0,0.6927083333333334,-0.6341698841698842,-0.08047566371681414,12.528492369420485,3.1399730249174147,-0.14377682403433478,-0.14377682403433478,15.719014931134486,18.49770302102744,29.213702683146188,"fund_low_adv20,fund_small_mcap",3,trend_break;macd_sell_like;trailing_stop,True,False,True,False,True,False,False,False,False,3793.T,,399.0,53.773582,2.2902737,7.42,174.215,11493919744.0,,1753682400.0,1754028000.0,True,,,False,1753682400.0,2025-07-28,-227.0
3,True,32.60869565217391,False,False,True,True,0.2341542960942909,268.0,268.0,12919315.0,12.919315,386.0,0.694300518134715,-0.32383419689119175,0.01324833987002938,11.125479268442145,4.151298234493337,-0.0662020905923345,-0.30569948186528495,10.022737643529261,19.374503986419022,22.47133375883493,"fund_low_adv20,fund_small_mcap",1,macd_sell_like,False,False,True,False,False,False,False,False,False,3796.T,,268.0,24.452555,1.9413116,10.96,138.051,3699138048.0,,1747290600.0,1747290600.0,True,,,False,1747290600.0,2025-05-15,-279.0
3,False,54.78260869565218,True,False,False,True,0.4637631055355983,524.0,524.0,117419925.0,117.419925,829.1936645507812,0.6319392228881524,-0.4268727804015293,-0.144606565236994,19.33536125361054,3.689954437711935,-0.01872659176029967,-0.07908611599297011,15.479841272376893,31.830673910485206,18.64082617752777,"fund_low_adv20,fund_small_mcap",1,trend_break,True,False,False,False,False,False,False,False,False,3798.T,,524.0,15.08782,2.4230542,34.73,216.256,29646022656.0,,1746772200.0,1746772200.0,True,,,False,1746772200.0,2025-05-09,-283.0
2,False,23.0,True,False,True,True,0.5568705923455598,969.0,969.0,9787925.0,9.787925,1266.7890625,0.7649260865006876,-0.2350739134993124,-0.12649598023938546,14.657303994921513,1.5126216713025296,-0.07714285714285718,-0.17613491710699103,54.81808333119197,7.9626095637536185,33.31600470197724,"fund_low_adv20,fund_small_mcap",2,trend_break;di_bear,True,False,False,False,False,False,True,False,False,3799.T,,969.0,10.100062,1.0123785,95.94,957.152,8102126080.0,,1747204800.0,1747204800.0,True,,,False,1747204800.0,2025-05-14,-280.0
7,True,42.30769230769231,False,False,True,False,0.31704067273780645,1948.0,1948.0,9378895.0,9.378895,1977.0,0.9853313100657562,-0.04350028633241032,0.02028927716653106,16.78367914680781,0.8615851718073825,-0.01466868993424375,-0.01466868993424375,36.98218995113508,30.98929894276049,10.16710234800721,"fund_low_adv20,fund_small_mcap",1,macd_sell_like,False,False,True,False,False,False,False,False,False,3800.T,,1948.0,19.237606,1.1975496,101.26,1626.655,14824467456.0,,1747116000.0,1747116000.0,True,,,False,1747116000.0,2025-05-13,-281.0
5,False,48.93617021276596,True,False,True,False,0.3861392528159165,469.0,469.0,1835085.0,1.835085,525.5257568359375,0.8924396071921092,-0.2017699291861822,-0.010199000927010315,6.875863629670236,1.4660690041940803,-0.008456659619450302,-0.016495131430139476,32.49391321266039,27.886596753066716,9.630088072599854,"fund_low_adv20,fund_small_mcap",1,trend_break,True,False,False,False,False,False,False,False,False,3802.T,,469.0,19.308357,1.1820241,24.29,396.777,1608735616.0,,1747033200.0,1747033200.0,True,,,False,1747033200.0,2025-05-12,-282.0
0,False,31.981981981981974,False,False,False,True,0.392832074921104,495.0,495.0,32954735.0,32.954735,2660.0,0.18609022556390978,-0.8195488721804511,-0.2907445749124177,39.09744901155576,7.898474547789043,-0.20926517571884984,-0.44130925507900676,25.560508767553955,26.57516493273518,32.301000850311326,"fund_neg_eps,fund_low_adv20,fund_small_mcap",4,trend_break;macd_sell_like;trailing_stop;di_bear,True,False,True,False,True,False,True,False,False,3803.T,,495.0,-4.1457286432160805,2.0772746,-119.4,238.293,1642276864.0,,1747296900.0,1747296900.0,True,,,False,1747296900.0,2025-05-15,-279.0
0,False,18.811881188118804,False,False,True,True,0.28895933585169514,450.0,450.0,1827700.0,1.8277,796.4163818359375,0.5650310695049219,-0.44501392728627676,-0.24586426698319752,15.107267738546172,3.357170608565816,-0.1228070175438597,-0.27419354838709675,27.366209585647645,14.954115721168835,31.920468704370286,"fund_low_adv20,fund_small_mcap",3,trend_break;trailing_stop;di_bear,True,False,False,False,True,False,True,False,False,3804.T,,450.0,13.79099,1.7512385,32.63,256.961,8658125824.0,,1750053600.0,1750053600.0,True,,,False,1750053600.0,2025-06-16,-257.0
0,False,30.0,False,False,True,True,0.1949308230085551,95.0,95.0,19588835.0,19.588835,210.0,0.4523809523809524,-0.5714285714285714,-0.24251485069569034,2.713766942459468,2.856596781536282,-0.08653846153846156,-0.16666666666666663,28.979240062145927,12.104868446636232,28.23831318550013,"fund_neg_eps,fund_low_adv20,fund_small_mcap",4,trend_break;macd_sell_like;trailing_stop;di_bear,True,False,True,False,True,False,True,False,False,3807.T,,95.0,-527.7777777777778,3.9859025,-0.18,23.834,4352569344.0,,1754978400.0,1755496800.0,True,,,False,1754978400.0,2025-08-12,-216.0
0,False,23.012552301255226,False,False,True,False,0.1252782530328693,195.0,195.0,1143006995.0,1143.006995,410.0,0.47560975609756095,-0.5878048780487806,-0.35344827586206906,32.09102031439866,16.456933494563415,-0.48,-0.48,21.72418185540453,23.3509226156808,24.022284089788386,"fund_neg_eps,fund_small_mcap",4,trend_break;trailing_stop;di_bear;natr_spike,True,False,False,False,True,False,True,False,True,3810.T,,195.0,-2.271668219944082,2.1403873,-85.84,91.105,15973008384.0,,1752474600.0,1752820200.0,True,,,False,1752474600.0,2025-07-14,-237.0
3,False,50.0,True,False,True,True,0.4720830780685271,445.0,445.0,3615000.0,3.615,607.0,0.7331136738056013,-0.2784184514003295,-0.10736673185898393,3.427245455831677,0.7701675181644217,-0.004474272930648726,-0.05720338983050843,44.34845705242109,20.210293012327742,22.610724060630925,"fund_neg_eps,fund_low_adv20,fund_small_mcap",2,trend_break;di_bear,True,False,False,False,False,False,True,False,False,3815.T,,445.0,-6.4812117681328285,7.6610546,-68.66,58.086,4818841088.0,,1751522400.0,1751868000.0,True,,,False,1751522400.0,2025-07-03,-244.0
1,False,32.35294117647058,False,True,False,True,0.2733713189503197,1091.0,1091.0,1324230.0,1.32423,1265.0,0.8624505928853755,-0.1375813129280321,-0.049270613660525986,15.396457240049083,1.4112243116451955,-0.04716157205240179,-0.056228373702422174,18.237485332460857,19.129323591646116,37.61526742379291,"fund_low_adv20,fund_small_mcap",3,trend_break;macd_sell_like;vol_distribution,True,False,True,False,False,False,False,True,False,3816.T,,1091.0,16.046478,0.77731353,67.99,1403.552,4227624960.0,,1749191400.0,1749191400.0,True,,,False,1749191400.0,2025-06-06,-263.0
1,False,23.33333333333333,False,False,True,False,0.48118441152131947,4450.0,4450.0,153247625.0,153.247625,5675.16845703125,0.7841176933676167,-0.22645468002610403,-0.08632143877573384,103.83511243189614,2.3333733130763177,-0.07484407484407485,-0.08341915550978374,15.863224361007257,15.77797428863001,21.87403733541256,fund_low_adv20,2,trend_break;macd_sell_like,True,False,True,False,False,False,False,False,False,3817.T,,4450.0,10.041293,1.6730889,443.17,2659.751,56220807168.0,,1754377200.0,1754982000.0,True,,,False,1754377200.0,2025-08-05,-221.0
0,False,33.33333333333333,False,False,True,True,0.27750141294873165,32.0,32.0,65719810.0,65.71981,130.0,0.24615384615384617,-0.7948717948717949,-0.4196590496916939,2.807421823081474,8.773193197129606,-0.17948717948717952,-0.4285714285714286,9.504242094002624,21.193429049444028,22.90432606080632,"fund_neg_eps,fund_low_adv20,fund_small_mcap",2,trend_break;trailing_stop,True,False,False,False,True,False,False,False,False,3823.T,,32.0,-7.8431372549019605,3.0343258,-4.08,10.546,4205459200.0,,1752474600.0,1752820200.0,True,,,False,1752474600.0,2025-07-14,-237.0
0,False,26.31578947368422,False,False,True,False,0.28036474481191326,151.0,151.0,306403810.0,306.40381,646.4405517578125,0.23358683113149098,-0.766413168868509,-0.4392561789596897,9.936952553618832,6.580763280542273,-0.3167420814479638,-0.3823963986037925,27.041939603837758,16.31742816168001,38.48700095537667,"fund_neg_eps,fund_small_mcap",3,trend_break;trailing_stop;di_bear,True,False,False,False,True,False,True,False,False,3825.T,,151.0,-30.75356415478615,0.9220811,-4.91,163.76,22138079232.0,,1754964000.0,1755482400.0,True,,,False,1754964000.0,2025-08-12,-216.0
3,False,43.10344827586207,False,False,True,True,0.4360223409187764,439.0,439.0,4193235.0,4.193235,526.3953247070312,0.8339739724024493,-0.22222217713083747,-0.03610197867776177,8.160970918586901,1.8589910976279957,-0.04357298474945537,-0.08921161825726143,18.049086714705062,16.96797443890377,21.70907643959025,"fund_low_adv20,fund_small_mcap",2,trend_break;macd_sell_like,True,False,True,False,False,False,False,False,False,3826.T,,439.0,10.45487,1.0748765,41.99,408.419,4792878592.0,,1752474600.0,1752820200.0,True,,,False,1752474600.0,2025-07-14,-237.0
2,False,60.416666666666664,True,False,True,False,0.4966202915624693,609.0,609.0,36534335.0,36.534335,701.5195922851562,0.868115454931516,-0.16039408381828757,-0.0865929096518473,8.055598108839256,1.322758310154229,-0.004901960784313708,-0.08450948984110163,33.65656485209257,20.89136545458355,21.057993466130064,"fund_low_adv20,fund_small_mcap",2,trend_break;di_bear,True,False,False,False,False,False,True,False,False,3834.T,,609.0,10.761619,1.2265663,56.59,496.508,15779798016.0,,1754546400.0,1754978400.0,True,,,False,1754546400.0,2025-08-07,-219.0
3,False,48.97959183673469,True,False,True,False,0.28059558562348086,393.0,393.0,48923845.0,48.923845,520.3165283203125,0.7553094676209573,-0.3674056536832738,-0.08841693432270636,8.971346710846511,2.2827854226072546,-0.07311320754716977,-0.07311320754716977,24.521006516746993,15.079843508920252,23.035387315781158,"fund_low_adv20,fund_small_mcap",2,trend_break;di_bear,True,False,False,False,False,False,True,False,False,3835.T,,393.0,17.094389,2.359071,22.99,166.591,17269889024.0,,1753772400.0,1754290800.0,True,,,False,1753772400.0,2025-07-29,-226.0
2,False,40.28776978417266,True,False,True,True,0.5810286630809114,1126.0,1126.0,130378245.0,130.378245,1892.0,0.595137420718816,-0.41701902748414377,-0.25507176384584085,29.9908608211229,2.663486751431874,-0.06556016597510372,-0.19225251076040173,39.3219524268064,14.204839032953057,25.498392089777994,fund_low_adv20,2,trend_break;di_bear,True,False,False,False,False,False,True,False,False,3836.T,,1126.0,11.431472,2.7144108,98.5,414.823,38793347072.0,,,,True,,,False,,,
1,False,26.92307692307692,False,False,True,True,0.44318460785670044,1358.0,1358.0,118129185.0,118.129185,1864.5570068359375,0.7283231325302625,-0.2759674308425226,-0.08671791215026603,43.1867691611102,3.180174459581016,-0.11703511053315996,-0.14050632911392402,21.99070991595426,16.801197754722118,30.83393214005106,"fund_low_adv20,fund_small_mcap",3,trend_break;trailing_stop;di_bear,True,False,False,False,True,False,True,False,False,3837.T,,1358.0,15.94271,3.2921212,85.18,412.5,22867052544.0,,1754373600.0,1754978400.0,True,,,False,1754373600.0,2025-08-05,-221.0
7,True,47.368421052631575,False,False,True,True,0.3540222283126274,620.0,620.0,1499140.0,1.49914,647.8744506835938,0.9569755364574378,-0.07155326240863036,0.0005974419997789582,6.415696004923338,1.0347896782134416,-0.020537124802527673,-0.043024463542562175,22.109969948972626,27.668919265912233,14.781727312052851,"fund_low_adv20,fund_small_mcap",2,cross_sma25_down;macd_sell_like,False,True,True,False,False,False,False,False,False,3839.T,,620.0,36.36364,0.79219353,17.05,782.637,5080395776.0,,1745995200.0,1745995200.0,True,,,False,1745995200.0,2025-04-30,-290.0
1,False,39.99999999999999,False,False,True,True,0.4541307401006029,55.0,55.0,26133970.0,26.13397,116.0,0.47413793103448276,-0.5555555555555556,-0.26842245277999477,3.4335806606021726,6.242873928367587,-0.08333333333333337,-0.40217391304347827,9.525834256946396,12.46080559014918,13.990488924821193,"fund_neg_eps,fund_low_adv20,fund_small_mcap",3,trend_break;cross_sma25_down;trailing_stop,True,True,False,False,True,False,False,False,False,3840.T,,55.0,-3.3292978208232444,2.3870492,-16.52,23.041,4547412992.0,,1747121400.0,1747121400.0,True,,,False,1747121400.0,2025-05-13,-281.0
3,False,53.8095238095238,True,False,True,False,0.2354363322198274,1176.0,1176.0,5122810.0,5.12281,1515.4384765625,0.7760130273764362,-0.6240594489861521,-0.0430065198679489,44.76552304221976,3.8065920954268506,-0.0776470588235294,-0.0776470588235294,18.53091446888716,22.175686555769435,16.828390509670292,"fund_low_adv20,fund_small_mcap",1,trend_break,True,False,False,False,False,False,False,False,False,3841.T,,1176.0,26.285202,1.777845,44.74,661.475,4526809600.0,,1746772800.0,1746772800.0,True,,,False,1746772800.0,2025-05-09,-283.0
1,False,30.0,False,False,False,True,0.47200951921860496,925.0,925.0,5576775.0,5.576775,1285.32666015625,0.7196614126774223,-0.28033858732257766,-0.115991343027676,17.914940218352513,1.9367502938759475,-0.07499999999999996,-0.11816133099731119,24.78882867460967,12.15291923960626,44.652094074511965,"fund_low_adv20,fund_small_mcap",3,trend_break;macd_sell_like;di_bear,True,False,True,False,False,False,True,False,False,3842.T,,925.0,9.80704,1.1899724,94.32,777.329,2860697600.0,,1747206000.0,1747206000.0,True,,,False,1747206000.0,2025-05-14,-280.0
4,False,46.22641509433962,True,False,True,False,0.39869404454056573,1443.0,1443.0,115117695.0,115.117695,1706.025390625,0.8458256295185378,-0.1975500437901051,-0.060418256388663494,39.61040534208926,2.7450038352106207,-0.0190346702923182,-0.06457873759005894,14.707663746425228,22.67339808114374,20.300562502642485,fund_low_adv20,1,trend_break,True,False,False,False,False,False,False,False,False,3843.T,,1443.0,9.600799,3.5326002,150.3,408.481,31489601536.0,,1749794400.0,1749794400.0,True,,,False,1749794400.0,2025-06-13,-258.0
1,False,42.1875,False,False,True,False,0.40734387418175283,1304.0,1304.0,402527655.0,402.527655,1749.83642578125,0.745212512888342,-0.3365073033382322,-0.1521173460472257,33.181090148287645,2.544562127936169,-0.04608632040965621,-0.12395028552233789,20.100064332155185,16.75735242488563,25.966933091102927,,3,trend_break;macd_sell_like;di_bear,True,False,True,False,False,False,True,False,False,3844.T,,1304.0,12.667573,2.0598688,102.94,633.05,41588768768.0,,1754289000.0,1754634600.0,True,,,True,1754289000.0,2025-08-04,-222.0
1,False,32.0,False,True,False,True,0.5571774395571581,223.0,223.0,19231550.0,19.23155,309.0,0.7216828478964401,-0.2783171521035599,-0.0784743171205422,12.814309685888908,5.746327213403098,-0.14230769230769236,-0.2783171521035599,15.680797959633148,13.330912674010486,27.25266826620579,"fund_low_adv20,fund_small_mcap",4,trend_break;macd_sell_like;trailing_stop;vol_distribution,True,False,True,False,True,False,False,True,False,3845.T,,223.0,113.775505,5.9199877,1.96,37.669,4959439872.0,,1747281600.0,1747281600.0,True,,,False,1747281600.0,2025-05-15,-279.0
1,False,24.120603015075375,False,False,False,True,0.3090382960938537,806.0,806.0,4042030.0,4.04203,1064.375,0.7572519083969466,-0.24274809160305344,-0.07232563327804409,24.63826456100183,3.056856645285587,-0.13426423200859294,-0.1767109295199183,20.815916387812145,15.646183874594913,31.965882348943452,"fund_low_adv20,fund_small_mcap",4,trend_break;macd_sell_like;trailing_stop;di_bear,True,False,True,False,True,False,True,False,False,3848.T,,806.0,32.804234,1.0670071,24.57,755.384,5134439424.0,,1747033200.0,1747033200.0,True,,,False,1747033200.0,2025-05-12,-282.0
2,False,57.36925515055467,False,False,True,False,0.4278717899582448,2753.0,2753.0,92729260.0,92.72926,4190.6669921875,0.6569359973322415,-0.3934139828483262,-0.19462066138358336,86.21931152103802,3.1318311486029065,-0.03572679509632226,-0.08157560330943614,25.958654619161535,27.382889549803796,17.854323074000217,"fund_low_adv20,fund_small_mcap",1,trend_break,True,False,False,False,False,False,False,False,False,3850.T,,2753.0,14.65453,2.2824142,187.86,1206.179,13411468288.0,,1746772200.0,1746772200.0,True,,,False,1746772200.0,2025-05-09,-283.0
3,False,46.2962962962963,False,False,True,True,0.377203147834068,820.0,820.0,5273495.0,5.273495,914.5238037109375,0.8966415053086857,-0.19433591752840518,-0.009426999895038146,8.12876257014613,0.991312508554406,-0.016786570743405282,-0.03529411764705881,15.497764935432446,22.892140505794572,20.465182502262078,"fund_neg_eps,fund_low_adv20,fund_small_mcap",1,trend_break,True,False,False,False,False,False,False,False,False,3851.T,,820.0,-16.224772457459437,0.52233124,-50.54,1569.885,4149400064.0,,1746774000.0,1746774000.0,True,,,False,1746774000.0,2025-05-09,-283.0
4,True,40.586109995985545,False,False,True,False,0.43744430975872267,1675.0,1675.0,7272435400.0,7272.4354,2750.0,0.6090909090909091,-0.580859519151099,0.20366441752792652,227.4526031835432,13.579259891554818,-0.3909090909090909,-0.3909090909090909,25.218076097173995,20.95188211567868,22.96288006315428,fund_small_mcap,4,macd_sell_like;trailing_stop;ext_dev200;di_bear;natr_spike,False,False,True,False,True,True,True,False,True,3853.T,,1675.0,34.83777,3.6101081,48.08,463.975,28451457024.0,,1754546400.0,1754978400.0,True,,,False,1754546400.0,2025-08-07,-219.0
3,False,45.28301886792453,False,False,True,False,0.445436134095978,2410.0,2410.0,211158585.0,211.158585,2986.2177734375,0.8070409403617597,-0.2935665690198537,-0.030355085717838404,74.9617613483487,3.110446528977125,-0.0808543096872616,-0.0808543096872616,21.523879178271937,19.724870846783972,26.617526966529763,,4,trend_break;macd_sell_like;trailing_stop;di_bear,True,False,True,False,True,False,True,False,False,3854.T,,2410.0,15.333715,4.81157,157.17,500.876,60249489408.0,,1756966200.0,1757311800.0,True,,,True,1756966200.0,2025-09-04,-199.0
1,False,55.84905660377358,True,False,True,True,0.45645511368978053,536.0,536.0,85061860.0,85.06186,1262.250732421875,0.4246382958887884,-0.7155874100297108,-0.24334893279635728,30.477521153295605,5.686104692779031,-0.03942652329749108,-0.2175182481751825,11.399165190447096,27.56003351188237,19.61601877522955,"fund_low_adv20,fund_small_mcap",1,trend_break,True,False,False,False,False,False,False,False,False,3856.T,,536.0,1.5058718,0.27303767,355.94,1963.099,10157549568.0,,1747306740.0,1747306740.0,True,,,False,1747306740.0,2025-05-15,-279.0
1,False,43.820224719101134,False,True,False,False,0.20095859742918884,311.0,311.0,72866020.0,72.86602,503.0,0.6182902584493042,-0.415944540727903,-0.14234105042538236,22.416643417116337,7.207923928333228,-0.20663265306122447,-0.20663265306122447,21.43416042178953,30.22380107166624,33.29304459852162,"fund_neg_eps,fund_low_adv20,fund_small_mcap",6,trend_break;macd_sell_like;trailing_stop;di_bear;vol_distribution;natr_spike,True,False,True,False,True,False,True,True,True,3858.T,,311.0,-6.27016129032258,1.7038856,-49.6,182.524,3252712704.0,,1747728000.0,1747728000.0,True,,,False,1747728000.0,2025-05-20,-276.0
4,False,46.14643273368308,True,False,True,False,0.5970816310741195,785.2000122070312,785.2000122070312,3953698342.758789,3953.698342758789,967.4888305664062,0.8115856094662551,-0.2062957213009855,-0.052299539949446805,17.046999231286886,2.171039094022856,-0.08378061586110708,-0.12289090336383679,31.651549976254923,14.588406026701199,28.317968033714386,,3,trend_break;trailing_stop;di_bear,True,False,False,False,True,False,True,False,False,3861.T,,785.2,22.766018,0.6244155,34.49,1257.496,666818772992.0,1778826600.0,1785825000.0,1785825000.0,True,,,True,1785825000.0,2026-08-04,39.0
2,False,25.69659442724459,False,False,True,True,0.35471194647449755,1214.0,1214.0,1846530640.0,1846.53064,1510.0,0.8039735099337748,-0.2132450331125828,-0.0004102432838419823,60.196035752541455,4.958487294278538,-0.1775067750677507,-0.1960264900662252,17.361500756809278,20.42125900908782,26.120233021048676,,2,trend_break;trailing_stop,True,False,False,False,True,False,False,False,False,3863.T,,1214.0,11.939418,0.275569,101.68,4405.43,139984519168.0,1778826600.0,1785911400.0,1785911400.0,True,,,True,1785911400.0,2026-08-05,40.0
5,True,46.610169491525426,False,False,True,False,0.470249497353584,1074.0,1074.0,289971875.0,289.971875,1131.0,0.9496021220159151,-0.28836231935508594,0.42837753727120953,36.2168342951729,3.3721447202209403,-0.050397877984084904,-0.050397877984084904,29.033898129551673,24.159700387838274,16.00040733681216,,0,ext_dev200,False,False,False,False,False,True,False,False,False,3864.T,,1074.0,24.735146,0.45613867,43.42,2354.547,47049986048.0,,1754287200.0,1754632800.0,True,,,True,1754287200.0,2025-08-04,-222.0
3,False,69.27374301675978,True,False,True,False,0.3776256539133023,930.0,930.0,338562635.0,338.562635,1038.2001953125,0.8957809911797102,-0.527739829984676,0.006273380934409101,28.081185476690024,3.019482309321508,-0.016913319238900604,-0.08198147529482003,15.784772308491235,26.302440633135106,16.46143795623005,,1,trend_break,True,False,False,False,False,False,False,False,False,3865.T,,930.0,13.470451,0.6097733,69.04,1525.157,147685834752.0,1778826600.0,1786084200.0,1786084200.0,True,,,True,1786084200.0,2026-08-07,42.0
4,True,60.24844720496895,False,False,True,False,0.44464345854189735,2006.0,2006.0,104254265.0,104.254265,2058.0,0.9747327502429544,-0.10691824356993462,0.08857763984348832,35.338339515063545,1.7616320795146332,-0.02526724975704564,-0.02526724975704564,12.052034319653725,27.144320239981003,20.668949728218212,"fund_low_adv20,fund_small_mcap",0,,False,False,False,False,False,False,False,False,False,3877.T,,2006.0,10.318931,0.42042512,194.4,4771.361,25206128640.0,,1754373600.0,1754978400.0,True,,,False,1754373600.0,2025-08-05,-221.0
3,False,40.85603112840467,False,False,True,True,0.13466983550194442,799.0,799.0,54663045.0,54.663045,927.0,0.8619201725997843,-0.4062750934317577,-4.3109281411157774e-05,33.277133607084096,4.164847760586245,-0.13528138528138534,-0.13807982740021574,27.248994841700664,14.47306887627752,33.10482143865825,"fund_low_adv20,fund_small_mcap",4,trend_break;macd_sell_like;trailing_stop;di_bear,True,False,True,False,True,False,True,False,False,3878.T,,799.0,8.377019,0.4434233,95.38,1801.89,7835159552.0,,1754542800.0,1754974800.0,True,,,False,1754542800.0,2025-08-07,-219.0
6,True,48.63387978142076,True,False,True,True,0.47833497662470187,953.0,953.0,377248985.0,377.248985,1189.9520263671875,0.8008726224950597,-0.24786883826539508,0.0048741385222730305,23.784902568655077,2.495792504580806,-0.03444782168186422,-0.14411645401982565,34.36955644856239,20.425403413809708,26.131208323279488,,1,di_bear,False,False,False,False,False,False,True,False,False,3880.T,,953.0,17.743437,0.64769787,53.71,1471.365,146968477696.0,1785997800.0,1785997800.0,1785997800.0,True,,,True,1785997800.0,2026-08-06,41.0
4,True,67.67241379310344,False,True,False,False,0.4079513088607725,9240.0,9240.0,2234560700.0,2234.5607,10350.0,0.8927536231884058,-0.2633518170112633,1.5202155888768671,720.7248414305535,7.800052396434562,-0.10724637681159421,-0.10724637681159421,42.28489315209578,34.326880098923404,10.757885958548208,,3,rsi_reversal;trailing_stop;ext_dev200;vol_distribution,False,False,False,True,True,True,False,True,False,3891.T,,9240.0,36.890644,3.7186584,250.47,2484.767,97451171840.0,,1745470800.0,1745470800.0,True,,,True,1745470800.0,2025-04-24,-294.0
5,True,58.96064514126874,False,False,True,True,0.3190772302639992,1773.0,1773.0,18939895.0,18.939895,1967.2144775390625,0.9012743756430565,-0.1979950135959836,0.08634515343543869,27.665701050008657,1.5603892301189315,-0.03641304347826091,-0.03641304347826091,24.50698388247648,33.878713028939224,19.019965888007746,"fund_low_adv20,fund_small_mcap",1,macd_sell_like,False,False,True,False,False,False,False,False,False,3892.T,,1773.0,11.054994,0.5581009,160.38,3176.845,8235450368.0,,1744344000.0,1744344000.0,True,,,False,1744344000.0,2025-04-11,-303.0
6,True,53.846153846153854,True,False,True,True,0.4717474604867622,415.0,415.0,2573260.0,2.57326,445.1617431640625,0.9322454284825044,-0.2397142595640912,0.011814533947710926,4.057054230679732,0.9776034290794535,0.0,-0.034310759642888544,33.215325056873944,11.756701998976258,19.629978323056147,"fund_low_adv20,fund_small_mcap",1,di_bear,False,False,False,False,False,False,True,False,False,3895.T,,415.0,5.934506,0.44604424,69.93,930.401,3244874240.0,,1747204800.0,1747204800.0,True,,,False,1747204800.0,2025-05-14,-280.0
1,False,30.147058823529406,False,False,True,False,0.37232539568458967,369.0,369.0,20850845.0,20.850845,515.0,0.7165048543689321,-0.3415492957746479,-0.0660119469474536,17.884426447612697,4.8467280345833865,-0.1763392857142857,-0.24693877551020404,15.493825187546692,15.814557490733371,27.12811101492812,"fund_low_adv20,fund_small_mcap",3,trend_break;macd_sell_like;trailing_stop,True,False,True,False,True,False,False,False,False,3896.T,,369.0,4.936455,0.5769384,74.75,639.583,3690716928.0,,1754546400.0,1754892000.0,True,,,False,1754546400.0,2025-08-07,-219.0
1,False,54.54545454545455,False,False,False,True,0.24035260917301265,583.0,583.0,105183245.0,105.183245,1134.0,0.5141093474426808,-0.5340557275541795,-0.2578212023805735,30.791473981588275,5.281556429088898,-0.08620689655172409,-0.1980742778541953,11.907438886400792,21.17873329536264,28.35365076287565,"fund_neg_eps,fund_low_adv20,fund_small_mcap",2,trend_break;trailing_stop,True,False,False,False,True,False,False,False,False,3900.T,,583.0,-19.530988274706868,1.3813169,-29.85,422.061,9228582912.0,,1753943400.0,1754289000.0,True,,,False,1753943400.0,2025-07-31,-224.0
2,False,37.96992481203007,True,False,True,False,0.5188150757056953,1316.0,1316.0,140386890.0,140.38689,2126.240966796875,0.6189326706382291,-0.4239770964943862,-0.2108353502123409,38.35103027079162,2.914212026655898,-0.09739368998628262,-0.17955112219451375,31.0889043586507,20.534732636754455,31.133204544245157,"fund_low_adv20,fund_small_mcap",3,trend_break;trailing_stop;di_bear,True,False,False,False,True,False,True,False,False,3901.T,,1316.0,11.332129,2.6719346,116.13,492.527,16774420480.0,,1754287200.0,1754632800.0,True,,,False,1754287200.0,2025-08-04,-222.0
0,False,18.292682926829272,False,False,True,True,0.3025283954189638,253.0,253.0,156091080.0,156.09108,825.0,0.30666666666666664,-0.6933333333333334,-0.3783783783783784,11.495968784061144,4.543861179470808,-0.1891025641025641,-0.2893258426966292,28.207846874255818,14.949925626137508,36.54473088275649,"fund_low_adv20,fund_small_mcap",4,trend_break;macd_sell_like;trailing_stop;di_bear,True,False,True,False,True,False,True,False,False,3903.T,,253.0,4.4269466,0.6235782,57.15,405.723,12903085056.0,,1749621600.0,1749621600.0,True,,,False,1749621600.0,2025-06-11,-260.0
0,False,14.0,False,True,False,True,0.47640230156709557,383.0,383.0,8148785.0,8.148785,598.0,0.6404682274247492,-0.3865676212449962,-0.1808041371529966,8.317081757638832,2.171561816615883,-0.14888888888888885,-0.14888888888888885,20.06536828103923,15.702820110714386,32.03144156733013,"fund_low_adv20,fund_small_mcap",5,trend_break;macd_sell_like;trailing_stop;di_bear;vol_distribution,True,False,True,False,True,False,True,True,False,3904.T,,383.0,8.986392,0.99703753,42.62,384.138,5901468672.0,,1754978400.0,1755496800.0,True,,,False,1754978400.0,2025-08-12,-216.0
4,True,51.379089159717765,False,False,True,False,0.40110136012751896,4315.0,4315.0,19376799750.0,19376.79975,6140.0,0.7027687296416938,-0.6894865525672371,0.935850013122506,576.2465902979368,13.354498037032139,-0.2972312703583062,-0.2972312703583062,47.60482416112824,30.59927007725057,19.339507047484798,,3,macd_sell_like;trailing_stop;ext_dev200;natr_spike,False,False,True,False,True,True,False,False,True,3905.T,,4315.0,47.721745,6.6630945,90.42,647.597,128060997632.0,,1747299600.0,1747299600.0,True,,,True,1747299600.0,2025-05-15,-279.0
4,True,46.980155306298535,False,False,True,False,0.27561181925879974,973.0,973.0,948640325.0,948.640325,2098.0,0.4637750238322212,-0.5362249761677789,0.16177408756163603,186.96115204419863,19.21491799015402,-0.5362249761677789,-0.5362249761677789,48.10096462590177,30.178743839441953,25.00062508501558,fund_small_mcap,4,cross_sma25_down;macd_sell_like;trailing_stop;natr_spike,False,True,True,False,True,False,False,False,True,3907.T,,973.0,12.964689,1.5358607,75.05,633.521,2670863616.0,,1752044400.0,1752476400.0,True,,,False,1752044400.0,2025-07-09,-240.0
1,False,51.61290322580645,False,False,True,True,0.5056472435993181,301.0,301.0,3963895.0,3.963895,563.48681640625,0.5341739881683262,-0.5131348346347251,-0.12664871611326456,6.252931477070747,2.077385872780979,-0.019543973941368087,-0.33111111111111113,28.116614326978613,16.82097491750623,23.09049955785316,"fund_low_adv20,fund_small_mcap",2,trend_break;di_bear,True,False,False,False,False,False,True,False,False,3908.T,,301.0,13.864579,1.0249217,21.71,293.681,1401066240.0,,1746693600.0,1746693600.0,True,,,False,1746693600.0,2025-05-08,-284.0
0,False,29.787234042553195,False,False,True,False,0.23234285545096153,195.0,195.0,4067540.0,4.06754,431.0,0.45243619489559167,-0.5475638051044083,-0.2975377798591474,7.225079905548841,3.705169182332739,-0.14473684210526316,-0.18410041841004188,19.021343974108817,12.565999053044544,26.076799708345444,"fund_low_adv20,fund_small_mcap",3,trend_break;macd_sell_like;trailing_stop,True,False,True,False,True,False,False,False,False,3909.T,,195.0,6.282216,0.9926796,31.04,196.438,1671676544.0,,1754978400.0,1755496800.0,True,,,False,1754978400.0,2025-08-12,-216.0
1,False,33.33333333333333,False,False,True,True,0.353477726146726,278.0,278.0,1532475.0,1.532475,324.84930419921875,0.8557814235905283,-0.15664632004420287,-0.055101970701367464,4.922600950432299,1.7707197663425538,-0.044673539518900296,-0.10322580645161294,24.46541541148149,15.161608662528264,30.10330062073463,"fund_low_adv20,fund_small_mcap",2,trend_break;di_bear,True,False,False,False,False,False,True,False,False,3910.T,,278.0,5.8798647,1.6727742,47.28,166.191,1508843392.0,,1746599400.0,1746599400.0,True,,,False,1746599400.0,2025-05-07,-285.0
3,False,50.0,True,True,False,False,0.3420464879112722,174.0,174.0,128741460.0,128.74146,307.0,0.5667752442996743,-0.46579804560260585,-0.22130230476616686,8.560005679265853,4.9195434938309495,-0.03867403314917128,-0.1869158878504673,35.40024047579586,35.05872040036245,22.202145099889485,"fund_low_adv20,fund_small_mcap",2,trend_break;natr_spike,True,False,False,False,False,False,False,False,True,3911.T,,174.0,7.4774384,1.1534483,23.27,150.852,8120266752.0,,1753682400.0,1754028000.0,True,,,False,1753682400.0,2025-07-28,-227.0
5,True,62.58064516129033,True,False,True,False,0.3907886220244544,1085.0,1085.0,13370940.0,13.37094,1274.0,0.8516483516483516,-0.1789638932496075,0.007524581384229512,20.798822498494484,1.9169421657598602,-0.03982300884955747,-0.11065573770491799,27.117235025093628,17.24275756438592,31.227763974380785,"fund_low_adv20,fund_small_mcap",1,di_bear,False,False,False,False,False,False,True,False,False,3912.T,,1085.0,16.026588,3.2450247,67.7,334.358,7045814272.0,,1753329600.0,1753675200.0,True,,,False,1753329600.0,2025-07-24,-229.0
0,False,20.0,False,False,True,True,0.2749499190179469,920.0,920.0,35532990.0,35.53299,1629.0,0.5647636586863106,-0.4714548802946593,-0.1838870925534133,45.797820257051825,4.978023940983894,-0.1785714285714286,-0.3046107331821618,18.229265112501945,15.923716420223538,29.28069718561498,"fund_low_adv20,fund_small_mcap",2,trend_break;trailing_stop,True,False,False,False,True,False,False,False,False,3913.T,,920.0,10.513084,1.7509835,87.51,525.419,1856755072.0,,1754974500.0,1755492900.0,True,,,False,1754974500.0,2025-08-12,-216.0
0,False,7.293666026871406,False,True,False,True,0.29028874127488036,2275.0,2275.0,49614835.0,49.614835,4060.0,0.5603448275862069,-0.5409736308316431,-0.13700558006501862,99.74115271853316,4.384226493122337,-0.1724263368497635,-0.26136363636363635,20.227877396257128,16.046502927449378,32.91950596773786,"fund_low_adv20,fund_small_mcap",5,trend_break;macd_sell_like;trailing_stop;di_bear;vol_distribution,True,False,True,False,True,False,True,True,False,3914.T,,2275.0,35.95133,4.23037,63.28,537.778,14963728384.0,,1754287200.0,1754632800.0,True,,,False,1754287200.0,2025-08-04,-222.0
2,False,58.965748824714574,False,False,True,False,0.40321575779393465,2398.0,2398.0,3193029640.0,3193.02964,3485.0,0.6880918220946916,-0.5160049389559997,0.19225905397754461,271.47047562042053,11.320703737298604,-0.31190817790530845,-0.31190817790530845,39.83206714192265,36.70651604493519,23.6469887406846,,3,trend_break;trailing_stop;ext_dev200;natr_spike,True,False,False,False,True,True,False,False,True,3915.T,,2398.0,19.688013,2.4634311,121.8,973.439,30955487232.0,,1752127200.0,1752472800.0,True,,,True,1752127200.0,2025-07-10,-239.0
0,False,30.66666666666667,False,False,True,True,0.5713019213029163,820.0,820.0,84038005.0,84.038005,1387.0,0.5912040374909877,-0.4152847873107426,-0.27583342406158806,19.412445529672894,2.36737140605767,-0.08071748878923768,-0.17835671342685366,40.44181554822973,13.63354300475834,33.538916861974116,"fund_low_adv20,fund_small_mcap",3,trend_break;trailing_stop;di_bear,True,False,False,False,True,False,True,False,False,3916.T,,820.0,11.09908,2.8088927,73.88,291.93,24159549440.0,,1754546400.0,1754978400.0,True,,,False,1754546400.0,2025-08-07,-219.0
0,False,6.0,False,True,False,True,0.5392226630629863,408.0,408.0,9547720.0,9.54772,675.0,0.6044444444444445,-0.39555555555555555,-0.20447676799188874,8.613175582776226,2.111072446758879,-0.10329670329670326,-0.33333333333333337,36.920082801972654,8.40920939622266,41.50313393776844,"fund_low_adv20,fund_small_mcap",5,trend_break;macd_sell_like;trailing_stop;di_bear;vol_distribution,True,False,True,False,True,False,True,True,False,3917.T,,408.0,5.0339293,1.0528381,81.05,387.524,3194307072.0,,1746763200.0,1746763200.0,True,,,False,1746763200.0,2025-05-09,-283.0
4,False,41.714285714285715,False,False,True,False,0.4807813937170068,1167.0,1167.0,28996390.0,28.99639,1549.4990234375,0.7531466508517433,-0.3571872949737409,0.0001693136168257059,27.84634248940341,2.3861475997774986,-0.035537190082644665,-0.035537190082644665,27.44269290766861,29.57413676376108,21.14206909190367,"fund_low_adv20,fund_small_mcap",2,trend_break;macd_sell_like,True,False,True,False,False,False,False,False,False,3918.T,,1167.0,10.242232,1.1862867,113.94,983.742,11578366976.0,,1754551800.0,1754983800.0,True,,,False,1754551800.0,2025-08-07,-219.0
6,True,39.0625,False,False,True,True,0.14652168388243758,986.0,986.0,5120890.0,5.12089,1038.923828125,0.9490589909555599,-0.26420296458737913,0.014692443165948976,22.77616182243831,2.3099555600850215,-0.018905472636815968,-0.043646944713869984,14.01234163364862,13.558326349733269,21.80199736687346,"fund_low_adv20,fund_small_mcap",1,macd_sell_like,False,False,True,False,False,False,False,False,False,3920.T,,986.0,14.178889,2.468394,69.54,399.45,5479636992.0,,1754546400.0,1754978400.0,True,,,False,1754546400.0,2025-08-07,-219.0
1,False,40.25157232704402,False,False,False,True,0.37559463867721027,1536.0,1536.0,26163955.0,26.163955,2050.612548828125,0.7490444749681194,-0.2533938208488341,-0.12021996117489486,28.761700953579258,1.8725065724986496,-0.025380710659898442,-0.08462455303933258,7.934637001659955,16.81168487143258,22.66244346519828,"fund_low_adv20,fund_small_mcap",2,trend_break;macd_sell_like,True,False,True,False,False,False,False,False,False,3921.T,,1536.0,11.886704,2.8808496,129.22,533.176,21531453440.0,,1749794400.0,1749794400.0,True,,,False,1749794400.0,2025-06-13,-258.0
1,False,50.87336244541484,False,False,True,True,0.4730925824613123,2231.0,2231.0,108638385.0,108.638385,3320.39453125,0.671908105799739,-0.3967584330269488,-0.13812431061647568,66.81987224027938,2.9950637490040064,-0.02618943692710607,-0.05864978902953588,12.213200198769313,25.050066546662375,19.047588105115558,fund_low_adv20,1,trend_break,True,False,False,False,False,False,False,False,False,3922.T,,2231.0,12.77412,3.2495859,174.65,686.549,30173237248.0,,1752040800.0,1752472800.0,True,,,False,1752040800.0,2025-07-09,-240.0
0,False,62.35780819646711,False,False,True,True,0.5245570535918933,975.9000244140625,975.9000244140625,3722031858.645935,3722.0318586459352,1374.6273193359375,0.709937894210851,-0.4755315427734452,-0.057879401711791956,45.5781187224037,4.6703676178068685,-0.07189726636798621,-0.07189726636798621,13.542627450131935,25.323286717971026,21.00933359315845,,2,trend_break;macd_sell_like,True,False,True,False,False,False,False,False,False,3923.T,,975.9,26.418518,13.413696,36.94,72.754,345575325696.0,1786689000.0,1786689000.0,1786689000.0,True,,,True,1786689000.0,2026-08-14,47.0
2,False,38.46153846153846,True,False,True,False,0.45024897716383955,1171.0,1171.0,88661365.0,88.661365,1852.6949462890625,0.6320522449448607,-0.3728055434449803,-0.23638553566399056,27.599079784251057,2.3568812796115335,-0.057924376508447284,-0.17418899858956272,39.37671323945875,16.513874058631746,28.786521051772496,"fund_low_adv20,fund_small_mcap",2,trend_break;di_bear,True,False,False,False,False,False,True,False,False,3925.T,,1171.0,14.28223,2.369673,81.99,494.161,15827055616.0,,1754980200.0,1755498600.0,True,,,False,1754980200.0,2025-08-12,-216.0
0,False,25.581395348837205,False,False,True,True,0.4960304195642264,230.0,230.0,12581920.0,12.58192,522.0,0.44061302681992337,-0.6279373368146214,-0.3462844799408813,10.676826867541019,4.642098638061312,-0.22033898305084743,-0.4177215189873418,27.197729821426655,13.194095606762998,35.80586075389587,"fund_neg_eps,fund_low_adv20,fund_small_mcap",4,trend_break;macd_sell_like;trailing_stop;di_bear,True,False,True,False,True,False,True,False,False,3926.T,,230.0,-6.303096738832557,2.0510626,-36.49,112.137,7133105152.0,,1754546400.0,1754978400.0,True,,,False,1754546400.0,2025-08-07,-219.0
2,False,42.69662921348315,False,False,True,True,0.3672842698966908,880.0,880.0,47271680.0,47.27168,1254.0,0.7017543859649122,-0.33516912013830746,-0.018441128056073453,47.59211049121763,5.4081943740020035,-0.21498661909009809,-0.29824561403508776,20.778254935712148,17.442728537434043,29.347401853387506,"fund_low_adv20,fund_small_mcap",4,trend_break;macd_sell_like;trailing_stop;di_bear,True,False,True,False,True,False,True,False,False,3927.T,,880.0,11.649457,2.1854393,75.54,402.665,4703065600.0,,1747276200.0,1747276200.0,True,,,False,1747276200.0,2025-05-15,-279.0
0,False,11.428571428571416,False,False,True,False,0.3651043434334315,232.0,232.0,5217880.0,5.21788,311.0,0.7459807073954984,-0.504566210045662,-0.12599596903313304,7.064531879190113,3.045056844478497,-0.17730496453900713,-0.21885521885521886,17.718761655147723,15.64085644743487,26.218126849133146,"fund_low_adv20,fund_small_mcap",3,trend_break;macd_sell_like;trailing_stop,True,False,True,False,True,False,False,False,False,3928.T,,232.0,8.659947,1.436746,26.79,161.476,1984147712.0,,1754978400.0,1755496800.0,True,,,False,1754978400.0,2025-08-12,-216.0
1,False,23.38709677419355,False,False,True,False,0.2248024273543088,284.0,284.0,30762115.0,30.762115,367.0,0.773841961852861,-0.26702997275204354,-0.013734784949037127,15.0586623065325,5.302345882581867,-0.22615803814713897,-0.22615803814713897,50.06573234197498,6.207986092662525,33.83308139837892,"fund_low_adv20,fund_small_mcap",4,trend_break;trailing_stop;di_bear;natr_spike,True,False,False,False,True,False,True,False,True,3929.T,,284.0,14.9947195,1.8734004,18.94,151.596,3325284096.0,,1747117800.0,1747117800.0,True,,,False,1747117800.0,2025-05-13,-281.0
2,False,51.87499999999999,True,False,True,True,0.3887289349704268,938.0,938.0,26254420.0,26.25442,1678.0,0.5589988081048868,-0.5053635280095352,-0.06703799482792916,34.30500133728741,3.6572496095189138,-0.016771488469601636,-0.2543720190779014,12.56376591744286,30.57967458364518,24.650122066466853,"fund_low_adv20,fund_small_mcap",1,trend_break,True,False,False,False,False,False,False,False,False,3930.T,,938.0,20.172043,0.96945494,46.5,967.554,2811894272.0,,1749794400.0,1749794400.0,True,,,False,1749794400.0,2025-06-13,-258.0
6,True,51.552795031055894,False,False,True,True,0.4189289082572739,1802.0,1802.0,2477840.0,2.47784,2209.228759765625,0.8156692655907541,-0.37282850338949014,0.11539740712172453,19.961022100352633,1.1077148779329984,-0.00770925110132159,-0.01798365122615808,12.866156575348663,22.988728638346025,16.6940291358928,"fund_neg_eps,fund_low_adv20,fund_small_mcap",0,,False,False,False,False,False,False,False,False,False,3931.T,,1802.0,-402.23214285714283,3.037193,-4.48,593.311,3255869696.0,,1749812340.0,1749812340.0,True,,,False,1749812340.0,2025-06-13,-258.0
4,True,31.034482758620683,False,False,True,False,0.31068188740121233,3020.0,3020.0,306791985.0,306.791985,3350.0,0.9014925373134328,-0.2666079598055088,0.09496310976824152,114.4624187654882,3.79014631673802,-0.09850746268656718,-0.09850746268656718,17.896712610189873,22.69708303173864,22.692344941750967,,2,macd_sell_like;trailing_stop,False,False,True,False,True,False,False,False,False,3932.T,,3020.0,7.7042785,0.9602339,391.99,3145.067,36337451008.0,,1754546460.0,1754978460.0,True,,,True,1754546460.0,2025-08-07,-219.0
0,False,21.243523316062166,False,False,True,False,0.24989584592429517,438.0,438.0,19048180.0,19.04818,787.6723022460938,0.5560688102793729,-0.44393118972062706,-0.3202655645891128,25.68347156119075,5.863806292509303,-0.39251040221914013,-0.39419087136929465,47.24960227938598,9.10457173493295,43.2375145510037,"fund_low_adv20,fund_small_mcap",4,trend_break;trailing_stop;di_bear;natr_spike,True,False,False,False,True,False,True,False,True,3933.T,,438.0,4.979536,0.96888083,87.96,452.068,3271951872.0,,1747292400.0,1747292400.0,True,,,False,1747292400.0,2025-05-15,-279.0
5,True,52.16783216783217,False,False,True,False,0.4552964402077928,2216.0,2216.0,7986135.0,7.986135,2460.0,0.9008130081300812,-0.16990692969259003,0.17407371834663543,62.5753049463119,2.8237953495628116,-0.09918699186991875,-0.09918699186991875,39.37152499345883,32.28660148923,24.749585336094487,"fund_low_adv20,fund_small_mcap",2,macd_sell_like;trailing_stop,False,False,True,False,True,False,False,False,False,3934.T,,2216.0,13.158363,1.4903009,168.41,1486.948,13063557120.0,,1754546400.0,1754892000.0,True,,,False,1754546400.0,2025-08-07,-219.0
1,False,53.424657534246585,False,False,True,True,0.5564189956917639,626.0,626.0,40160990.0,40.16099,1242.716796875,0.5037350437156495,-0.5043118419667092,-0.25487941375898016,17.402812303662206,2.780001965441247,-0.03245749613601234,-0.12934631432545207,22.350553131678296,17.666366724642664,22.66322291502627,"fund_low_adv20,fund_small_mcap",2,trend_break;di_bear,True,False,False,False,False,False,True,False,False,3935.T,,626.0,8.54141,3.0576408,73.29,204.733,3709148928.0,,1744603200.0,1744603200.0,True,,,False,1744603200.0,2025-04-14,-302.0
2,True,56.92307692307692,False,False,True,True,0.2594806979385536,171.0,171.0,420428770.0,420.42877,321.0,0.5327102803738317,-0.632398753894081,0.09749053334189073,15.185372465985726,8.88033477543025,-0.14500000000000002,-0.2815126050420168,17.959783630230913,28.57659186702929,20.703097506879686,fund_small_mcap,2,macd_sell_like;trailing_stop,False,False,True,False,True,False,False,False,False,3936.T,,171.0,32.509502,6.729899,5.26,25.409,6252134400.0,,1747724400.0,1747724400.0,True,,,False,1747724400.0,2025-05-20,-276.0
3,False,48.333333333333336,False,False,True,False,0.4295758349596988,937.0,937.0,49656645.0,49.656645,1109.5333251953125,0.8444991950422568,-0.3650682760346713,-0.06530331051439253,24.684910421709358,2.634462158133336,-0.08585365853658533,-0.08585365853658533,18.416239685646712,13.759763065369453,22.70811845060808,"fund_low_adv20,fund_small_mcap",3,trend_break;macd_sell_like;trailing_stop,True,False,True,False,True,False,False,False,False,3937.T,,937.0,12.739633,1.8857026,73.55,496.897,11359476736.0,,1754463600.0,1754982000.0,True,,,False,1754463600.0,2025-08-06,-220.0
2,False,33.33333333333333,False,False,True,True,0.3094388422829558,486.0,486.0,98152045.0,98.152045,577.0,0.8422876949740035,-0.32137655598944537,-0.046838501094892515,14.71671104645542,3.0281298449496745,-0.06358381502890176,-0.15771230502599654,27.57192852986207,15.109148063863287,28.34303862060611,"fund_low_adv20,fund_small_mcap",2,trend_break;di_bear,True,False,False,False,False,False,True,False,False,3939.T,,486.0,18.263811,47.097588,26.61,10.319,23064246272.0,,1754467200.0,1754985600.0,True,,,False,1754467200.0,2025-08-06,-220.0
1,False,37.5,False,False,True,False,0.3883954150963462,118.0,118.0,14331880.0,14.33188,147.94285583496094,0.7976052600447028,-0.20239473995529722,-0.11432597075784023,2.9306560875787753,2.483606853880318,-0.06349206349206349,-0.1748251748251748,32.70948723930523,10.71879709485024,21.565753481484872,"fund_low_adv20,fund_small_mcap",2,trend_break;di_bear,True,False,False,False,False,False,True,False,False,3940.T,,118.0,13.363534,1.6291143,8.83,72.432,5322932224.0,,1754976600.0,1755495000.0,True,,,False,1754976600.0,2025-08-12,-216.0
5,True,45.492662473794546,False,False,True,False,0.5144042963092412,1389.5,1389.5,1727116517.5,1727.1165175,1536.3155517578125,0.9044365907838204,-0.3114192394335801,0.19486469686743857,36.7064839442786,2.641704494010695,-0.046982167352537685,-0.046982167352537685,24.70866988289929,33.546133080529884,24.416394389803795,,1,macd_sell_like;ext_dev200,False,False,True,False,False,True,False,False,False,3941.T,,1389.5,16.408833,0.7043885,84.68,1972.633,344656248832.0,1785911400.0,1785911400.0,1785911400.0,True,,,True,1785911400.0,2026-08-05,40.0
4,False,38.20224719101124,True,False,True,True,0.5489205961092796,1217.0,1217.0,8401185.0,8.401185,1467.8951416015625,0.8290782941567469,-0.22381439358537414,-0.07891772751681358,14.990034074330769,1.231720137578535,-0.08496240601503757,-0.16757865937072502,51.527476475835094,14.081343419968853,39.32931929768627,"fund_low_adv20,fund_small_mcap",3,trend_break;trailing_stop;di_bear,True,False,False,False,True,False,True,False,False,3943.T,,1217.0,13.175273,0.4883596,92.37,2492.016,9545574400.0,,1746772200.0,1746772200.0,True,,,False,1746772200.0,2025-05-09,-283.0
2,False,0.0,False,False,True,True,0.502552347321773,2333.0,2333.0,874225.0,0.874225,2841.0,0.8211897219288983,-0.17881027807110172,-0.0182160693638711,12.59134197970989,0.5397060428508311,-0.028321532694710494,-0.10475825019186491,22.52582626050432,20.900153533073905,41.21027847824077,"fund_low_adv20,fund_small_mcap",2,trend_break;di_bear,True,False,False,False,False,False,True,False,False,3944.T,,2333.0,8.183381,0.29297602,285.09,7963.109,2588274432.0,,1754544000.0,1754976000.0,True,,,False,1754544000.0,2025-08-07,-219.0
1,False,45.39473684210527,False,False,True,True,0.5632211535456226,2131.0,2131.0,7114345.0,7.114345,2817.986328125,0.7562137469339324,-0.24485084304298077,-0.14305773274050504,26.389506489309703,1.238362575753623,-0.030482256596906288,-0.10190124467162032,22.65965582476398,19.737328110015607,36.91581868451709,"fund_low_adv20,fund_small_mcap",2,trend_break;di_bear,True,False,False,False,False,False,True,False,False,3945.T,,2131.0,3.9517114,0.5706416,539.26,3734.393,3164852480.0,,1747206000.0,1747206000.0,True,,,False,1747206000.0,2025-05-14,-280.0
6,True,37.288135593220346,False,False,True,True,0.36125844360915915,3795.0,3795.0,172984575.0,172.984575,4015.0,0.9452054794520548,-0.09999998655054587,0.10848393600611095,92.09272601626382,2.4266857975300087,-0.0547945205479452,-0.0547945205479452,20.129817075150722,26.69868012179082,25.933656810718748,fund_low_adv20,0,,False,False,False,False,False,False,False,False,False,3946.T,,3795.0,8.503058,0.61288786,446.31,6191.997,62604046336.0,,1753768800.0,1754287200.0,True,,,False,1753768800.0,2025-07-29,-226.0
2,False,37.86764705882353,True,True,False,True,0.4601361831199435,2009.0,2009.0,5522680.0,5.52268,2730.0,0.735897435897436,-0.28205128205128205,-0.13483698854336656,44.44429417737491,2.21225954093454,-0.11692307692307691,-0.26410256410256405,26.762950187864742,21.085296159036723,33.16424506922829,"fund_low_adv20,fund_small_mcap",3,trend_break;trailing_stop;di_bear,True,False,False,False,True,False,True,False,False,3947.T,,2009.0,6.2787137,0.40959904,319.97,4904.797,19622881280.0,,1754374800.0,1754979600.0,True,,,False,1754374800.0,2025-08-05,-221.0
3,False,43.47826086956522,False,False,True,False,0.2523855960705052,1133.0,1133.0,7858225.0,7.858225,1353.9228515625,0.8368275922756284,-0.3057211502744124,-0.08178524602298565,44.37986937588026,3.9170228928402704,-0.10007942811755366,-0.10007942811755366,35.89075143523025,21.30149377730155,13.916239138092973,"fund_low_adv20,fund_small_mcap",2,trend_break;trailing_stop,True,False,False,False,True,False,False,False,False,3948.T,,1133.0,40.873016,1.059019,27.72,1069.858,6087990784.0,,1754470800.0,1754989200.0,True,,,False,1754470800.0,2025-08-06,-220.0
6,True,37.68115942028986,False,False,False,False,0.21228900428017328,1283.0,1283.0,168533675.0,168.533675,1378.0,0.9310595065312046,-0.20853824627231798,0.01757787114502296,29.4349231217837,2.294226276054848,-0.048219584569732965,-0.06894049346879538,22.46716926363983,27.388693017080584,29.259556281573435,fund_low_adv20,1,di_bear,False,False,False,False,False,False,True,False,False,3950.T,,1283.0,11.973868,0.92885,107.15,1381.278,71338450944.0,,1754287200.0,1754632800.0,True,,,False,1754287200.0,2025-08-04,-222.0
3,False,40.98360655737705,False,False,True,False,0.41314385473502324,845.0,845.0,14940350.0,14.94035,905.1910400390625,0.933504600270386,-0.11721296770911827,-0.022783639485066565,6.875610979256717,0.8136817726931025,-0.0219907407407407,-0.036488027366020526,24.68186942637476,15.243952979551498,23.5868794946816,"fund_low_adv20,fund_small_mcap",2,trend_break;di_bear,True,False,False,False,False,False,True,False,False,3951.T,,845.0,11.149228,0.4903528,75.79,1723.249,17473724416.0,,1747029600.0,1747029600.0,True,,,False,1747029600.0,2025-05-12,-282.0
3,False,45.65217391304348,True,False,True,True,0.3042407729104476,738.0,738.0,2535305.0,2.535305,839.6793823242188,0.8789068965314214,-0.13755238740003362,-0.047157596865754936,9.040650740198886,1.2250204255012043,-0.0390625,-0.07634543178973718,38.97066275069442,14.621738749006601,28.894601943313035,"fund_low_adv20,fund_small_mcap",2,trend_break;di_bear,True,False,False,False,False,False,True,False,False,3953.T,,738.0,7.183181,0.51509047,102.74,1432.758,2628506624.0,,1747204200.0,1747204200.0,True,,,False,1747204200.0,2025-05-14,-280.0
8,True,52.45346869712351,True,False,True,False,0.4725463869425223,3000.0,3000.0,3775590.0,3.77559,3391.032958984375,0.8846861815517445,-0.2285921559162748,0.010219482806272495,54.65517516584222,1.821839172194741,-0.025974025974025983,-0.07120743034055732,20.311480482774748,35.53566326169426,33.24968788436521,"fund_low_adv20,fund_small_mcap",0,,False,False,False,False,False,False,False,False,False,3954.T,,3000.0,10.267292,0.49305597,292.19,6084.502,13170018304.0,,1747029600.0,1747029600.0,True,,,False,1747029600.0,2025-05-12,-282.0
2,False,70.24793388429751,True,True,False,False,0.41184073035468294,832.0,832.0,4111175.0,4.111175,1060.53466796875,0.7845099506209786,-0.27300820681637683,-0.10257381378684594,14.94774860067827,1.7966043991199845,0.0,-0.11489361702127665,22.332896599118254,29.50614719698824,24.690245168798146,"fund_low_adv20,fund_small_mcap",1,trend_break,True,False,False,False,False,False,False,False,False,3955.T,,832.0,8.754209,0.46545663,95.04,1787.492,8318641152.0,,1749639540.0,1749639540.0,True,,,False,1749639540.0,2025-06-11,-260.0
7,True,50.0,True,True,False,True,0.3851065117551902,560.0,560.0,1340170.0,1.34017,588.0,0.9523809523809523,-0.10216431831096195,0.0035879705042722865,5.4846158365598825,0.9793956850999791,-0.019264448336252182,-0.032815198618307395,10.147010842380077,22.843028226577967,28.615375739987325,"fund_low_adv20,fund_small_mcap",1,vol_distribution,False,False,False,False,False,False,False,True,False,3958.T,,560.0,13.00813,0.32031262,43.05,1748.292,3050999808.0,,1747033200.0,1747033200.0,True,,,False,1747033200.0,2025-05-12,-282.0
3,False,38.17204301075269,False,False,True,False,0.2091257595458068,936.0,936.0,371752435.0,371.752435,1214.6019287109375,0.7706228500669194,-0.3828627492861394,-0.07846788601446186,24.90374396487602,2.6606564065038483,-0.04587155963302747,-0.04587155963302747,12.635308286237233,25.410181153815582,20.66119555304319,,1,trend_break,True,False,False,False,False,False,False,False,False,3962.T,,936.0,9.39099,1.3929173,99.67,671.971,65125892096.0,1778740200.0,1786602600.0,1786602600.0,True,,,True,1786602600.0,2026-08-13,46.0
0,False,29.896907216494853,False,False,True,True,0.4934158568110655,301.0,301.0,69416640.0,69.41664,707.9210815429688,0.42518863733221113,-0.5748113626677889,-0.43423312703383576,16.42978616519799,5.45840071933488,-0.26405867970660146,-0.373766395415563,44.273636093826795,10.799659881656474,32.641787911298835,"fund_low_adv20,fund_small_mcap",3,trend_break;trailing_stop;di_bear,True,False,False,False,True,False,True,False,False,3963.T,,301.0,31.354166,1.7718077,9.6,169.883,8440819200.0,,1754548200.0,1754893800.0,True,,,False,1754548200.0,2025-08-07,-219.0
5,True,43.863179074446684,False,False,False,False,0.16354899010231397,1437.0,1437.0,282784660.0,282.78466,1598.0,0.8992490613266583,-0.14518147684605753,0.3154860684589773,61.79018346436162,4.29994317775655,-0.10075093867334173,-0.10075093867334173,19.28383927214253,22.677123448394955,19.943593492394214,,1,trailing_stop;ext_dev200,False,False,False,False,True,True,False,False,False,3964.T,,1437.0,22.121305,4.853565,64.96,296.071,130365562880.0,,1754460000.0,1754892000.0,True,,,True,1754460000.0,2025-08-06,-220.0
7,True,57.79816513761468,True,False,True,False,0.3987813644028578,839.0,839.0,4668245.0,4.668245,889.2303466796875,0.9435125590717371,-0.17359640061362536,0.02473113047077624,17.595186358029473,2.097161663650712,-0.03563218390804601,-0.03563218390804601,26.366681518952852,27.248924471662693,26.70529670515202,"fund_low_adv20,fund_small_mcap",0,,False,False,False,False,False,False,False,False,False,3965.T,,839.0,8.935037,1.2269257,93.9,683.823,4830548480.0,,1754557200.0,1754989200.0,True,,,False,1754557200.0,2025-08-07,-219.0
1,False,36.58536585365854,False,False,True,True,0.3549831114276877,569.0,569.0,6185590.0,6.18559,770.0,0.7389610389610389,-0.35230934479054776,-0.1042120923495935,11.824486597012926,2.078117152374855,-0.0702614379084967,-0.08373590982286638,21.20140391669156,11.187044615231311,25.770479859319188,"fund_neg_eps,fund_low_adv20,fund_small_mcap",2,trend_break;di_bear,True,False,False,False,False,False,True,False,False,3967.T,,569.0,-20.705967976710333,1.9100305,-27.48,297.901,3518273280.0,,1744614000.0,1744614000.0,True,,,False,1744614000.0,2025-04-14,-302.0
3,False,44.66019417475729,False,False,True,False,0.550231954275878,568.0,568.0,268584275.0,268.584275,792.9439697265625,0.7163179514384455,-0.38709414718471036,-0.05883390458980331,20.558869707498246,3.619519314700396,-0.029059829059829068,-0.11250000000000004,28.149215104773784,25.533966094474792,12.584087520527628,fund_small_mcap,1,trend_break,True,False,False,False,False,False,False,False,False,3968.T,,568.0,15.272923,2.6873326,37.19,211.362,20645083136.0,,1754983800.0,1755502200.0,True,,,False,1754983800.0,2025-08-12,-216.0
2,False,35.40372670807453,False,True,False,False,0.4766249853653456,1329.0,1329.0,15617675.0,15.617675,1563.8709716796875,0.8498143542958518,-0.1880754186756617,-0.06982327930026666,22.68429678125545,1.706869584744579,-0.045944005743000726,-0.05543710021321957,40.56352518140797,10.21140090210003,19.19987601937655,"fund_low_adv20,fund_small_mcap",2,trend_break;di_bear,True,False,False,False,False,False,True,False,False,3969.T,,1329.0,13.89586,1.7737004,95.64,749.281,9950465024.0,,1753250400.0,1753682400.0,True,,,False,1753250400.0,2025-07-23,-230.0
1,False,51.24999999999999,False,False,True,False,0.28636008831679427,799.0,799.0,3529105.0,3.529105,1071.0257568359375,0.7460138048971243,-0.26467275572252924,-0.12286945334877741,11.553546990345355,1.4460008748867779,-0.04425837320574166,-0.13152173913043474,27.519607581231853,27.0205107161524,31.22807433906374,"fund_neg_eps,fund_low_adv20,fund_small_mcap",2,trend_break;di_bear,True,False,False,False,False,False,True,False,False,3970.T,,799.0,-4.651027417195413,0.73993134,-171.79,1079.83,2147978752.0,,1747031400.0,1747031400.0,True,,,False,1747031400.0,2025-05-12,-282.0
2,False,23.94366197183099,False,False,True,False,0.5357880959732322,532.0,532.0,1671550.0,1.67155,635.229736328125,0.8374922796832008,-0.2239055213860942,-0.04723729511542896,8.705623750311348,1.6363954417878475,-0.07638888888888884,-0.1439164782382627,33.26341782638248,16.98370480339684,31.531857918591783,"fund_low_adv20,fund_small_mcap",2,trend_break;di_bear,True,False,False,False,False,False,True,False,False,3974.T,,532.0,12.165562,0.815732,43.73,652.175,1666426112.0,,1749794700.0,1749794700.0,True,,,False,1749794700.0,2025-06-13,-258.0
4,True,49.844236760124616,False,False,True,False,0.3749433365959982,470.0,470.0,21584160.0,21.58416,525.0,0.8952380952380953,-0.4173913043478261,0.19171378584649723,23.816591459103435,5.067359884915625,-0.10476190476190472,-0.10476190476190472,22.184300055482026,19.975506130234734,21.9775355314191,"fund_neg_eps,fund_low_adv20,fund_small_mcap",4,macd_sell_like;trailing_stop;ext_dev200;di_bear;natr_spike,False,False,True,False,True,True,True,False,True,3976.T,,470.0,-12.71301054909386,2.4346151,-36.97,193.049,2785194496.0,,1749708000.0,1749708000.0,True,,,False,1749708000.0,2025-06-12,-259.0
2,False,63.23529411764706,False,False,True,False,0.3527328216884391,394.0,394.0,26219895.0,26.219895,448.18084716796875,0.8791094097163351,-0.26815257262193426,-0.005330009083443721,17.337457487120997,4.400369920589085,-0.06635071090047395,-0.06635071090047395,54.33245079024677,29.99918037093017,7.151122120448347,"fund_low_adv20,fund_small_mcap",1,trend_break,True,False,False,False,False,False,False,False,False,3979.T,,394.0,16.341766,2.9504712,24.11,133.538,10904921088.0,,1747206000.0,1747206000.0,True,,,False,1747206000.0,2025-05-14,-280.0
2,False,40.50632911392405,False,False,True,False,0.2705975638859467,1220.0,1220.0,6292830.0,6.29283,1321.60107421875,0.9231227363530933,-0.3943746231188726,-0.025093607909726368,13.192059617965317,1.0813163621283046,-0.051321928460342114,-0.06009244992295837,27.280140594770774,14.610679899382815,29.71369093423309,"fund_low_adv20,fund_small_mcap",2,trend_break;di_bear,True,False,False,False,False,False,True,False,False,3981.T,,1220.0,9.994266,0.8672829,122.07,1406.692,6817710080.0,,1754978400.0,1755496800.0,True,,,False,1754978400.0,2025-08-12,-216.0
2,False,53.35120643431635,False,True,False,True,0.47218240586226073,2034.0,2034.0,125670615.0,125.670615,3237.365234375,0.6282887016894405,-0.4396677950517969,-0.06642490131240442,62.40585536378202,3.068134481995183,-0.036475603979156834,-0.036475603979156834,11.521993316404203,19.01915271542682,16.396186947421835,fund_low_adv20,3,trend_break;macd_sell_like;vol_distribution,True,False,True,False,False,False,False,True,False,3983.T,,2034.0,16.92039,3.1322184,120.21,649.38,31260145664.0,,1754978400.0,1755496800.0,True,,,False,1754978400.0,2025-08-12,-216.0
3,False,52.96229802513465,False,False,True,True,0.5518557356297744,1791.0,1791.0,242825875.0,242.825875,2148.76171875,0.8335033076826588,-0.35590810841273046,-0.016485407586944723,64.01509907729277,3.5742657217918916,-0.062303664921465995,-0.062303664921465995,29.83892830096423,27.58971222591561,16.099455840327597,fund_small_mcap,2,trend_break;macd_sell_like,True,False,True,False,False,False,False,False,False,3984.T,,1791.0,17.379911,2.9965467,103.05,597.688,28291819520.0,,1754460000.0,1754978400.0,True,,,False,1754460000.0,2025-08-06,-220.0
2,False,52.38095238095237,True,False,True,False,0.46439790682194443,173.0,173.0,2795550.0,2.79555,385.0,0.44935064935064933,-0.5532467532467533,-0.2474334435357578,4.335326507157387,2.505969079281727,-0.05978260869565222,-0.1519607843137255,17.85514693684274,19.426533661372275,24.274795356973467,"fund_neg_eps,fund_low_adv20,fund_small_mcap",1,trend_break,True,False,False,False,False,False,False,False,False,3985.T,,173.0,-98.29545454545455,1.2448372,-1.76,138.974,1851256192.0,,1754550000.0,1754895600.0,True,,,False,1754550000.0,2025-08-07,-219.0
6,True,53.06122448979592,False,False,True,False,0.3608666210427521,530.0,530.0,4738320.0,4.73832,565.0,0.9380530973451328,-0.21217712177121772,0.09094651332009285,13.679235513059432,2.580987832652723,-0.06194690265486724,-0.06194690265486724,20.86410978133109,23.897038818452625,27.248950093288965,"fund_low_adv20,fund_small_mcap",2,macd_sell_like;di_bear,False,False,True,False,False,False,True,False,False,3986.T,,530.0,26.944586,3.2040431,19.67,165.416,2419503104.0,,1747204200.0,1747204200.0,True,,,False,1747204200.0,2025-05-14,-280.0
3,True,30.12048192771084,False,False,True,True,0.4139513176746973,527.0,527.0,7938705.0,7.938705,682.0,0.7727272727272727,-0.30533117932148623,0.04058683568798194,14.991110347470633,2.844612969159513,-0.05892857142857144,-0.2272727272727273,19.27622203402979,23.15010620015632,19.176358216853025,"fund_neg_eps,fund_low_adv20,fund_small_mcap",0,,False,False,False,False,False,False,False,False,False,3987.T,,527.0,-48.66112650046168,3.2846558,-10.83,160.443,2722984192.0,,1752129000.0,1752474600.0,True,,,False,1752129000.0,2025-07-10,-239.0
1,False,31.86813186813187,False,False,True,False,0.343181739539928,524.0,524.0,1878215.0,1.878215,655.0,0.8,-0.21068702290076335,-0.07507104654651997,12.516470914860388,2.3886394875687764,-0.06261180679785328,-0.06428571428571428,14.881626467107886,20.32828934057234,15.560385019904688,"fund_low_adv20,fund_small_mcap",2,trend_break;macd_sell_like,True,False,True,False,False,False,False,False,False,3988.T,,524.0,13.667189,1.4163004,38.34,369.978,5544816640.0,,1749708000.0,1749708000.0,True,,,False,1749708000.0,2025-06-12,-259.0
2,False,42.96875,True,False,True,True,0.4915458061575059,982.0,982.0,164365235.0,164.365235,1255.0,0.7824701195219124,-0.257524579879466,-0.09289115535848846,27.626397703344942,2.813278788527998,-0.11050724637681164,-0.21752988047808763,40.55085481001701,15.799800762465116,34.1126210332558,"fund_low_adv20,fund_small_mcap",3,trend_break;trailing_stop;di_bear,True,False,False,False,True,False,True,False,False,3989.T,,982.0,15.889968,4.7862515,61.8,205.171,23500505088.0,,1754892000.0,1755237600.0,True,,,False,1754892000.0,2025-08-11,-217.0
0,False,31.578947368421055,False,False,True,False,0.3847990450248598,920.0,920.0,7851695.0,7.851695,1427.0,0.644709180098108,-0.3756131744919411,-0.20967543945745026,27.121551451489434,2.947994722987982,-0.10068426197458458,-0.19156414762741647,52.44116247052594,12.18901609243826,25.814705906979686,"fund_low_adv20,fund_small_mcap",3,trend_break;trailing_stop;di_bear,True,False,False,False,True,False,True,False,False,3991.T,,920.0,10.288527,1.7231305,89.42,533.912,8746608640.0,,1752127200.0,1752472800.0,True,,,False,1752127200.0,2025-07-10,-239.0
2,False,36.0655737704918,True,False,True,False,0.4237327260753977,401.0,401.0,59547665.0,59.547665,603.6799926757812,0.6642592182367808,-0.33739728854186457,-0.22386861675014746,10.048115045655154,2.505764350537445,-0.06960556844547561,-0.26422018348623855,17.606129351817927,16.927714389282237,19.496471308396785,"fund_low_adv20,fund_small_mcap",1,trend_break,True,False,False,False,False,False,False,False,False,3992.T,,401.0,18.915094,3.200319,21.2,125.3,15185170432.0,,1754461800.0,1754980200.0,True,,,False,1754461800.0,2025-08-06,-220.0
1,False,48.11812391430226,False,False,True,False,0.26156416749670713,2688.0,2688.0,1502254315.0,1502.254315,4475.0,0.6006703910614525,-0.42055084745762716,-0.19839440307520717,165.46563197729438,6.155715475345773,-0.18545454545454543,-0.2035555555555556,16.235840197167125,18.2812041852031,23.644220892124903,,3,trend_break;macd_sell_like;trailing_stop,True,False,True,False,True,False,False,False,False,3993.T,,2688.0,34.111675,2.3350155,78.8,1151.17,83432464384.0,,1754982000.0,1755500400.0,True,,,True,1754982000.0,2025-08-12,-216.0
2,False,40.01280409731114,False,False,True,True,0.5503678694747624,4002.0,4002.0,1938415670.0,1938.41567,6680.0,0.5991017964071856,-0.5863023952095808,-0.1205792047306774,248.06681322962726,6.198571045218072,-0.11694616063548102,-0.30412102243088157,13.176052342536629,20.958143724900786,28.89580787121358,,3,trend_break;macd_sell_like;trailing_stop,True,False,True,False,True,False,False,False,False,3994.T,,4002.0,140.47034,4.926569,28.49,812.33,221985144832.0,1783924200.0,1783924200.0,1783924200.0,True,,,True,1783924200.0,2026-07-13,23.0
0,False,15.094339622641513,False,False,False,True,0.33841714838468195,173.0,173.0,6042900.0,6.0429,393.0,0.4402035623409669,-0.5597964376590331,-0.3625762237246918,5.9957426111142595,3.465747174054485,-0.20276497695852536,-0.273109243697479,26.278310938418723,14.369226309011227,41.48551595080471,"fund_low_adv20,fund_small_mcap",3,trend_break;trailing_stop;di_bear,True,False,False,False,True,False,True,False,False,3996.T,,173.0,29.075632,1.1778884,5.95,146.873,2214222848.0,,1752127200.0,1752472800.0,True,,,False,1752127200.0,2025-07-10,-239.0
3,False,65.09433962264151,False,False,True,False,0.45633075853046695,394.0,394.0,209553720.0,209.55372,571.0,0.6900175131348512,-0.4851138353765324,0.025439709870070715,30.1830548000445,7.6606738071178935,-0.09216589861751157,-0.10859728506787325,22.660749806169882,33.5461715520557,20.32335693589706,fund_small_mcap,2,trend_break;trailing_stop,True,False,False,False,True,False,False,False,False,3997.T,,394.0,266.21622,5.8808603,1.48,66.997,16096258048.0,,1747290600.0,1747290600.0,True,,,False,1747290600.0,2025-05-15,-279.0
2,False,36.8421052631579,False,False,True,True,0.410654914404983,307.0,307.0,2886090.0,2.88609,429.0,0.7156177156177156,-0.31313131313131315,-0.09790785143394454,3.7434328679960718,1.2193592403895999,-0.022292993630573243,-0.037617554858934144,14.988858531788193,10.865364250602056,22.493790543074862,"fund_neg_eps,fund_low_adv20,fund_small_mcap",2,trend_break;macd_sell_like,True,False,True,False,False,False,False,False,False,3998.T,,307.0,-520.3389830508474,0.8772883,-0.59,349.942,1937052672.0,,1753941600.0,1754287200.0,True,,,False,1753941600.0,2025-07-31,-224.0
4,True,39.80382034073309,False,False,True,False,0.37195537441254606,15335.0,15335.0,74819845000.0,74819.845,19450.0,0.7884318766066838,-0.26697157181146514,0.7067166320898814,1247.0227381210846,8.131873088497453,-0.2115681233933162,-0.2115681233933162,30.26425416163269,23.279786578638863,29.261264143253808,,3,macd_sell_like;trailing_stop;ext_dev200;di_bear,False,False,True,False,True,True,True,False,False,4004.T,,15335.0,95.46784,3.90906,160.63,3922.938,2775382228992.0,1778653800.0,1785997800.0,1785997800.0,True,,,True,1785997800.0,2026-08-06,41.0
6,True,35.46831657739085,False,False,True,False,0.3614712234716729,549.0,549.0,8919190100.283813,8919.190100283813,623.5999755859375,0.8803720678214539,-0.22400675729150576,0.1272885189545654,21.821758618785722,3.9748194205438474,-0.11962793217854606,-0.11962793217854606,18.230729949223008,19.72347791102191,26.06375237298329,,2,macd_sell_like;trailing_stop,False,False,True,False,True,False,False,False,False,4005.T,,549.0,14.773951,0.8988565,37.16,610.776,906626007040.0,1778740200.0,1785393000.0,1785393000.0,True,,,True,1785393000.0,2026-07-30,36.0
6,True,53.125,False,False,True,True,0.4008275629627797,1255.0,1255.0,251583150.0,251.58315,1438.076171875,0.8726936893500568,-0.19516734482379605,0.14339586620999079,38.86310734512963,3.0966619398509665,-0.05780780780780781,-0.05780780780780781,16.683532033437995,20.081850880308256,31.35062373476618,,1,macd_sell_like,False,False,True,False,False,False,False,False,False,4008.T,,1255.0,10.6835785,0.78343683,117.47,1601.916,81029177344.0,,1754542800.0,1754974800.0,True,,,True,1754542800.0,2025-08-07,-219.0
1,False,38.677042801556425,False,False,True,False,0.3224851088237094,2005.0,2005.0,154654620.0,154.65462,4385.0,0.4572405929304447,-0.5782041442824252,-0.32219662382926795,138.7736674034888,6.921379920373505,-0.18129848917925684,-0.2390891840607211,17.017314659895675,20.282699115553154,27.002322073651325,"fund_low_adv20,fund_small_mcap",4,trend_break;macd_sell_like;trailing_stop;natr_spike,True,False,True,False,True,False,False,False,True,4011.T,,2005.0,145.7122,5.7560687,13.76,348.328,12242634752.0,,1754978700.0,1755497100.0,True,,,False,1754978700.0,2025-08-12,-216.0
6,True,51.89873417721518,False,False,True,True,0.26518099407949836,1616.0,1616.0,15977875.0,15.977875,1706.3485107421875,0.9470515488639013,-0.16420454777143056,0.04678820307234499,27.654508619647597,1.7112938502257178,-0.012224938875305624,-0.043786982248520734,8.303127928786823,18.32122120780282,17.770010286782462,"fund_low_adv20,fund_small_mcap",1,macd_sell_like,False,False,True,False,False,False,False,False,False,4012.T,,1616.0,10.973788,1.6921697,147.26,954.987,6940795904.0,,1754449200.0,1754881200.0,True,,,False,1754449200.0,2025-08-06,-220.0
0,False,55.73770491803279,False,False,True,False,0.6118737430630313,604.0,604.0,60495720.0,60.49572,1517.5,0.39802306425041184,-0.6322899505766062,-0.4003409179671257,27.29828629900075,4.5195838243378725,-0.15994436717663418,-0.1714677640603567,21.41251648084152,24.191847135221714,24.811219309073604,"fund_low_adv20,fund_small_mcap",3,trend_break;trailing_stop;di_bear,True,False,False,False,True,False,True,False,False,4013.T,,604.0,11.723602,1.1582953,51.52,521.456,11897328640.0,,1754978400.0,1754978400.0,True,,,False,1754978400.0,2025-08-12,-216.0
1,False,62.82051282051282,False,False,False,False,0.1377706274189437,420.0,420.0,3765745.0,3.765745,611.0,0.6873977086743044,-0.36170212765957444,-0.059687458021761564,13.140057041767939,3.1285850099447474,-0.01869158878504673,-0.09090909090909094,33.628175076363114,20.95595748635323,10.592576409539653,"fund_low_adv20,fund_small_mcap",1,trend_break,True,False,False,False,False,False,False,False,False,4014.T,,420.0,31.866463,4.944027,13.18,84.951,2808195072.0,,1757570400.0,1757916000.0,True,,,False,1757570400.0,2025-09-11,-194.0
1,False,50.35971223021583,False,False,True,True,0.3780383454530951,468.0,468.0,15603870.0,15.60387,943.0,0.49628844114528103,-0.5758218451749735,-0.1177052796289837,15.002694053611897,3.20570385760938,-0.027027027027026973,-0.03703703703703709,15.549736503536725,25.149843214599404,17.473433604857686,"fund_low_adv20,fund_small_mcap",1,trend_break,True,False,False,False,False,False,False,False,False,4015.T,,468.0,113.317184,1.5860697,4.13,295.069,7359008256.0,,1752105600.0,1752451200.0,True,,,False,1752105600.0,2025-07-10,-239.0
2,False,41.573033707865164,False,False,True,False,0.573879842104047,880.0,880.0,2173535.0,2.173535,1267.0,0.6945540647198106,-0.3054459352801894,-0.1290801292953262,11.070109085139979,1.2579669414931793,-0.03296703296703296,-0.06680805938494172,25.456674388532047,11.154848705663586,25.936160584367034,"fund_low_adv20,fund_small_mcap",3,trend_break;macd_sell_like;di_bear,True,False,True,False,False,False,True,False,False,4016.T,,880.0,18.819504,2.5284522,46.76,348.039,1757667968.0,,1744614000.0,1744614000.0,True,,,False,1744614000.0,2025-04-14,-302.0
0,False,26.66666666666667,False,True,False,True,0.5506134179347141,204.0,204.0,1661000.0,1.661,319.0,0.6394984326018809,-0.3605015673981191,-0.18986537468726417,3.936559071263424,1.9296858192467763,-0.06849315068493156,-0.11304347826086958,23.581503842012182,10.053469922089157,33.602663624516985,"fund_low_adv20,fund_small_mcap",4,trend_break;macd_sell_like;di_bear;vol_distribution,True,False,True,False,False,False,True,True,False,4017.T,,204.0,50.0,1.2150017,4.08,167.901,1375379584.0,,1752019200.0,1752451200.0,True,,,False,1752019200.0,2025-07-09,-240.0
0,False,58.04597701149425,False,False,True,False,0.49000981574619434,596.0,596.0,35127555.0,35.127555,1480.250732421875,0.40263449086417247,-0.6250635194133964,-0.32434699811342915,29.397707766979014,4.932501303184399,-0.05246422893481717,-0.13623188405797104,18.123786170619585,14.512530187298445,16.26812337368906,"fund_low_adv20,fund_small_mcap",1,trend_break,True,False,False,False,False,False,False,False,False,4019.T,,596.0,25.361702,3.3635643,23.5,177.193,5233693184.0,,1747292400.0,1747292400.0,True,,,False,1747292400.0,2025-05-15,-279.0
2,False,41.42857142857144,False,True,False,True,0.6101975684749061,661.0,661.0,695145.0,0.695145,924.0,0.7153679653679653,-0.38486140724946694,-0.11873716769325116,10.003440701369833,1.513379833792713,-0.044797687861271696,-0.05300859598853869,13.839796561448097,24.87214915156761,26.3614993510012,"fund_neg_eps,fund_low_adv20,fund_small_mcap",3,trend_break;macd_sell_like;vol_distribution,True,False,True,False,False,False,False,True,False,4020.T,,661.0,-14.063829787234043,1.9900287,-47.0,332.156,1430751744.0,,1747191600.0,1747191600.0,True,,,False,1747191600.0,2025-05-14,-280.0
5,True,49.13793103448276,False,False,True,True,0.4070958102614555,7097.0,7097.0,5243989575.0,5243.989575,7532.0,0.9422464152947424,-0.2244627473389743,0.22604398131439796,222.53345127293483,3.1355988625184557,-0.0577535847052576,-0.0577535847052576,30.14312629582322,22.711791309608927,22.27753143093622,,1,macd_sell_like;ext_dev200,False,False,True,False,False,True,False,False,False,4021.T,,7097.0,19.258636,3.7285812,368.51,1903.405,951805214720.0,1786084200.0,1786084200.0,1786084200.0,True,,,True,1786084200.0,2026-08-07,42.0
5,True,50.377248984329654,False,False,True,False,0.23611147979899663,1851.0,1851.0,5480581360.0,5480.58136,2653.0,0.6977007161703732,-0.3022992838296268,0.31472427625522004,218.19309292111433,11.787849428477273,-0.3022992838296268,-0.3022992838296268,24.31104531713382,31.11771589070291,25.496082373105672,,3,macd_sell_like;trailing_stop;ext_dev200;natr_spike,False,False,True,False,True,True,False,False,True,4022.T,,1851.0,16.58751,2.3894045,111.59,774.67,72302551040.0,,1754546400.0,1754892000.0,True,,,True,1754546400.0,2025-08-07,-219.0
2,False,37.83783783783784,False,False,True,True,0.5760803296285225,3675.0,3675.0,1548222225.0,1548.222225,4785.10009765625,0.7680090123506551,-0.24661973074173826,-0.0703237985817341,105.97459184418845,2.8836623631071685,-0.09371146732429103,-0.17024570600719657,14.278556591565833,22.339730995174946,35.45110425430432,fund_neg_eps,3,trend_break;macd_sell_like;trailing_stop,True,False,True,False,True,False,False,False,False,4023.T,,3675.0,-13.759922120712895,0.8500388,-267.08,4323.332,140455084032.0,1778567400.0,1786084200.0,1786084200.0,True,,,False,1786084200.0,2026-08-07,42.0
5,True,52.31788079470199,False,False,True,True,0.39475310579371947,5240.0,5240.0,165711300.0,165.7113,5460.0,0.9597069597069597,-0.3668714837714949,0.2926042376513691,238.91628723199815,4.559471130381644,-0.04029304029304026,-0.04029304029304026,22.93350876622539,30.190107288948596,18.26655455835377,fund_low_adv20,0,ext_dev200,False,False,False,False,False,True,False,False,False,4025.T,,5240.0,13.471129,0.9722497,388.98,5389.562,43740618752.0,,1753768800.0,1754287200.0,True,,,False,1753768800.0,2025-07-29,-226.0
5,True,43.55203619909502,False,True,False,False,0.22276336389319176,1666.0,1666.0,193619615.0,193.619615,2008.0,0.8296812749003984,-0.42479607306406664,0.025272589985727123,102.75295207198775,6.1676441819920615,-0.17031872509960155,-0.17031872509960155,15.634031051987828,21.058821334908345,27.260981414813116,"fund_low_adv20,fund_small_mcap",3,macd_sell_like;trailing_stop;vol_distribution,False,False,True,False,True,False,False,True,False,4026.T,,1666.0,9.933814,3.755568,167.71,443.608,15137915904.0,,1749639540.0,1749639540.0,True,,,False,1749639540.0,2025-06-11,-260.0
4,True,67.55162241887905,False,False,True,True,0.4859796176620111,2241.0,2241.0,227183250.0,227.18325,2392.0,0.9368729096989966,-0.3030954896805139,0.4822305514375156,95.14925735427973,4.245839239369912,-0.06312709030100339,-0.06312709030100339,20.898367052758918,24.717592810996592,21.47766302936594,,1,macd_sell_like;ext_dev200,False,False,True,False,False,True,False,False,False,4027.T,,2241.0,25.59388,0.8391366,87.56,2670.602,51163840512.0,,1754550000.0,1754982000.0,True,,,True,1754550000.0,2025-08-07,-219.0
4,True,61.76911544227885,False,False,True,False,0.37229793531204686,2903.0,2903.0,1762960310.0,1762.96031,3829.49169921875,0.7580640534074633,-0.33463754458070394,0.06189550039324754,169.44381969835288,5.836852211448601,-0.12953523238380804,-0.12953523238380804,21.830831667292813,26.373245602528208,26.17341358691999,,2,macd_sell_like;trailing_stop,False,False,True,False,True,False,False,False,False,4028.T,,2903.0,6.6761727,0.86121756,434.83,3370.809,111088435200.0,,1754632800.0,1754632800.0,True,,,True,1754632800.0,2025-08-08,-218.0
1,False,14.418604651162795,False,False,True,True,0.3550658776097194,1040.0,1040.0,93861580.0,93.86158,1770.0,0.5875706214689266,-0.4124293785310734,-0.004480556993670448,64.86180462227041,6.236711982910617,-0.26501766784452296,-0.4124293785310734,20.486802858203585,13.45969238740346,27.968785218156338,"fund_neg_eps,fund_low_adv20,fund_small_mcap",4,trend_break;macd_sell_like;trailing_stop;di_bear,True,False,True,False,True,False,True,False,False,4031.T,,1040.0,-7.589578924323141,0.40652964,-137.03,2558.239,9315984384.0,,1754542800.0,1754974800.0,True,,,False,1754542800.0,2025-08-07,-219.0
4,True,28.57142857142857,False,False,True,False,0.3271462467607828,3705.0,3705.0,71175375.0,71.175375,4235.0,0.8748524203069658,-0.273090121278706,0.18285274456577527,137.31055122518063,3.7060877523665483,-0.12514757969303425,-0.12514757969303425,31.83224672565766,29.836566396970504,29.131343711659408,"fund_low_adv20,fund_small_mcap",3,cross_sma25_down;macd_sell_like;trailing_stop;ext_dev200,False,True,True,False,True,True,False,False,False,4040.T,,3705.0,2.7124376,0.6734898,1365.93,5501.197,7395072512.0,,1747117800.0,1747117800.0,True,,,False,1747117800.0,2025-05-13,-281.0
2,False,30.487804878048777,False,False,True,False,0.3979219590185773,3460.0,3460.0,579332350.0,579.33235,4081.52490234375,0.8477223789601652,-0.16009557644889683,-0.01711470341860133,81.3920615278931,2.352371720459338,-0.05464480874316935,-0.07238605898123329,13.954434936317972,20.608533244317854,34.075709331295904,,2,trend_break;macd_sell_like,True,False,True,False,False,False,False,False,False,4041.T,,3460.0,10.281707,0.9069192,336.52,3815.114,185468207104.0,1778740200.0,1785997800.0,1785997800.0,True,,,True,1785997800.0,2026-08-06,41.0
4,True,60.788530465949826,False,False,True,False,0.4078319981207409,2771.0,2771.0,4738414797.5,4738.4147975,2865.0,0.9671902268760908,-0.16967707658777287,0.16890579980688059,83.71750071403326,3.021201757994705,-0.0328097731239092,-0.0328097731239092,21.880424130364414,29.500708265474774,20.932730150938493,,1,macd_sell_like,False,False,True,False,False,False,False,False,False,4042.T,,2771.0,21.839535,1.025696,126.88,2701.58,853164752896.0,1785825000.0,1785825000.0,1785825000.0,True,,,True,1785825000.0,2026-08-04,39.0
3,True,55.234107346783404,False,False,True,False,0.3697429877338278,4656.0,4656.0,5173935020.0,5173.93502,5622.0,0.8281750266808965,-0.20233892876766912,0.17961721904396422,269.96034263681014,5.798117324673758,-0.1718249733191035,-0.1718249733191035,24.810699450061648,30.512220208878183,30.939921774777073,,4,macd_sell_like;trailing_stop;di_bear;natr_spike,False,False,True,False,True,False,True,False,True,4043.T,,4656.0,15.082116,1.1833078,308.71,3934.733,334979039232.0,1777357800.0,1785220200.0,1785220200.0,True,,,True,1785220200.0,2026-07-28,34.0
5,True,58.86524822695035,False,False,True,False,0.40526576577928003,4005.0,4005.0,371015075.0,371.015075,4318.6845703125,0.9273657139794764,-0.23058192289366286,0.10809106477003483,112.24982246220947,2.802742133887877,-0.02436053593179055,-0.07184241019698723,15.978156950406841,22.84657467758744,25.22461383355359,,0,,False,False,False,False,False,False,False,False,False,4044.T,,4005.0,11.870535,0.80319595,337.39,4986.33,99295100928.0,1778740200.0,1785997800.0,1785997800.0,True,,,True,1785997800.0,2026-08-06,41.0
5,True,46.98795180722891,False,False,True,True,0.46355679559824625,1694.0,1694.0,491931290.0,491.93129,1922.5,0.8811443433029909,-0.14447324914124537,0.02670686431253433,32.22365651897726,1.9022229350045605,-0.03913783323879749,-0.06071527585250902,8.505401241955669,22.681513871865068,27.151929781952095,,1,macd_sell_like,False,False,True,False,False,False,False,False,False,4045.T,,1694.0,14.478633,0.8494682,117.0,1994.189,179929382912.0,1777357800.0,1777357800.0,1777357800.0,True,,,True,1777357800.0,2026-04-28,-31.0
1,False,47.201946472019465,False,False,True,True,0.568903262660414,1770.0,1770.0,800058250.0,800.05825,2421.60546875,0.7309200540060103,-0.2980561588397431,-0.0865778193386797,58.57334119385294,3.309228316036889,-0.078125,-0.1102950551862455,13.163605335548105,19.38821640576041,28.301863511289877,,2,trend_break;macd_sell_like,True,False,True,False,False,False,False,False,False,4046.T,,1770.0,14.288021,1.7079271,123.88,1036.344,215312941056.0,,1754553600.0,1754985600.0,True,,,True,1754553600.0,2025-08-07,-219.0
4,True,65.86538461538461,False,False,False,False,0.5149675241659055,3860.0,3860.0,4544376295.0,4544.376295,4405.0,0.8762769580022701,-0.27631540573904156,1.7027479218942858,312.52486738469605,8.096499155043938,-0.12372304199772988,-0.12372304199772988,54.85398551245913,40.121358172576564,16.40405489831699,,3,rsi_reversal;trailing_stop;ext_dev200;natr_spike,False,False,False,True,True,True,False,False,True,4047.T,,3860.0,58.68045,3.058029,65.78,1262.251,221386244096.0,,1754548200.0,1754980200.0,True,,,True,1754548200.0,2025-08-07,-219.0
5,True,57.14285714285714,False,False,False,False,0.46959908198088146,5900.0,5900.0,178653750.0,178.65375,6340.0,0.9305993690851735,-0.3901660350175641,0.05731726270187787,241.17020957231165,4.087630670717147,-0.0016920473773265332,-0.062003179650238494,10.22450956839146,25.34814507484561,24.39548977064584,fund_low_adv20,0,,False,False,False,False,False,False,False,False,False,4051.T,,5900.0,29.63484,7.501008,199.09,786.561,48714375168.0,,1754461860.0,1754980260.0,True,,,False,1754461860.0,2025-08-06,-220.0
2,False,53.48837209302325,False,True,False,True,0.29925501739916127,260.0,260.0,4348995.0,4.348995,439.0,0.592255125284738,-0.5027027027027027,-0.15726695189939055,11.427614199857034,4.395236230714244,-0.08127208480565373,-0.1900311526479751,26.22052571349738,47.6632388063729,12.653319906223533,"fund_neg_eps,fund_low_adv20,fund_small_mcap",3,trend_break;trailing_stop;vol_distribution,True,False,False,False,True,False,False,True,False,4052.T,,260.0,-26.476578411405296,2.2002387,-9.82,118.169,1520359040.0,,1754978400.0,1755496800.0,True,,,False,1754978400.0,2025-08-12,-216.0
3,False,37.93103448275862,False,False,True,False,0.30507537568187715,441.0,441.0,84523820.0,84.52382,550.0,0.8018181818181818,-0.4951768488745981,-0.012494961708988228,14.66543443253013,3.325495336174632,-0.125,-0.125,12.124689586867369,20.490419314026454,22.448890961314973,"fund_low_adv20,fund_small_mcap",4,trend_break;cross_sma25_down;macd_sell_like;trailing_stop,True,True,True,False,True,False,False,False,False,4053.T,,441.0,36.35614,1.519694,12.13,290.19,17211924480.0,,1754978400.0,1755496800.0,True,,,False,1754978400.0,2025-08-12,-216.0
2,False,42.622950819672134,True,False,True,False,0.44251041286550413,520.0,520.0,12247910.0,12.24791,862.4215087890625,0.6029534220802759,-0.4969561948608143,-0.2136289962581771,12.691550314096096,2.4406827527107877,-0.04761904761904767,-0.12457912457912457,33.82973458225911,15.654674231270013,20.8680536755308,"fund_low_adv20,fund_small_mcap",2,trend_break;di_bear,True,False,False,False,False,False,True,False,False,4054.T,,520.0,15.262694,1.8250353,34.07,284.926,7137435136.0,,1754287200.0,1754632800.0,True,,,False,1754287200.0,2025-08-04,-222.0
4,True,24.284199363732768,False,False,True,True,0.32069816425798325,1755.0,1755.0,665652190.0,665.65219,2567.0,0.6836774444877288,-0.45469179062700316,0.12856312240268442,163.85734317217435,9.336600750551245,-0.26291474170516593,-0.3163225555122712,24.885674256221712,22.711173712971704,31.321374096034976,fund_small_mcap,4,macd_sell_like;trailing_stop;di_bear;natr_spike,False,False,True,False,True,False,True,False,True,4055.T,,1755.0,24.260439,4.1671314,72.34,421.153,13125048320.0,,1747204200.0,1747204200.0,True,,,False,1747204200.0,2025-05-14,-280.0
0,False,30.769230769230774,False,False,True,False,0.4842624244814176,217.0,217.0,14849430.0,14.84943,917.0,0.2366412213740458,-0.7633587786259541,-0.5279170700401379,11.213846716652695,5.167671297996634,-0.208029197080292,-0.42133333333333334,35.25210479042447,16.37545923916838,36.99638925155965,"fund_neg_eps,fund_low_adv20,fund_small_mcap",4,trend_break;macd_sell_like;trailing_stop;di_bear,True,False,True,False,True,False,True,False,False,4056.T,,217.0,-29.766803840877916,2.2244546,-7.29,97.552,3730414080.0,,1754546400.0,1754978400.0,True,,,False,1754546400.0,2025-08-07,-219.0
0,False,27.272727272727266,False,False,True,True,0.2009942147213193,355.0,355.0,1389910.0,1.38991,564.0,0.6294326241134752,-0.3794326241134752,-0.15837887175353538,4.819001151377631,1.3574651130641215,-0.07792207792207795,-0.1277641277641277,30.07707770953897,18.6745083326951,29.488167694659367,"fund_low_adv20,fund_small_mcap",2,trend_break;di_bear,True,False,False,False,False,False,True,False,False,4057.T,,355.0,16.769012,1.173352,21.17,302.552,1432664960.0,,1752040800.0,1752472800.0,True,,,False,1752040800.0,2025-07-09,-240.0
2,False,42.98941798941799,False,False,True,False,0.5389903876863792,1953.0,1953.0,101957075.0,101.957075,3752.8154296875,0.5204092864653959,-0.5693899606103022,-0.21478933794044341,80.00294449463301,4.096412928552637,-0.10165593376264948,-0.10165593376264948,27.431287985413785,24.595510323675178,23.33788277299732,"fund_low_adv20,fund_small_mcap",3,trend_break;macd_sell_like;trailing_stop,True,False,True,False,True,False,False,False,False,4058.T,,1953.0,19.647886,5.19027,99.4,376.281,21164705792.0,,1754533800.0,1754879400.0,True,,,False,1754533800.0,2025-08-07,-219.0
1,False,43.24324324324324,False,False,True,False,0.45388452946429103,362.0,362.0,1457660.0,1.45766,751.0,0.48202396804260983,-0.5233022636484688,-0.3133535660091048,10.77170989237477,2.975610467506842,-0.07179487179487176,-0.26868686868686864,56.103959836340145,9.02510787090902,31.682473347266914,"fund_low_adv20,fund_small_mcap",2,trend_break;di_bear,True,False,False,False,False,False,True,False,False,4059.T,,362.0,49.657066,1.1996567,7.29,301.753,1081276288.0,,1754978400.0,1755496800.0,True,,,False,1754978400.0,2025-08-12,-216.0
4,False,54.973821989528794,True,False,True,False,0.5309278666930871,1068.0,1068.0,27881350.0,27.88135,1345.7779541015625,0.7935930268028456,-0.3048149355533868,-0.035025983056444776,27.89578623162959,2.611965002961572,-0.06968641114982577,-0.10176619007569387,22.062462609760633,21.931240912041268,25.687179930850007,"fund_low_adv20,fund_small_mcap",2,trend_break;di_bear,True,False,False,False,False,False,True,False,False,4060.T,,1068.0,25.404377,3.268094,42.04,326.796,6225726464.0,,1746788340.0,1746788340.0,True,,,False,1746788340.0,2025-05-09,-283.0
5,True,47.985347985347985,False,False,True,False,0.19049379785939033,3817.0,3817.0,4157649235.0,4157.649235,4477.0,0.8525798525798526,-0.16739706948525201,0.287547007848181,218.45711464012783,5.723267347134604,-0.14742014742014742,-0.14742014742014742,20.051793063666793,20.209344544091877,23.310143517695415,,3,macd_sell_like;trailing_stop;ext_dev200;di_bear,False,False,True,False,True,True,True,False,False,4061.T,,3817.0,20.96101,1.0589638,182.1,3604.467,329024307200.0,1778653800.0,1785997800.0,1785997800.0,True,,,True,1785997800.0,2026-08-06,41.0
4,True,48.6698403808457,False,False,True,False,0.4195345201071502,17400.0,17400.0,154120878600.0,154120.8786,23000.0,0.7565217391304347,-0.26770538944631106,1.1149615644119022,1707.04042129772,9.810577133894943,-0.24347826086956526,-0.24347826086956526,39.61550350924811,28.94108190693761,26.823862439405822,,3,macd_sell_like;trailing_stop;ext_dev200;natr_spike,False,False,True,False,True,True,False,False,True,4062.T,,17400.0,80.667595,8.833191,215.7,1969.843,4858872070144.0,1778481000.0,1785393000.0,1785393000.0,True,,,True,1785393000.0,2026-07-30,36.0
5,True,47.16981132075472,False,False,True,False,0.32979749252720825,6695.0,6695.0,56359546240.0,56359.54624,7806.0,0.8576735844222393,-0.3534292424473485,0.21493315097568955,315.7154402028266,4.715689920878664,-0.1423264155777607,-0.1423264155777607,23.96162220835722,21.660822442948536,31.854766454096524,,3,macd_sell_like;trailing_stop;ext_dev200;di_bear,False,False,True,False,True,True,True,False,False,4063.T,,6695.0,26.54113,2.784386,252.25,2404.48,12449678884864.0,1777357800.0,1785133800.0,1785133800.0,True,,,True,1785133800.0,2026-07-27,33.0
5,True,75.80645161290323,True,False,True,True,0.3808234934537083,3560.0,3560.0,329405145.0,329.405145,3560.0,1.0,-0.17784805172490092,0.40728490788370664,139.67289188778736,3.9233958395445883,0.0,0.0,44.256615726727624,37.84765631897141,7.161765579541976,,0,ext_dev200,False,False,False,False,False,True,False,False,False,4064.T,,3560.0,12.726103,0.86324143,279.74,4123.991,33198540800.0,,1754377200.0,1754982000.0,True,,,True,1754377200.0,2025-08-05,-221.0
3,False,38.888888888888886,False,True,False,True,0.31180970523240786,1750.0,1750.0,3337195.0,3.337195,2170.0,0.8064516129032258,-0.28136363636363637,-0.03389910042204802,28.62902484213357,1.635944276693347,-0.027237354085603127,-0.05303030303030298,15.737842047735354,27.103797375571283,25.099395137403313,"fund_low_adv20,fund_small_mcap",3,trend_break;cross_sma25_down;vol_distribution,True,True,False,False,False,False,False,True,False,4068.T,,1750.0,28.089888,1.5037065,62.3,1163.791,3219119872.0,,1747290600.0,1747290600.0,True,,,False,1747290600.0,2025-05-15,-279.0
2,False,50.164473684210535,False,False,True,False,0.5015891950561313,896.0,896.0,27778645.0,27.778645,2470.0,0.362753036437247,-0.6518218623481782,-0.3964460371562908,90.01000993251024,10.045760037110519,-0.1626168224299065,-0.29835552075176197,22.629382437844747,29.988535162743883,23.10959479267861,"fund_low_adv20,fund_small_mcap",3,trend_break;trailing_stop;natr_spike,True,False,False,False,True,False,False,False,True,4069.T,,896.0,26.12245,1.1852683,34.3,755.947,2991893504.0,,1747119600.0,1747119600.0,True,,,False,1747119600.0,2025-05-13,-281.0
3,False,72.97297297297297,False,False,True,True,0.42891818366670464,2676.0,2676.0,620689890.0,620.68989,2693.0,0.993687337541775,-0.20352564102564108,0.15237984711092412,78.85905163822254,2.946900285434325,-0.006312662458225038,-0.006312662458225038,44.93771397953007,30.067912756629894,10.12082873343768,,1,trend_break,True,False,False,False,False,False,False,False,False,4071.T,,2676.0,28.63257,7.051941,93.46,379.47,113437655040.0,,1747290600.0,1747290600.0,True,,,True,1747290600.0,2025-05-15,-279.0
3,False,52.46422893481717,False,False,True,True,0.40736031050424387,2885.0,2885.0,148178595.0,148.178595,4684.6630859375,0.6158393777901,-0.41724731321768693,-0.12352213669545564,83.89102176862102,2.907834376728631,-0.06331168831168832,-0.06331168831168832,12.759563677613317,23.567935159179612,24.435046020075426,fund_low_adv20,2,trend_break;macd_sell_like,True,False,True,False,False,False,False,False,False,4072.T,,2885.0,10.638298,1.2382671,271.19,2329.869,30913929216.0,,1747116000.0,1747116000.0,True,,,False,1747116000.0,2025-05-13,-281.0
0,False,20.799999999999997,False,False,True,False,0.2673430861064853,431.0,431.0,2313930.0,2.31393,816.0,0.5281862745098039,-0.5353159851301115,-0.2437070637058354,13.625876076742276,3.161456166297512,-0.16634429400386852,-0.17432950191570884,40.94400472824116,12.04095890331714,43.67191962711348,"fund_neg_eps,fund_low_adv20,fund_small_mcap",4,trend_break;trailing_stop;di_bear;natr_spike,True,False,False,False,True,False,True,False,True,4073.T,,431.0,-5.054532660959306,5.9119654,-85.27,72.903,1093810304.0,,1747290600.0,1747290600.0,True,,,False,1747290600.0,2025-05-15,-279.0
2,False,47.852760736196316,False,False,True,True,0.5053891109525908,733.0,733.0,8385855.0,8.385855,1242.0,0.5901771336553945,-0.4879227053140096,-0.1547557959190734,24.19652467021469,3.3010265580101894,-0.04805194805194801,-0.05784061696658094,9.811987754649875,20.628199595252095,21.66804245478731,"fund_low_adv20,fund_small_mcap",2,trend_break;macd_sell_like,True,False,True,False,False,False,False,False,False,4074.T,,733.0,18.54288,1.5643774,39.53,468.557,4894810624.0,,1747281600.0,1747281600.0,True,,,False,1747281600.0,2025-05-15,-279.0
4,True,42.599277978339344,False,False,False,True,0.3875478448898133,1040.0,1040.0,29680930.0,29.68093,1861.0,0.5588393336915637,-0.44922084900591075,0.054077201019617105,54.38016826651565,5.228862333318813,-0.12013536379018608,-0.4411606663084363,12.459581683904602,17.05145019051049,25.867043546169693,"fund_low_adv20,fund_small_mcap",1,trailing_stop,False,False,False,False,True,False,False,False,False,4075.T,,1040.0,32.83865,3.5832415,31.67,290.24,6073600000.0,,1757399400.0,1757485800.0,True,,,False,1757399400.0,2025-09-09,-196.0
6,True,43.84470928742972,False,False,True,True,0.3691255301865318,1633.0,1633.0,4594990.0,4.59499,1822.1741943359375,0.8961821570495465,-0.1844377001253753,0.010159449613573512,44.604641598604935,2.731453863968459,-0.03958638034847184,-0.05092343429215285,25.030154604654225,14.316667961305365,30.730191965768856,"fund_low_adv20,fund_small_mcap",1,di_bear,False,False,False,False,False,False,True,False,False,4076.T,,1633.0,8.806083,1.141828,185.44,1430.163,4745436160.0,,1744351200.0,1744351200.0,True,,,False,1744351200.0,2025-04-11,-303.0
3,True,59.8326359832636,False,False,True,False,0.15281488603838947,4540.0,4540.0,3468302325.0,3468.302325,6380.0,0.7115987460815048,-0.28840125391849525,0.3680554100343205,434.1439098087969,9.56264118521579,-0.28840125391849525,-0.28840125391849525,30.706982317773914,32.052609604543655,25.41733964144324,,2,trailing_stop;ext_dev200;natr_spike,False,False,False,False,True,True,False,False,True,4078.T,,4540.0,28.808935,0.89454657,157.59,5075.197,69512536064.0,,1754373600.0,1754978400.0,True,,,True,1754373600.0,2025-08-05,-221.0
4,True,43.33333333333333,False,False,True,True,0.4316462828498505,1839.0,1839.0,940056960.0,940.05696,3818.101806640625,0.48165295037484945,-0.5183470496251505,0.08018326442107293,149.54038240486378,8.131614051379216,-0.27312252964426875,-0.3209010339734121,15.110209247085653,23.26216891830122,30.397776862844868,,2,macd_sell_like;trailing_stop,False,False,True,False,True,False,False,False,False,4082.T,,1839.0,17.694603,1.1550455,103.93,1592.145,44408852480.0,,1754460000.0,1754978400.0,True,,,True,1754460000.0,2025-08-06,-220.0
5,True,39.183673469387756,False,False,True,False,0.36851222383482124,2440.0,2440.0,5106825640.0,5106.82564,2627.0,0.9288161400837457,-0.2633737960751438,0.07337198465847816,95.51376320795512,3.9144984921293084,-0.07118385991625431,-0.07118385991625431,19.837978336329357,23.445300488982085,18.142803638520437,,1,macd_sell_like,False,False,True,False,False,False,False,False,False,4088.T,,2440.0,52.00341,1.2575394,46.92,1940.297,559289466880.0,,1781591400.0,1781591400.0,True,,,True,1781591400.0,2026-06-16,4.0
2,False,32.79666070363744,False,False,True,True,0.3990013702123573,5275.0,5275.0,4154358000.0,4154.358,6402.0,0.823961262105592,-0.21471010862990514,-0.012686626367360954,206.61483378197164,3.9168688868620216,-0.17603873789440805,-0.17603873789440805,21.951774211859696,17.430394583834676,32.49526969758864,,4,trend_break;macd_sell_like;trailing_stop;di_bear,True,False,True,False,True,False,True,False,False,4091.T,,5275.0,18.42666,1.8756223,286.27,2812.4,2283302289408.0,1785306600.0,1785306600.0,1785306600.0,True,,,True,1785306600.0,2026-07-29,35.0
4,True,65.36030341340076,False,False,True,False,0.43757549799642875,4865.0,4865.0,3061717675.0,3061.717675,5570.0,0.8734290843806104,-0.3240089958630429,0.5697054813882889,477.85032182276825,9.822205998412503,-0.1265709156193896,-0.1265709156193896,43.51082043859091,29.127719318078825,10.963721871472162,,3,macd_sell_like;trailing_stop;ext_dev200;natr_spike,False,False,True,False,True,True,False,False,True,4092.T,,4865.0,14.678817,0.83886236,331.43,5799.521,42212392960.0,,1754290800.0,1754636400.0,True,,,True,1754290800.0,2025-08-04,-222.0
4,True,61.333333333333336,False,False,True,True,0.5726576464117095,395.0,395.0,18829830.0,18.82983,478.3894958496094,0.8256870257957661,-0.22657164672295316,0.04514897608741553,11.25157754981373,2.848500645522463,-0.022277227722772297,-0.17431297420423386,15.008755064896613,28.501514524116633,20.542469542862865,"fund_low_adv20,fund_small_mcap",0,,False,False,False,False,False,False,False,False,False,4093.T,,395.0,10.675675,0.7180082,37.0,550.133,13744391168.0,,1754539200.0,1754884800.0,True,,,False,1754539200.0,2025-08-07,-219.0
1,False,59.3939393939394,True,False,False,False,0.6227159028744058,2072.0,2072.0,55630505.0,55.630505,2732.770751953125,0.7582048360694476,-0.2692398370508269,-0.11894750622199157,53.67183100824324,2.5903393343746735,-0.06329113924050633,-0.19614105820076755,43.84952951817368,17.44974505932572,26.73100446860786,fund_low_adv20,2,trend_break;di_bear,True,False,False,False,False,False,True,False,False,4094.T,,2072.0,17.676165,0.7933794,117.22,2611.613,40322752512.0,,1747204200.0,1747204200.0,True,,,False,1747204200.0,2025-05-14,-280.0
5,True,83.69565217391305,True,True,False,False,0.35581494426005217,1748.0,1748.0,426249715.0,426.249715,1748.0,1.0,-0.11262374706635558,0.22540342286672055,45.189610899231134,2.5852180148301565,0.0,0.0,27.95858960222081,47.4467248306004,11.793900322407207,,1,rsi_reversal;ext_dev200,False,False,False,True,False,True,False,False,False,4095.T,,1748.0,14.914676,0.9375947,117.2,1864.345,189226336256.0,1778740200.0,1785997800.0,1785997800.0,True,,,True,1785997800.0,2026-08-06,41.0
6,True,53.80434782608696,False,False,True,False,0.24468664665564344,1080.0,1080.0,95202905.0,95.202905,1157.150390625,0.933327256984004,-0.09462886740037402,0.014028230641941475,23.569899195840186,2.182398073688906,-0.043401240035429556,-0.05055311857054123,11.412378900786564,21.2314659817837,20.069255343835223,fund_low_adv20,0,,False,False,False,False,False,False,False,False,False,4097.T,,1080.0,12.790147,0.7083667,84.44,1524.634,59619680256.0,,1754546400.0,1754978400.0,True,,,False,1754546400.0,2025-08-07,-219.0
5,True,50.90090090090089,False,False,True,False,0.38144071079729436,1026.0,1026.0,151096540.0,151.09654,1415.395751953125,0.7248856007828255,-0.3076141435017846,0.07478199171021216,94.2888122340412,9.189942712869513,-0.22566037735849054,-0.22566037735849054,33.19458285334423,25.03811221744861,17.276654350280623,"fund_low_adv20,fund_small_mcap",3,macd_sell_like;trailing_stop;natr_spike,False,False,True,False,True,False,False,False,True,4098.T,,1026.0,33.311687,0.5778358,30.8,1775.591,3053823232.0,,1754546400.0,1754892000.0,True,,,False,1754546400.0,2025-08-07,-219.0
4,True,55.84415584415584,False,False,True,True,0.45623700265412714,5980.0,5980.0,1554215050.0,1554.21505,6620.0,0.9033232628398792,-0.2383512544802867,0.6277560190096947,368.1109955926613,6.1557022674358075,-0.09667673716012082,-0.09667673716012082,27.53150500924154,23.827942468691948,19.220153977021035,,2,macd_sell_like;trailing_stop;ext_dev200,False,False,True,False,True,True,False,False,False,4099.T,,5980.0,30.968409,2.678165,193.1,2232.872,258630336512.0,1778826600.0,1784874600.0,1784874600.0,True,,,True,1784874600.0,2026-07-24,32.0
3,True,56.53846153846154,False,False,True,False,0.3844500081862862,1655.0,1655.0,466863450.0,466.86345,2122.0,0.7799245994344958,-0.5670289855072463,0.20047583815699777,152.69780356754382,9.226453387766998,-0.22007540056550423,-0.22007540056550423,27.47645088928429,22.341070031318193,15.956786226026509,"fund_neg_eps,fund_small_mcap",3,macd_sell_like;trailing_stop;ext_dev200;natr_spike,False,False,True,False,True,True,False,False,True,4100.T,,1655.0,-2.7704772586504176,1.0476819,-597.37,1579.678,9578114048.0,,1754375400.0,1754980200.0,True,,,False,1754375400.0,2025-08-05,-221.0
6,True,57.731958762886606,True,False,True,True,0.057955665940434,1440.0,1440.0,520920.0,0.52092,1480.0,0.972972972972973,-0.10817355513928018,0.05239997529262386,13.187147610054994,0.9157741395871524,-0.0055248618784530246,-0.027027027027026973,6.168059764267595,36.05755249629035,31.583457550911504,"fund_low_adv20,fund_small_mcap",0,,False,False,False,False,False,False,False,False,False,4102.T,,1440.0,10.689629,0.30468014,134.71,4726.268,3070704896.0,,1747026000.0,1747026000.0,True,,,False,1747026000.0,2025-05-12,-282.0
2,False,35.82089552238806,False,False,True,True,0.6105875073962509,3910.0,3910.0,1321019225.0,1321.019225,7860.0,0.49745547073791346,-0.5025445292620865,-0.11232967306050645,229.16490048512887,5.860994897317874,-0.16719914802981894,-0.3683360258481422,22.696770903182863,18.665264489586107,31.622652059655138,,4,trend_break;macd_sell_like;trailing_stop;di_bear,True,False,True,False,True,False,True,False,False,4107.T,,3910.0,30.661858,4.9299717,127.52,793.108,199244873728.0,,1753250400.0,1753682400.0,True,,,True,1753250400.0,2025-07-23,-230.0
4,True,64.42687747035572,False,False,True,False,0.5275479317239201,7680.0,7680.0,992156850.0,992.15685,7950.0,0.9660377358490566,-0.18559796464416067,0.5954640874357804,412.7277775530652,5.374059603555537,-0.03396226415094339,-0.03396226415094339,52.35902149499048,32.824783563919205,6.816861620469382,,1,rsi_reversal;ext_dev200,False,False,False,True,False,True,False,False,False,4109.T,,7680.0,29.723661,1.9601597,258.38,3918.048,93742686208.0,,1754370000.0,1754974800.0,True,,,True,1754370000.0,2025-08-05,-221.0
5,True,50.54054054054054,False,False,False,False,0.33439576793638787,2139.0,2139.0,165529400.0,165.5294,2610.0,0.8195402298850575,-0.513277314816535,0.03967738410191424,98.94612434773268,4.625812264971139,-0.18045977011494252,-0.18045977011494252,14.203883813353126,21.55640220913031,33.51355932001015,fund_low_adv20,2,macd_sell_like;trailing_stop,False,False,True,False,True,False,False,False,False,4112.T,,2139.0,11.131928,0.64705926,192.15,3305.725,34023182336.0,,1754550000.0,1754895600.0,True,,,False,1754550000.0,2025-08-07,-219.0
1,False,27.058823529411754,True,False,True,False,0.42815251332555365,694.0,694.0,66498635.0,66.498635,1496.37646484375,0.4637870324113035,-0.5368812486152258,-0.38714755161228076,27.06664150904281,3.9000924364614997,-0.3004032258064516,-0.3004032258064516,37.42263147849733,17.622166783730194,36.42555662884527,"fund_low_adv20,fund_small_mcap",3,trend_break;trailing_stop;di_bear,True,False,False,False,True,False,True,False,False,4113.T,,694.0,6.4859815,0.50864774,107.0,1364.402,9944066048.0,,1753768800.0,1754287200.0,True,,,False,1753768800.0,2025-07-29,-226.0
3,False,42.944785276073624,False,False,True,True,0.6787043473557144,2001.0,2001.0,1325580242.5,1325.5802425,2476.861328125,0.8078772829461429,-0.19212271705385708,-0.0018120978126119347,41.66989001611082,2.082453274168457,-0.05345316934720912,-0.15266123904784057,21.9660531545234,20.563987768233922,28.601409228469716,,2,trend_break;di_bear,True,False,False,False,False,False,True,False,False,4114.T,,2001.0,17.856506,0.7453983,112.06,2684.471,295661502464.0,1786084200.0,1786084200.0,1786084200.0,True,,,True,1786084200.0,2026-08-07,42.0
4,True,31.932773109243698,False,False,True,True,0.5507443962939707,1023.0,1023.0,205463585.0,205.463585,1212.72705078125,0.8435533777703514,-0.17458755508492485,0.010253055306780112,23.56384419265773,2.3034060794386835,-0.07336956521739135,-0.09308510638297873,20.640218519949375,19.562859184898592,32.11524451411017,,1,di_bear,False,False,False,False,False,False,True,False,False,4116.T,,1023.0,8.646775,0.50373197,118.31,2030.842,69831860224.0,,1754377200.0,1754982000.0,True,,,True,1754377200.0,2025-08-05,-221.0
5,True,51.41643059490085,False,False,True,True,0.35325452529641777,5459.0,5459.0,1435024510.0,1435.02451,5611.0,0.9729103546604884,-0.12218226549738687,0.18951649386935587,123.0335491309232,2.2537744849042536,-0.027089645339511637,-0.027089645339511637,27.75488574958682,23.143063092007637,19.716124274823226,,1,macd_sell_like;ext_dev200,False,False,True,False,False,True,False,False,False,4118.T,,5459.0,10.927179,0.66409487,499.58,8220.211,328792047616.0,1778740200.0,1785997800.0,1785997800.0,True,,,True,1785997800.0,2026-08-06,41.0
3,True,18.507462686567166,False,False,False,False,0.49758916992657687,4965.0,4965.0,25366700.0,25.3667,6050.0,0.8206611570247934,-0.18016528925619835,0.19643447601778763,235.65261788704066,4.746276291783296,-0.17933884297520664,-0.17933884297520664,20.581505197006333,22.246485923555436,27.746166428231607,"fund_low_adv20,fund_small_mcap",2,trailing_stop;ext_dev200;di_bear,False,False,False,False,True,True,True,False,False,4119.T,,4965.0,6.7248173,0.34808823,738.31,14263.625,7792597504.0,,1747195200.0,1747195200.0,True,,,False,1747195200.0,2025-05-14,-280.0
5,True,74.45482866043614,False,False,False,True,0.23470891814179107,2517.0,2517.0,1885840.0,1.88584,2549.760009765625,0.9871517281469027,-0.1926111852416128,0.1379199876366486,40.1742380282725,1.5961159327879422,0.0,0.0,28.608487658549937,39.91498086488626,25.40680797572361,"fund_low_adv20,fund_small_mcap",0,,False,False,False,False,False,False,False,False,False,4120.T,,2517.0,7.1303115,0.3931332,353.0,6402.41,3288145920.0,,1746685800.0,1746685800.0,True,,,False,1746685800.0,2025-05-08,-284.0
4,False,36.59574468085107,False,False,True,True,0.4327085429429057,2533.0,2533.0,2436490.0,2.43649,3111.184326171875,0.8141594114793912,-0.2733104855618903,-0.010192484459710771,38.206044538197254,1.5083318017448581,-0.04415094339622638,-0.08423716558206795,17.830536238771327,16.47059931255412,21.66202405712069,"fund_low_adv20,fund_small_mcap",2,trend_break;macd_sell_like,True,False,True,False,False,False,False,False,False,4124.T,,2533.0,20.571754,1.6303438,123.13,1553.66,2144531584.0,,1754460000.0,1754978400.0,True,,,False,1754460000.0,2025-08-06,-220.0
4,True,41.519674355495255,False,False,True,False,0.36836978322990677,2540.0,2540.0,202537795.0,202.537795,3870.0,0.6563307493540051,-0.5326356603438605,0.07186319374251204,149.8086371195592,5.897977839352724,-0.34366925064599485,-0.34366925064599485,24.619564249595403,21.35604666054089,32.52020775207984,fund_small_mcap,2,trailing_stop;di_bear,False,False,False,False,True,False,True,False,False,4125.T,,2540.0,10.231622,0.82309914,248.25,3085.898,10973597696.0,,1747133940.0,1747133940.0,True,,,False,1747133940.0,2025-05-13,-281.0
3,False,48.15573770491803,False,False,True,True,0.2643661245854604,2382.0,2382.0,3507834010.0,3507.83401,2885.0,0.8256499133448874,-0.3120988836474202,-0.0330574443572178,70.13979610403752,2.9445758230074524,-0.049101796407185594,-0.11826762909494726,10.27124501529234,20.95059302804723,21.344530414321447,,1,trend_break,True,False,False,False,False,False,False,False,False,4151.T,,2382.0,18.594847,1.3967611,128.1,1705.374,1246945607680.0,1785738600.0,1785738600.0,1785738600.0,True,,,True,1785738600.0,2026-08-03,38.0
1,False,41.156462585034014,False,False,True,False,0.28283641954665706,518.0,518.0,315450150.0,315.45015,1282.0,0.4040561622464899,-0.6794041450777202,-0.34476412140837764,35.3125052112388,6.817085948115599,-0.1968992248062016,-0.20184899845916793,16.701194449217603,22.82751214147681,31.369577788168957,fund_small_mcap,5,trend_break;cross_sma25_down;macd_sell_like;trailing_stop;natr_spike,True,True,True,False,True,False,False,False,True,4165.T,,518.0,27.909483,4.0925646,18.56,126.571,21277249536.0,,1747290600.0,1747290600.0,True,,,False,1747290600.0,2025-05-15,-279.0
2,False,52.09790209790209,False,False,True,False,0.2620559850248649,679.0,679.0,24318515.0,24.318515,1149.0,0.5909486510008704,-0.4369016536118364,-0.08619262628777524,34.275675062964275,5.047963926798863,-0.24303232998885171,-0.24303232998885171,15.589148826407701,37.91741366605636,37.67821666363291,"fund_neg_eps,fund_low_adv20,fund_small_mcap",3,trend_break;trailing_stop;natr_spike,True,False,False,False,True,False,False,False,True,4166.T,,679.0,-13.458870168483646,2.7776527,-50.45,244.451,1855472768.0,,1747117800.0,1747117800.0,True,,,False,1747117800.0,2025-05-13,-281.0
1,False,36.76470588235295,False,True,False,True,0.3310289826581357,273.0,273.0,8571370.0,8.57137,560.0,0.4875,-0.537261698440208,-0.13701812894150378,14.451405587399119,5.293555160219458,-0.09900990099009899,-0.23955431754874656,24.31830184447126,10.857535985159304,21.904892264735746,"fund_neg_eps,fund_low_adv20,fund_small_mcap",5,trend_break;macd_sell_like;trailing_stop;di_bear;vol_distribution,True,False,True,False,True,False,True,True,False,4167.T,,273.0,-5.006418485237484,1.3738061,-54.53,198.718,2078618240.0,,1747204200.0,1747204200.0,True,,,False,1747204200.0,2025-05-14,-280.0
2,False,40.845070422535215,False,False,True,True,0.5238001809009534,715.0,715.0,79632830.0,79.63283,1252.549560546875,0.57083569586486,-0.469881255868158,-0.16573357185841098,23.08707032503771,3.2289608846206588,-0.06044678055190533,-0.06044678055190533,17.72818118051455,17.88917885399651,24.177527896554903,"fund_low_adv20,fund_small_mcap",2,trend_break;macd_sell_like,True,False,True,False,False,False,False,False,False,4168.T,,715.0,9.981852,2.8260424,71.63,253.004,9136602112.0,,1747220340.0,1747220340.0,True,,,False,1747220340.0,2025-05-14,-280.0
0,False,17.204301075268816,False,False,True,True,0.3753101423341339,187.0,187.0,241885260.0,241.88526,421.0,0.44418052256532065,-0.5581947743467934,-0.3766562776046267,17.643996787737173,9.435292399859451,-0.47323943661971835,-0.5117493472584856,40.42420678807229,12.765797887298438,37.35928150317866,fund_small_mcap,3,trend_break;trailing_stop;di_bear,True,False,False,False,True,False,True,False,False,4169.T,,187.0,60.912052,1.675402,3.07,111.615,8016168448.0,,1747306740.0,1747306740.0,True,,,False,1747306740.0,2025-05-15,-279.0
0,False,16.0,False,True,False,False,0.36101446706254503,108.0,108.0,19120380.0,19.12038,242.0,0.4462809917355372,-0.5537190082644627,-0.3964120046945733,6.35964487163036,5.888560066324407,-0.33333333333333337,-0.38983050847457623,40.764521018346834,8.792053173788146,44.14990412175209,"fund_low_adv20,fund_small_mcap",6,trend_break;macd_sell_like;trailing_stop;di_bear;vol_distribution;natr_spike,True,False,True,False,True,False,True,True,True,4170.T,,108.0,63.157894,0.6236718,1.71,173.168,1837334016.0,,1747290600.0,1747290600.0,True,,,False,1747290600.0,2025-05-15,-279.0
3,False,99.24812030075188,False,False,False,False,0.22719894339098007,1675.0,1675.0,45677690.0,45.67769,1676.0,0.9994033412887828,-0.16564833672776647,0.18639297762777263,15.592234629640627,0.9308796793815299,-0.0005966587112171684,-0.0005966587112171684,68.81950245262999,75.6386538775547,8.674491621140804,"fund_low_adv20,fund_small_mcap",2,trend_break;rsi_reversal;ext_dev200,True,False,False,True,False,True,False,False,False,4171.T,,1675.0,21.457853,1.942921,78.06,862.104,4971934208.0,,1747117800.0,1747117800.0,True,,,False,1747117800.0,2025-05-13,-281.0
2,False,24.269005847953224,False,True,False,False,0.3182473295514535,2103.0,2103.0,1952380.0,1.95238,2432.995849609375,0.8643664560042892,-0.13686659172182247,-0.0932958898473022,39.80033606889714,1.8925504550117518,-0.10243277848911647,-0.12375000000000003,19.079041105343464,23.85570199884761,42.8008227696724,"fund_low_adv20,fund_small_mcap",2,trend_break;trailing_stop,True,False,False,False,True,False,False,False,False,4172.T,,2103.0,10.3667555,1.0740799,202.86,1957.955,4685136896.0,,1754015400.0,1754101800.0,True,,,False,1754015400.0,2025-08-01,-223.0
3,False,92.12328767123287,True,True,False,False,0.2186204397921669,865.0,865.0,2215470.0,2.21547,865.0,1.0,-0.3457314957144987,0.30213659316627317,23.2936863670284,2.6929117187316067,0.0,0.0,24.873053645457226,77.67636681882286,5.256678035198245,"fund_neg_eps,fund_low_adv20,fund_small_mcap",3,trend_break;rsi_reversal;ext_dev200;natr_spike,True,False,False,True,False,True,False,False,True,4174.T,,865.0,-7.500216769270788,1.8818707,-115.33,459.649,3500276224.0,,1749812340.0,1749812340.0,True,,,False,1749812340.0,2025-06-13,-258.0
5,True,53.907284768211916,False,False,True,False,0.23707462783378244,2103.0,2103.0,64370225.0,64.370225,2497.0,0.84221065278334,-0.3323988786543852,0.05311917072498962,103.57305299226138,4.9250144076206075,-0.06905710491367867,-0.06905710491367867,24.87077969821406,19.337426487709315,24.31760737987866,"fund_low_adv20,fund_small_mcap",2,macd_sell_like;di_bear,False,False,True,False,False,False,True,False,False,4175.T,,2103.0,159.92397,2.133137,13.15,985.872,11572263936.0,,1741933800.0,1741933800.0,True,,,False,1741933800.0,2025-03-14,-323.0
1,False,37.09677419354839,False,False,True,True,0.5334158088505266,242.0,242.0,34980990.0,34.98099,546.0,0.4432234432234432,-0.5567765567765568,-0.3104627307955322,8.19691996487639,3.3871570102794997,-0.09363295880149813,-0.18518518518518523,28.861470617247,14.088618185242673,24.45603595746565,"fund_low_adv20,fund_small_mcap",4,trend_break;macd_sell_like;trailing_stop;di_bear,True,False,True,False,True,False,True,False,False,4176.T,,242.0,18.558283,2.115847,13.04,114.375,5420777984.0,,1744612200.0,1744612200.0,True,,,False,1744612200.0,2025-04-14,-302.0
3,True,22.727272727272734,False,False,True,True,0.49544123225356923,1412.0,1412.0,6256875.0,6.256875,1778.2252197265625,0.7940501486179141,-0.29161604382127737,0.0029645173450401074,29.391288046779408,2.0815359806500995,-0.0759162303664922,-0.12402025875210776,29.125790777511764,11.417233484014696,30.681993817295822,"fund_low_adv20,fund_small_mcap",1,di_bear,False,False,False,False,False,False,True,False,False,4177.T,,1412.0,11.737323,2.9654148,120.3,476.156,5627504640.0,,1747289700.0,1747289700.0,True,,,False,1747289700.0,2025-05-15,-279.0
1,False,35.294117647058826,False,True,False,True,0.39084218311312646,516.0,516.0,936990.0,0.93699,883.0,0.5843714609286523,-0.4348762109795479,-0.18549036321447177,6.910716181522068,1.3392860816903234,-0.04621072088724587,-0.10416666666666663,11.585005424382045,23.080088168264073,36.99459444909735,"fund_low_adv20,fund_small_mcap",2,trend_break;vol_distribution,True,False,False,False,False,False,False,True,False,4178.T,,516.0,84.31373,1.1829138,6.12,436.211,1931697664.0,,1747204200.0,1747204200.0,True,,,False,1747204200.0,2025-05-14,-280.0
2,False,55.48961424332345,False,True,False,False,0.3595431741319739,340.0,340.0,122759555.0,122.759555,478.0,0.7112970711297071,-0.4510204081632653,0.10350199604037513,38.18943253788281,11.232186040553767,-0.2887029288702929,-0.2887029288702929,42.50491378065187,29.13688114106176,23.301160711647604,"fund_neg_eps,fund_low_adv20,fund_small_mcap",4,trend_break;trailing_stop;vol_distribution;natr_spike,True,False,False,False,True,False,False,True,True,4179.T,,340.0,-25.525525525525524,19.218811,-13.32,17.691,1844998400.0,,1747117800.0,1747117800.0,True,,,False,1747117800.0,2025-05-13,-281.0
0,False,32.5068870523416,False,False,True,True,0.45702420268476734,823.0,823.0,1701692875.0,1701.692875,1714.514404296875,0.48001929755586603,-0.6364208033931549,-0.2638504541187484,54.42879124754841,6.613461876980366,-0.22138126773888367,-0.22138126773888367,14.341212155755182,19.44604637169048,32.95928939575178,,3,trend_break;macd_sell_like;trailing_stop,True,False,True,False,True,False,False,False,False,4180.T,,823.0,32.92,2.227889,25.0,369.408,84004732928.0,1778653800.0,1786602600.0,1786602600.0,True,,,True,1786602600.0,2026-08-13,46.0
4,True,36.58178256611165,False,False,True,False,0.35919272756816795,4426.0,4426.0,8679650570.0,8679.65057,5545.0,0.7981965734896302,-0.2914250903967517,0.2931164695122914,269.37079633683084,6.086100233547918,-0.20180342651036975,-0.20180342651036975,24.779593641488344,20.08119600894217,33.522885103069065,fund_neg_eps,3,macd_sell_like;trailing_stop;ext_dev200;di_bear,False,False,True,False,True,True,True,False,False,4182.T,,4426.0,-21.357911499300297,1.3333939,-207.23,3319.349,863016452096.0,1786084200.0,1786084200.0,1786084200.0,True,,,False,1786084200.0,2026-08-07,42.0
6,True,46.9067405355494,False,False,True,True,0.46565393137456784,2004.5,2004.5,5637086220.0,5637.08622,2353.532470703125,0.8516984681333712,-0.3080857472828027,0.027310870915965735,70.9997342590169,3.542017174308651,-0.09788478847884785,-0.09788478847884785,12.662787334764179,26.151723136821975,28.298868162675934,,2,macd_sell_like;trailing_stop,False,False,True,False,True,False,False,False,False,4183.T,,2004.5,21.880798,0.85328084,91.61,2349.168,724632731648.0,1785738600.0,1785738600.0,1785738600.0,True,,,True,1785738600.0,2026-08-03,38.0
5,True,37.336758724041964,False,False,True,True,0.2755979775996077,9387.0,9387.0,10895719280.0,10895.71928,11620.0,0.8078313253012048,-0.2348728593668915,0.3327540736329979,621.6417099408077,6.622368274643738,-0.19216867469879517,-0.19216867469879517,22.667991037341622,23.960379464954766,30.14598891475889,,3,macd_sell_like;trailing_stop;ext_dev200;di_bear,False,False,True,False,True,True,True,False,False,4186.T,,9387.0,33.72979,2.7438254,278.3,3421.136,1125506088960.0,1785997800.0,1785997800.0,1785997800.0,True,,,True,1785997800.0,2026-08-06,41.0
3,True,56.63652487151086,False,False,True,True,0.4293240032275095,5260.0,5260.0,1201760000.0,1201.76,6040.0,0.8708609271523179,-0.3976916851992235,0.3330313262606066,279.47906379229187,5.313290186165244,-0.1291390728476821,-0.1291390728476821,36.98910725248472,22.34033892202066,23.455020235809908,,3,macd_sell_like;trailing_stop;ext_dev200;di_bear,False,False,True,False,True,True,True,False,False,4187.T,,5260.0,15.616187,2.0592945,336.83,2554.273,106974052352.0,,1752041400.0,1752473400.0,True,,,True,1752041400.0,2025-07-09,-240.0
6,True,52.60586319218241,False,False,True,True,0.4043838109880148,1019.5,1019.5,7695053420.0,7695.05342,1147.0,0.8888404533565823,-0.25368380041637706,0.10622391312894286,40.87436363909941,4.009255874359923,-0.11115954664341765,-0.11115954664341765,23.3586022594116,26.327019845439004,24.537368798465288,fund_neg_eps,3,cross_sma25_down;macd_sell_like;trailing_stop,False,True,True,False,True,False,False,False,False,4188.T,,1019.5,-16.867968232958308,0.78620595,-60.44,1296.734,1385039134720.0,1778653800.0,1785393000.0,1785393000.0,True,,,False,1785393000.0,2026-07-30,36.0
2,False,44.21364985163204,False,False,True,True,0.4796564052790105,2616.0,2616.0,484263355.0,484.263355,3115.0,0.8398073836276083,-0.19297629344292755,-0.020939911148002865,62.7781194081402,2.399775206733188,-0.05831533477321815,-0.11651469098277611,18.415984948797522,18.22743890379643,27.585232894219708,,2,trend_break;macd_sell_like,True,False,True,False,False,False,False,False,False,4189.T,,2616.0,11.994497,1.3147268,218.1,1989.767,91582537728.0,1785825000.0,1785825000.0,1785825000.0,True,,,True,1785825000.0,2026-08-04,39.0
1,False,36.206896551724135,False,True,False,False,0.39186258968483567,249.0,249.0,61182525.0,61.182525,514.0,0.48443579766536965,-0.5485714285714286,-0.2631610096765602,15.899844274366231,6.38547962825953,-0.21698113207547165,-0.3178082191780822,17.39351226481957,18.35926515241786,35.74351594193916,"fund_neg_eps,fund_low_adv20,fund_small_mcap",4,trend_break;macd_sell_like;trailing_stop;vol_distribution,True,False,True,False,True,False,False,True,False,4192.T,,249.0,-518.75,3.3138583,-0.48,75.139,8844988416.0,,1747206000.0,1747206000.0,True,,,False,1747206000.0,2025-05-14,-280.0
5,True,62.06896551724138,False,False,True,True,0.346256166860402,2233.0,2233.0,6551320.0,6.55132,2603.776611328125,0.8576004524677712,-0.3386586426565268,0.06429612686943864,39.591912617056636,1.7730368390979239,-0.02104340201665933,-0.02701525054466236,11.980427434708258,17.73644499985,16.745094815513315,"fund_low_adv20,fund_small_mcap",1,macd_sell_like,False,False,True,False,False,False,False,False,False,4193.T,,2233.0,17.964602,3.3033228,124.3,675.986,11480029184.0,,1747294200.0,1747294200.0,True,,,False,1747294200.0,2025-05-15,-279.0
2,False,54.43702290076336,False,False,True,False,0.5249545913885496,8011.0,8011.0,2262020995.0,2262.020995,12310.0,0.6507717303005687,-0.48440292445166533,-0.13709717378050756,279.888927467093,3.493807607877831,-0.03120087072197364,-0.03120087072197364,21.148532421492085,26.996795906371197,15.556742530006904,earnings_blackout,1,trend_break;before_earnings,True,False,False,False,False,False,False,False,False,4194.T,,8011.0,18.609028,4.185093,430.49,1914.175,322197815296.0,1781159400.0,1781159400.0,1781159400.0,True,,,True,1781159400.0,2026-06-11,1.0
5,True,98.28326180257511,True,True,False,False,0.5995486205739827,1671.0,1671.0,7363950.0,7.36395,1671.0,1.0,-0.2987442167878387,0.2676184551895737,31.159228704673538,1.864705488011582,0.0,0.0,38.88462571831346,50.3249920078392,4.900535818192111,"fund_neg_eps,fund_low_adv20,fund_small_mcap",1,rsi_reversal;ext_dev200,False,False,False,True,False,True,False,False,False,4196.T,,1671.0,-110.51587301587303,4.462664,-15.12,374.44,4127613952.0,,1755241200.0,1755241200.0,True,,,False,1755241200.0,2025-08-15,-213.0
3,False,42.72393091977936,False,False,True,False,0.28219558170039305,2305.0,2305.0,5979735.0,5.979735,2537.5087890625,0.9083712379382922,-0.12892466746350661,-0.015652839925454742,31.80784292676336,1.3799498015949396,-0.01979527088344646,-0.023472577883535517,41.878744050138096,17.728813074513635,34.862910009682594,"fund_low_adv20,fund_small_mcap",2,trend_break;di_bear,True,False,False,False,False,False,True,False,False,4197.T,,2305.0,13.448859,1.6881018,171.39,1365.439,2668122880.0,,1744628340.0,1744628340.0,True,,,False,1744628340.0,2025-04-14,-302.0
0,False,33.91610529235028,False,False,True,False,0.3503816556323869,505.0,505.0,3238115.0,3.238115,783.5370483398438,0.6445132378487943,-0.4775920354692105,-0.11444069739269958,10.305909502045319,2.040774158820855,-0.06085212659345385,-0.08693955600599623,37.97512195710633,7.60364890446021,34.88550231952817,"fund_low_adv20,fund_small_mcap",3,trend_break;macd_sell_like;di_bear,True,False,True,False,False,False,True,False,False,4198.T,,505.0,765.1515,1.2931179,0.66,390.529,3350464512.0,,1744617600.0,1744617600.0,True,,,False,1744617600.0,2025-04-14,-302.0
0,False,22.727272727272734,False,False,True,True,0.6194751097633915,715.0,715.0,7643120.0,7.64312,1760.0,0.40625,-0.59375,-0.2962563792144647,30.43614239194808,4.25680313174099,-0.0914866581956798,-0.3361188486536676,15.426644557646298,23.46009385242998,20.93879220496597,"fund_neg_eps,fund_low_adv20,fund_small_mcap",2,trend_break;trailing_stop,True,False,False,False,True,False,False,False,False,4199.T,,715.0,-6.044466987911066,0.5518457,-118.29,1295.652,1822932480.0,,1744612200.0,1744612200.0,True,,,False,1744612200.0,2025-04-14,-302.0
3,False,63.554555680539934,True,False,False,False,0.5365505853709808,1298.0,1298.0,2394443842.5,2394.4438425,1614.8819580078125,0.8037739189316774,-0.29406604962857297,-0.024676249059201516,41.20429950485483,3.174445262315472,-0.042772861356932146,-0.05841998769143586,18.69123057971559,29.327035496592014,23.480156561056667,,1,trend_break,True,False,False,False,False,False,False,False,False,4202.T,,1298.0,33.496773,0.93223816,38.75,1392.348,331501174784.0,1778567400.0,1785479400.0,1785479400.0,True,,,True,1785479400.0,2026-07-31,37.0
3,True,31.925554760200427,False,False,True,True,0.41821426100831205,6114.0,6114.0,4174322425.0,4174.322425,6900.0,0.8860869565217391,-0.1936782117420709,0.15404620677612813,247.14808929439334,4.042330541288736,-0.11391304347826092,-0.11391304347826092,27.16537910529987,26.61471951965527,30.736282372307567,,3,macd_sell_like;trailing_stop;di_bear,False,False,True,False,True,False,True,False,False,4203.T,,6114.0,19.128366,1.5450366,319.63,3957.188,536415076352.0,1778481000.0,1785738600.0,1785738600.0,True,,,True,1785738600.0,2026-08-03,38.0
1,False,62.18487394957984,True,False,True,True,0.5242274127034389,2377.5,2377.5,11387321645.0,11387.321645,3007.081787109375,0.7906336336416794,-0.24827451993816352,-0.10124784701650658,51.48373975489174,2.1654569823298315,-0.018373245251858017,-0.1315688093029892,27.654334118126815,20.182766924797665,22.461994054663627,,2,trend_break;di_bear,True,False,False,False,False,False,True,False,False,4204.T,,2377.5,13.015274,1.1276163,182.67,2108.43,959810961408.0,1777357800.0,1777357800.0,1777357800.0,True,,,True,1777357800.0,2026-04-28,-31.0
5,True,58.045112781954884,False,False,True,True,0.38677108135484883,2153.5,2153.5,2156833432.5,2156.8334325,2306.5,0.9336657272924345,-0.1742177070833999,0.19984994611882012,63.719942538323636,2.958901441296663,-0.06633427270756553,-0.06633427270756553,21.465981572608545,28.198378918479882,24.216502443604572,,0,ext_dev200,False,False,False,False,False,True,False,False,False,4205.T,,2153.5,11.5413475,1.0913744,186.59,1973.2,412062547968.0,1778653800.0,1785393000.0,1785393000.0,True,,,True,1785393000.0,2026-07-30,36.0
3,False,53.33333333333333,True,False,True,True,0.4755267798645578,3462.0,3462.0,801114465.0,801.114465,3930.216552734375,0.8808674925536554,-0.14533971476379892,-0.02514085138744071,53.359740039056376,1.5412980947156665,-0.005743825387708235,-0.07778369738945123,29.15833705694334,12.598177134505667,21.28020162270838,,2,trend_break;di_bear,True,False,False,False,False,False,True,False,False,4206.T,,3462.0,12.544387,1.1499411,275.98,3010.589,219060338688.0,1777617000.0,1777617000.0,1777617000.0,True,,,True,1777617000.0,2026-05-01,-28.0
5,True,47.56097560975609,False,False,True,False,0.3618276832786267,3018.0,3018.0,5208416752.5,5208.4167525,3046.0,0.9908076165462902,-0.20725105021617307,0.22163645558148337,82.32747367200461,2.7278818314116835,-0.009192383453709763,-0.009192383453709763,34.11962783574826,34.23323810883077,18.00917334246377,,0,ext_dev200,False,False,False,False,False,True,False,False,False,4208.T,,3018.0,12.284272,0.6705573,245.68,4500.734,293184176128.0,1786084200.0,1786084200.0,1786084200.0,True,,,True,1786084200.0,2026-08-07,42.0
7,True,53.17460317460318,True,False,True,True,0.38024427898181057,2153.0,2153.0,243720020.0,243.72002,2488.675048828125,0.8651189720465158,-0.26544852367229443,0.0035613377659144962,59.12293325993772,2.746072143982244,-0.02402538531278331,-0.07842062103417635,13.289730414373885,20.095108252262133,26.93397460049216,,0,,False,False,False,False,False,False,False,False,False,4212.T,,2153.0,16.49682,0.6500944,130.51,3311.827,64519053312.0,,1753686000.0,1754031600.0,True,,,True,1753686000.0,2025-07-28,-227.0
4,True,62.83185840707965,False,False,True,True,0.2132359961333793,6680.0,6680.0,650066300.0,650.0663,6930.0,0.963924963924964,-0.2657645393906334,0.2948381412240262,219.50022122881498,3.2859314555211823,-0.03607503607503604,-0.03607503607503604,21.729776429426483,29.163390498751014,25.39573413279312,,2,macd_sell_like;rsi_reversal;ext_dev200,False,False,True,True,False,True,False,False,False,4216.T,,6680.0,37.66139,1.5513691,177.37,4305.874,125476397056.0,,1753772400.0,1754290800.0,True,,,True,1753772400.0,2025-07-29,-226.0
3,False,40.57142857142856,False,False,True,False,0.24315391162373262,1826.0,1826.0,40379925.0,40.379925,1986.8609619140625,0.9190376352459533,-0.12028298364246681,-0.041426463893896814,25.426999707418684,1.3924972457512972,-0.039957939011566745,-0.045478306325143714,21.948762854284322,14.176426724835913,20.10219293950134,fund_low_adv20,2,trend_break;di_bear,True,False,False,False,False,False,True,False,False,4218.T,,1826.0,22.493225,0.83136684,81.18,2196.383,36850339840.0,,1746766800.0,1746766800.0,True,,,False,1746766800.0,2025-05-09,-283.0
5,True,48.0,False,True,False,False,0.41723086226618894,1552.0,1552.0,195338140.0,195.33814,1821.3997802734375,0.8520919003114221,-0.16053575027308997,0.04577585085040847,54.46208712215571,3.5091550980770427,-0.09609784507862551,-0.14490358126721758,13.745073594758846,21.071337119446536,26.455388247653584,fund_low_adv20,2,trailing_stop;vol_distribution,False,False,False,False,True,False,False,True,False,4220.T,,1552.0,9.757937,1.092191,159.05,1420.997,73845882880.0,,1753768800.0,1754287200.0,True,,,False,1753768800.0,2025-07-29,-226.0
4,False,46.42857142857143,False,False,True,True,0.5060565502633242,4755.0,4755.0,227707625.0,227.707625,5614.82421875,0.8468653362506479,-0.20033115462346818,-0.030703371789760125,107.72533927108488,2.265517124523341,-0.05467196819085485,-0.0639763779527559,10.286967986234131,26.60328009193873,28.59240612869982,,2,trend_break;macd_sell_like,True,False,True,False,False,False,False,False,False,4221.T,,4755.0,14.175835,0.85221595,335.43,5579.572,53713244160.0,,1754546400.0,1754978400.0,True,,,True,1754546400.0,2025-08-07,-219.0
1,False,20.52401746724891,False,False,True,False,0.3879216375009705,665.0,665.0,309327840.0,309.32784,1398.06689453125,0.4756567819474505,-0.5243432180525496,-0.23933438256526163,47.118672465820026,7.08551465651429,-0.4430485762144054,-0.4747235387045814,33.790970440372746,17.7940574292948,40.08638913413567,fund_small_mcap,3,trend_break;trailing_stop;di_bear,True,False,False,False,True,False,True,False,False,4222.T,,665.0,0.44077098,0.36360714,1508.72,1828.897,10332962816.0,,1747209600.0,1747209600.0,True,,,False,1747209600.0,2025-05-14,-280.0
6,True,45.33333333333333,False,False,True,True,0.4458306796690199,1988.0,1988.0,18028610.0,18.02861,2202.201171875,0.902733149627459,-0.18478260387556134,0.05436098724971594,35.43447687259187,1.7824183537521063,-0.043771043771043794,-0.043771043771043794,10.860711393302573,21.720300702542488,29.05397608452037,"fund_low_adv20,fund_small_mcap",1,macd_sell_like,False,False,True,False,False,False,False,False,False,4224.T,,1988.0,8.986529,0.4645791,221.22,4279.142,9161035776.0,,1747198800.0,1747198800.0,True,,,False,1747198800.0,2025-05-14,-280.0
3,True,61.714285714285715,False,False,True,True,0.3754615449687344,543.0,543.0,185149305.0,185.149305,577.0,0.9410745233968805,-0.3234271967582636,0.310754134161896,26.05128086457523,4.797657617785493,-0.05892547660311953,-0.05892547660311953,19.992592031212933,32.26960416981426,23.367149343043053,"fund_low_adv20,fund_small_mcap",1,macd_sell_like;ext_dev200,False,False,True,False,False,True,False,False,False,4228.T,,543.0,11.51888,0.49362332,47.14,1100.029,24759480320.0,,1753768800.0,1754287200.0,True,,,False,1753768800.0,2025-07-29,-226.0
3,True,62.38938053097345,False,False,True,False,0.3941684228111588,4550.0,4550.0,204387750.0,204.38775,5940.0,0.765993265993266,-0.2870370370370371,0.0897107672260804,241.57782870181902,5.309402828611407,-0.234006734006734,-0.234006734006734,12.062799016027748,24.13246081095278,23.56343462197427,,1,trailing_stop,False,False,False,False,True,False,False,False,False,4229.T,,4550.0,15.303892,0.55253804,297.31,8234.728,30193567744.0,,1753756200.0,1754274600.0,True,,,True,1753756200.0,2025-07-29,-226.0
2,False,49.494949494949495,False,False,True,True,0.5023145238199626,945.0,945.0,33960495.0,33.960495,1263.1328125,0.7481398556416647,-0.25898528584063685,-0.03701717622764178,24.52535212093238,2.595275356712421,-0.07624633431085048,-0.16174627097910943,16.115843440930092,22.235854371374845,26.257025752456247,"fund_low_adv20,fund_small_mcap",2,trend_break;macd_sell_like,True,False,True,False,False,False,False,False,False,4231.T,,945.0,7.9178886,0.39285922,119.35,2405.442,18389743616.0,,1754377200.0,1754982000.0,True,,,False,1754377200.0,2025-08-05,-221.0
2,False,45.45454545454546,False,False,True,True,0.49972640843064214,664.0,664.0,4777260.0,4.77726,1012.813720703125,0.6555993332505722,-0.34736271192977675,-0.06272693776237692,14.734122502471548,2.2189943527818596,-0.08791208791208793,-0.15790816464754598,22.965802510751534,16.896235820057022,24.739329136447587,"fund_low_adv20,fund_small_mcap",3,trend_break;trailing_stop;di_bear,True,False,False,False,True,False,True,False,False,4234.T,,664.0,6.665328,0.28686544,99.62,2314.674,6395586048.0,,1747292400.0,1747292400.0,True,,,False,1747292400.0,2025-05-15,-279.0
4,False,46.0,True,False,True,True,0.35814844965926024,676.0,676.0,14741415.0,14.741415,786.0,0.8600508905852418,-0.4752132209724639,-0.043787881699269726,8.858664731915411,1.3104533627093804,-0.010248901903367469,-0.023121387283236983,11.622476533738151,21.25231130724739,18.266054314004048,"fund_low_adv20,fund_small_mcap",1,trend_break,True,False,False,False,False,False,False,False,False,4235.T,,676.0,18.699862,0.4365952,36.15,1548.345,10767807488.0,,1755153000.0,1755153000.0,True,,,False,1755153000.0,2025-08-14,-214.0
2,False,35.164835164835154,False,False,True,True,0.4546448492139943,316.0,316.0,25972070.0,25.97207,482.5757751464844,0.6548194424058671,-0.34725277101946794,-0.08739039112117308,11.957691071655354,3.7840794530554915,-0.1123595505617978,-0.28855537967964995,20.953190097062027,13.585495870055741,33.45229939818666,"fund_neg_eps,fund_low_adv20,fund_small_mcap",4,trend_break;macd_sell_like;trailing_stop;di_bear,True,False,True,False,True,False,True,False,False,4237.T,,316.0,-3.9244908097367115,1.1778826,-80.52,268.278,9029649408.0,,1754546400.0,1754978400.0,True,,,False,1754546400.0,2025-08-07,-219.0
4,True,74.87562189054727,False,True,False,False,0.4054656524407653,1725.0,1725.0,170025955.0,170.025955,1789.0,0.9642258244829514,-0.2989207891584892,0.3951639979825923,96.72844232547098,5.607445931911361,-0.035774175517048645,-0.035774175517048645,40.54479215116735,31.198263992571107,13.25709650329278,"fund_low_adv20,fund_small_mcap",3,rsi_reversal;ext_dev200;vol_distribution;natr_spike,False,False,False,True,False,True,False,True,True,4238.T,,1725.0,25.711733,0.68405366,67.09,2521.732,15591058432.0,,1749448800.0,1749448800.0,True,,,False,1749448800.0,2025-06-09,-262.0
1,False,32.98969072164948,False,False,True,False,0.42995962627873624,298.0,298.0,15001425.0,15.001425,493.1514587402344,0.6042768295996673,-0.39572317040033267,-0.16108187087996195,18.191154814554203,6.104414367300068,-0.28878281622911695,-0.30536130536130535,24.523586525141024,13.717854333889736,30.663108702914116,"fund_low_adv20,fund_small_mcap",4,trend_break;macd_sell_like;trailing_stop;di_bear,True,False,True,False,True,False,True,False,False,4240.T,,298.0,13.52087,0.96715254,22.04,308.121,1696381696.0,,1747292400.0,1747292400.0,True,,,False,1747292400.0,2025-05-15,-279.0
4,True,42.72727272727273,False,False,True,True,0.3506321056856481,604.0,604.0,43616595.0,43.616595,1035.042724609375,0.5835507903579048,-0.47707628229638477,0.04572301912342125,35.63024438926914,5.8990470843160825,-0.1837837837837838,-0.3213483146067416,14.10382097527926,17.572339295037562,31.16433684371454,"fund_low_adv20,fund_small_mcap",2,macd_sell_like;trailing_stop,False,False,True,False,True,False,False,False,False,4241.T,,604.0,18.875,1.4623103,32.0,413.045,2670181888.0,,1747277100.0,1747277100.0,True,,,False,1747277100.0,2025-05-15,-279.0
5,True,65.98639455782313,True,False,True,False,0.43645787083317744,1684.0,1684.0,17403845.0,17.403845,1993.532470703125,0.844731663390488,-0.37284429182658585,0.025692366137509692,39.70663985322519,2.3578764758447264,-0.014628437682855489,-0.14906518443658412,17.393294803728296,28.431042433432797,32.144872156556964,"fund_low_adv20,fund_small_mcap",0,,False,False,False,False,False,False,False,False,False,4242.T,,1684.0,2.9135454,0.37299234,577.99,4514.838,4713504256.0,,1747204200.0,1747204200.0,True,,,False,1747204200.0,2025-05-14,-280.0
7,True,51.72413793103448,False,False,True,False,0.3299494393626909,875.0,875.0,2424620.0,2.42462,953.0,0.9181532004197271,-0.16648879402347916,0.05014950042122557,20.941766577000596,2.393344751657211,-0.04787812840043526,-0.04787812840043526,20.137844221118726,34.13116358171304,30.024254622773505,"fund_low_adv20,fund_small_mcap",1,macd_sell_like,False,False,True,False,False,False,False,False,False,4243.T,,875.0,7.543754,0.43233618,115.99,2023.888,2032412416.0,,1754460000.0,1754978400.0,True,,,False,1754460000.0,2025-08-06,-220.0
2,False,36.61971830985915,False,False,True,True,0.35163862227020143,650.0,650.0,16623520.0,16.62352,774.0,0.8397932816537468,-0.16666666666666663,-0.054784103937109974,9.497412825834191,1.4611404347437218,-0.03988183161004433,-0.11564625850340138,38.13959921977127,12.301876848250314,27.452522391669454,"fund_low_adv20,fund_small_mcap",2,trend_break;di_bear,True,False,False,False,False,False,True,False,False,4245.T,,650.0,18.656715,0.85980994,34.84,755.981,8625111040.0,,1754546400.0,1754978400.0,True,,,False,1754546400.0,2025-08-07,-219.0
5,True,40.243902439024396,False,False,True,False,0.32530765806783685,1002.0,1002.0,637380485.0,637.380485,1092.0,0.9175824175824175,-0.12288133342736518,0.24555382280530424,31.530344321679863,3.1467409502674517,-0.08241758241758246,-0.08241758241758246,33.575148915869484,28.99820184269085,24.226400692949863,,2,macd_sell_like;trailing_stop;ext_dev200,False,False,True,False,True,True,False,False,False,4246.T,,1002.0,7.9341197,0.7442045,126.29,1346.404,65749716992.0,,1754463600.0,1754895600.0,True,,,True,1754463600.0,2025-08-06,-220.0
1,False,30.588235294117638,False,False,True,False,0.4104715690067577,1245.0,1245.0,1350345.0,1.350345,1595.6263427734375,0.7802578627750677,-0.2197421372249323,-0.035460774360281055,16.854445754250644,1.3537707433133048,-0.1081661891117478,-0.11607151446542119,19.954490628603832,24.873106809202618,30.46798013386129,"fund_low_adv20,fund_small_mcap",2,trend_break;trailing_stop,True,False,False,False,True,False,False,False,False,4247.T,,1245.0,8.804186,0.54422516,141.41,2287.656,3280044544.0,,1747202400.0,1747202400.0,True,,,False,1747202400.0,2025-05-14,-280.0
7,True,53.48837209302325,True,False,True,True,0.4297245639753211,871.0,871.0,6345245.0,6.345245,905.0,0.9624309392265193,-0.04751381215469608,0.02237185741106762,7.618127596840723,0.8746415151367075,-0.00457142857142856,-0.02681564245810053,17.295751172535144,17.905615723643436,14.34694676674586,"fund_low_adv20,fund_small_mcap",0,,False,False,False,False,False,False,False,False,False,4248.T,,871.0,13.671324,0.8674055,63.71,1004.144,10510353408.0,,1753768800.0,1754287200.0,True,,,False,1753768800.0,2025-07-29,-226.0
3,False,37.21518987341772,False,False,True,True,0.36282525363992657,2309.0,2309.0,41996080.0,41.99608,2639.098876953125,0.8749198524406071,-0.17964505928861063,-0.033518722142953594,60.288511700404385,2.611022594214135,-0.08263806118394912,-0.08263806118394912,12.959512990297528,19.161745445511286,23.411008233170485,fund_low_adv20,2,trend_break;trailing_stop,True,False,False,False,True,False,False,False,False,4249.T,,2309.0,13.526655,0.49955028,170.7,4622.157,33054214144.0,,1754456400.0,1754974800.0,True,,,False,1754456400.0,2025-08-06,-220.0
2,False,32.55813953488372,False,False,True,True,0.3773288763182104,1198.0,1198.0,111040765.0,111.040765,1399.0,0.856325947105075,-0.4502341758462802,-0.015599534233895596,37.92060747087019,3.1653261661828207,-0.07704160246533132,-0.0985703536493604,15.501428665499622,18.169248472189217,25.32998153457113,"fund_low_adv20,fund_small_mcap",2,trend_break;macd_sell_like,True,False,True,False,False,False,False,False,False,4251.T,,1198.0,9.817258,0.91822296,122.03,1304.694,22157647872.0,,1754978400.0,1755496800.0,True,,,False,1754978400.0,2025-08-12,-216.0
5,True,46.495327102803735,False,False,True,False,0.4585293032765426,2439.0,2439.0,25565870.0,25.56587,2750.0,0.8869090909090909,-0.26315789473684215,0.36750507417831946,106.24481062370137,4.35608079637972,-0.11309090909090913,-0.11309090909090913,27.331982916523682,32.84325036821434,18.81107352684306,"fund_low_adv20,fund_small_mcap",1,trailing_stop;ext_dev200,False,False,False,False,True,True,False,False,False,4255.T,,2439.0,29.463638,7.6149735,82.78,320.29,5128353792.0,,1747220340.0,1747220340.0,True,,,False,1747220340.0,2025-05-14,-280.0
0,False,20.0,False,True,False,True,0.5611214330474559,916.0,916.0,11983595.0,11.983595,1579.0,0.5801139962001267,-0.4198860037998733,-0.21175822662811505,23.741790952827245,2.5918985756361623,-0.13828786453433684,-0.31692766592095456,49.35589871492011,8.788694076820287,39.85363550094506,"fund_low_adv20,fund_small_mcap",5,trend_break;macd_sell_like;trailing_stop;di_bear;vol_distribution,True,False,True,False,True,False,True,True,False,4256.T,,916.0,33.05666,1.591864,27.71,575.426,5556393472.0,,1747306740.0,1747306740.0,True,,,False,1747306740.0,2025-05-15,-279.0
4,False,90.6284454244763,False,False,True,True,0.3355526458026572,3550.0,3550.0,219658050.0,219.65805,4323.19873046875,0.8211512403953461,-0.38633401668483003,0.07866717808453982,154.37650610626602,4.348633974824395,0.0,0.0,28.992445694090016,28.026696837775894,13.361457250477216,fund_small_mcap,2,trend_break;rsi_reversal,True,False,False,True,False,False,False,False,False,4258.T,,3550.0,40.162914,14.825209,88.39,239.457,29147643904.0,,1747220340.0,1747220340.0,True,,,False,1747220340.0,2025-05-14,-280.0
2,True,34.62068965517241,False,False,True,False,0.34736790921861294,965.0,965.0,3843741525.0,3843.741525,1384.0,0.6972543352601156,-0.37873754152823924,0.39182357734716966,84.35030098488986,8.740963832631072,-0.3027456647398844,-0.3027456647398844,32.86532103145248,24.605602548323553,27.511563710000296,,5,cross_sma25_down;macd_sell_like;trailing_stop;ext_dev200;di_bear;natr_spike,False,True,True,False,True,True,True,False,True,4259.T,,965.0,53.197357,17.730497,18.14,54.426,91607121920.0,,1747220340.0,1747220340.0,True,,,True,1747220340.0,2025-05-14,-280.0
0,False,27.58620689655173,False,False,True,True,0.37141055719102084,247.0,247.0,3119845.0,3.119845,458.0,0.5393013100436681,-0.4606986899563319,-0.20055669736054238,5.726105733203452,2.318261430446742,-0.12099644128113884,-0.13937282229965153,26.130604928889074,14.116644407112751,26.029924896399482,"fund_low_adv20,fund_small_mcap",3,trend_break;trailing_stop;di_bear,True,False,False,False,True,False,True,False,False,4260.T,,247.0,988.0,1.3784944,0.25,179.181,2789486592.0,,1747306740.0,1747306740.0,True,,,False,1747306740.0,2025-05-15,-279.0
2,False,48.97959183673469,False,False,True,False,0.4915767017311298,3390.0,3390.0,14480950.0,14.48095,4775.0,0.7099476439790576,-0.3015706806282723,-0.06672117675722777,89.2407090597248,2.6324692937971914,-0.13409961685823757,-0.146095717884131,24.05806901359593,13.602788698601287,26.213005601356343,"fund_low_adv20,fund_small_mcap",3,trend_break;trailing_stop;di_bear,True,False,False,False,True,False,True,False,False,4261.T,,3390.0,17.322433,2.4968605,195.7,1357.705,5008701440.0,,1747306740.0,1747306740.0,True,,,False,1747306740.0,2025-05-15,-279.0
6,True,38.513513513513516,False,False,True,True,0.4691227594174905,1374.0,1374.0,19410060.0,19.41006,1455.0,0.9443298969072165,-0.10688275888255494,0.002642471628859555,23.056324997413945,1.678044031835076,-0.03578947368421048,-0.05567010309278353,16.45115333876354,18.538625876657992,22.284832169871887,"fund_low_adv20,fund_small_mcap",0,,False,False,False,False,False,False,False,False,False,4262.T,,1374.0,11.2965555,1.3978032,121.63,982.971,8733991936.0,,1746615540.0,1746615540.0,True,,,False,1746615540.0,2025-05-07,-285.0
2,False,47.601476014760145,True,False,True,False,0.36555574784936257,649.0,649.0,222120225.0,222.120225,1149.0,0.5648389904264578,-0.4682332463011314,-0.2828293432197537,54.85474175669658,8.452194415515653,-0.36929057337220605,-0.3900375939849624,47.086527597415305,10.229283891317934,35.392021452843,"fund_neg_eps,fund_small_mcap",3,trend_break;trailing_stop;di_bear,True,False,False,False,True,False,True,False,False,4263.T,,649.0,-42.362924281984334,2.6638646,-15.32,243.631,10943403008.0,,1746788340.0,1746788340.0,True,,,False,1746788340.0,2025-05-09,-283.0
0,False,27.737226277372258,False,False,True,True,0.45872612786188655,1507.0,1507.0,30470755.0,30.470755,1965.0,0.7669211195928753,-0.40717948717948715,-0.06540607082944427,61.794244313778066,4.100480710934178,-0.13040969417195614,-0.21469515372589887,18.36029735413294,11.328597863080274,29.762946243714662,"fund_low_adv20,fund_small_mcap",2,trend_break;trailing_stop,True,False,False,False,True,False,False,False,False,4264.T,,1507.0,44.533096,2.1311107,33.84,707.143,9352942592.0,,1747133940.0,1747133940.0,True,,,False,1747133940.0,2025-05-13,-281.0
1,False,30.66666666666667,False,True,False,True,0.34804356930704683,219.0,219.0,13943800.0,13.9438,671.0,0.3263785394932936,-0.6751117734724292,-0.3318281669514278,15.487328959718138,7.071839707633852,-0.14117647058823535,-0.5557809330628803,27.602614172902033,28.910796896212855,25.827633338839146,"fund_neg_eps,fund_low_adv20,fund_small_mcap",3,trend_break;trailing_stop;vol_distribution,True,False,False,False,True,False,False,True,False,4265.T,,219.0,-3.5743430716500733,2.1866543,-61.27,100.153,1043710208.0,,1747306740.0,1747306740.0,True,,,False,1747306740.0,2025-05-15,-279.0
3,False,50.5586592178771,False,False,True,False,0.2808365815619945,1961.0,1961.0,52036575.0,52.036575,2723.87890625,0.7199292139971577,-0.3971974472889186,-0.12186022127408047,110.79286543869055,5.6498146577608646,-0.16339590443686003,-0.16339590443686003,34.98526832643866,28.88438450626166,20.063647896556198,"fund_low_adv20,fund_small_mcap",3,trend_break;trailing_stop;natr_spike,True,False,False,False,True,False,False,False,True,4270.T,,1961.0,10.741674,1.438142,182.56,1363.565,4413034496.0,,1744612200.0,1744612200.0,True,,,False,1744612200.0,2025-04-14,-302.0
6,True,50.52631578947368,False,False,True,True,0.3805600788019258,2076.0,2076.0,1427280907.5,1427.2809075,2180.5,0.9520752121073148,-0.12219171792060213,0.252741960365338,53.93035727356954,2.597801410094872,-0.04132994689448166,-0.04792478789268517,25.84261682447053,28.4826337181065,24.200328967156373,,0,ext_dev200,False,False,False,False,False,True,False,False,False,4272.T,,2076.0,12.881608,1.1049248,161.16,1878.861,308275183616.0,1785738600.0,1785738600.0,1785738600.0,True,,,True,1785738600.0,2026-08-03,38.0
2,False,39.54983922829582,False,False,True,True,0.543854434982573,1046.0,1046.0,37924410.0,37.92441,1766.516357421875,0.5921258501826581,-0.40787414981734194,-0.07770053670604093,42.3140815586924,4.045323284769828,-0.10368466152527844,-0.31595292284382037,26.311617972304862,13.86850808840788,31.215836998444885,"fund_low_adv20,fund_small_mcap",4,trend_break;macd_sell_like;trailing_stop;di_bear,True,False,True,False,True,False,True,False,False,4274.T,,1046.0,19.610048,1.2047707,53.34,868.215,4186578432.0,,1747204200.0,1747204200.0,True,,,False,1747204200.0,2025-05-14,-280.0
3,True,56.5470417070805,False,False,True,False,0.40734740427447397,2194.0,2194.0,817440460.0,817.44046,3041.44775390625,0.7213669862262668,-0.3230197699909374,0.08742879607172971,145.34707611695364,6.624752785640549,-0.22990522990522988,-0.23872310895211657,10.689568949507034,22.629681744784623,26.25647464618491,,1,trailing_stop,False,False,False,False,True,False,False,False,False,4275.T,,2194.0,16.80582,1.238005,130.55,1772.206,49187364864.0,,1754546400.0,1754978400.0,True,,,True,1754546400.0,2025-08-07,-219.0
1,False,28.30188679245282,False,False,True,True,0.47623040882782386,409.0,409.0,20478740.0,20.47874,552.0,0.7409420289855072,-0.2626811594202898,-0.10418755760730791,10.320476442868852,2.5233438735620664,-0.06192660550458717,-0.14435146443514646,10.928401414214266,22.52009104940687,23.482402436497413,"fund_low_adv20,fund_small_mcap",1,trend_break,True,False,False,False,False,False,False,False,False,4284.T,,409.0,10.831569,1.2637694,37.76,323.635,8201857536.0,,1754548200.0,1754980200.0,True,,,False,1754548200.0,2025-08-07,-219.0
5,True,32.66129032258064,False,False,True,True,0.30715374434964676,1087.0,1087.0,17253445.0,17.253445,1249.0,0.8702962369895917,-0.5513228393446254,0.02896609048752352,41.78987599052744,3.844514810536103,-0.10901639344262293,-0.10901639344262293,23.62877522218303,17.862973140706515,23.424122036947097,"fund_low_adv20,fund_small_mcap",2,trailing_stop;di_bear,False,False,False,False,True,False,True,False,False,4286.T,,1087.0,18.709124,1.4939116,58.1,727.62,11667454976.0,,1754467200.0,1754985600.0,True,,,False,1754467200.0,2025-08-06,-220.0
2,False,34.14634146341464,False,False,True,False,0.44400796720511326,457.0,457.0,8051685.0,8.051685,554.0869750976562,0.8247802611123553,-0.26455027620682203,-0.025869757142780947,11.895038188441212,2.602852995282541,-0.0748987854251012,-0.08416833667334667,15.502956129826808,9.60059061794631,25.946283985132073,"fund_low_adv20,fund_small_mcap",3,trend_break;cross_sma25_down;macd_sell_like,True,True,True,False,False,False,False,False,False,4287.T,,457.0,10.625437,1.4157549,43.01,322.796,5183015936.0,,1749535200.0,1749535200.0,True,,,False,1749535200.0,2025-06-10,-261.0
0,False,20.603015075376888,False,False,True,True,0.2534972152901627,363.0,363.0,49058480.0,49.05848,937.0,0.3874066168623266,-0.6309880239520957,-0.38552687261955143,38.15951833062108,10.512264002925917,-0.48510638297872344,-0.6125933831376734,25.056235462669136,17.456681777059593,34.651843234844094,"fund_low_adv20,fund_small_mcap",3,trend_break;trailing_stop;di_bear,True,False,False,False,True,False,True,False,False,4288.T,,363.0,8.242507,0.8233514,44.04,440.881,1385032704.0,,1747204200.0,1747204200.0,True,,,False,1747204200.0,2025-05-14,-280.0
5,False,66.66666666666666,True,False,True,False,0.504861400811656,683.0,683.0,456093130.0,456.09313,743.656494140625,0.9184347953409321,-0.2149241659499077,0.020060064207136463,17.718500147693238,2.594216712693007,-0.005822416302765698,-0.025677603423680417,24.775920103995315,31.810571091065786,15.944743293980254,,1,trend_break,True,False,False,False,False,False,False,False,False,4290.T,,683.0,14.578443,1.7516369,46.85,389.921,85193850880.0,1778653800.0,1785306600.0,1785306600.0,True,,,True,1785306600.0,2026-07-29,35.0
6,True,46.1904761904762,False,False,True,False,0.3227478145952555,484.0,484.0,616549795.0,616.549795,572.0,0.8461538461538461,-0.25440313111545987,0.14194000787134975,20.777989075982912,4.2929729495832465,-0.15384615384615385,-0.15384615384615385,31.417928280948676,31.837220259877952,31.569097463712225,,3,macd_sell_like;trailing_stop;natr_spike,False,False,True,False,True,False,False,False,True,4293.T,,484.0,28.809525,1.5324701,16.8,315.83,100403429376.0,,1754287200.0,1754632800.0,True,,,True,1754287200.0,2025-08-04,-222.0
3,False,51.72413793103448,True,False,True,True,0.45759290563916927,1132.0,1132.0,11993915.0,11.993915,1354.712646484375,0.8356015594433711,-0.17399457153963582,-0.07170792051400776,19.614444890200534,1.7327248136219553,-0.014795474325500435,-0.16074423378103142,26.719622822645963,15.157084950322504,17.75977766768485,"fund_low_adv20,fund_small_mcap",2,trend_break;di_bear,True,False,False,False,False,False,True,False,False,4299.T,,1132.0,11.1406355,1.0820597,101.61,1046.153,11798781952.0,,1753768800.0,1754287200.0,True,,,False,1753768800.0,2025-07-29,-226.0
3,False,63.071895424836605,True,False,True,False,0.5485115784196687,1814.0,1814.0,79214455.0,79.214455,2133.851806640625,0.8501058950554886,-0.1873849933703322,-0.06411216338381964,41.90189552847433,2.309917063311705,-0.030464991982896872,-0.11209006363191387,29.05905009006481,15.77739558412667,16.826105734418054,"fund_low_adv20,fund_small_mcap",2,trend_break;di_bear,True,False,False,False,False,False,True,False,False,4301.T,,1814.0,10.923762,0.81539303,166.06,2224.694,29414471680.0,,1754980200.0,1755498600.0,True,,,False,1754980200.0,2025-08-12,-216.0
2,False,49.09303686366296,False,False,True,True,0.4782878292377043,4650.0,4650.0,17798571975.0,17798.571975,6335.86669921875,0.7339169557612967,-0.44350680552456856,-0.11355057279746683,200.01435816401997,4.301384046538064,-0.10987748851454826,-0.10987748851454826,18.04125857889029,29.88875401158233,27.24692913060509,,3,trend_break;macd_sell_like;trailing_stop,True,False,True,False,True,False,False,False,False,4307.T,,4650.0,176.33675,6.1556787,26.37,755.4,2670980759552.0,1777012200.0,1777012200.0,1777012200.0,True,,,True,1777012200.0,2026-04-24,-33.0
2,False,37.5,False,False,True,True,0.3668055109476024,345.0,345.0,8253120.0,8.25312,397.7037048339844,0.8674799751840764,-0.19858154699992858,-0.03555505745108578,6.088305812593336,1.764726322490822,-0.030898876404494402,-0.07999999999999996,9.617684506417124,19.717841991162107,16.820130431753267,"fund_low_adv20,fund_small_mcap",2,trend_break;macd_sell_like,True,False,True,False,False,False,False,False,False,4308.T,,345.0,17.011833,0.8016153,20.28,430.381,8578886656.0,,1745994600.0,1745994600.0,True,,,False,1745994600.0,2025-04-30,-290.0
5,True,57.51633986928105,False,False,True,False,0.480560006040761,2814.0,2814.0,112825045.0,112.825045,2947.0,0.9548693586698337,-0.46181622197641115,0.10230187143893388,100.01678318120312,3.554256687320651,-0.04513064133016631,-0.04513064133016631,31.202306138986668,27.945388512755326,18.996610714151213,"fund_low_adv20,fund_small_mcap",1,macd_sell_like,False,False,True,False,False,False,False,False,False,4310.T,,2814.0,15.50157,2.127095,181.53,1322.931,24590702592.0,,1753941600.0,1754287200.0,True,,,False,1753941600.0,2025-07-31,-224.0
0,False,1.8867924528301785,False,False,True,True,0.6168186412795456,123.0,123.0,43237190.0,43.23719,2081.0,0.059106198942815956,-0.940893801057184,-0.8650324251368878,22.025084884336703,17.906573076696507,-0.385,-0.8906666666666667,10.31949781545093,25.319590641101968,29.243225582285497,"fund_neg_eps,fund_low_adv20,fund_small_mcap",2,trend_break;trailing_stop,True,False,False,False,True,False,False,False,False,4316.T,,123.0,-3.727272727272727,0.9041192,-33.0,136.044,437986400.0,,1747204200.0,1747204200.0,True,,,False,1747204200.0,2025-05-14,-280.0
0,False,28.971962616822438,False,False,True,True,0.6498471953676429,456.0,456.0,6719145.0,6.719145,713.4109497070312,0.6391827882474478,-0.3608172117525522,-0.2517537575273876,14.159452620769006,3.105143118589694,-0.11798839458413923,-0.31221719457013575,58.009110681787526,4.642123736599858,27.69659332723321,"fund_low_adv20,fund_small_mcap",4,trend_break;macd_sell_like;trailing_stop;di_bear,True,False,True,False,True,False,True,False,False,4317.T,,456.0,4.6242776,0.7718819,98.61,590.764,5999069696.0,,1744612200.0,1744612200.0,True,,,False,1744612200.0,2025-04-14,-302.0
3,False,38.383838383838395,True,False,True,True,0.42648603030184495,721.0,721.0,114615805.0,114.615805,935.8517456054688,0.770421173423718,-0.24133282506124865,-0.12164940261939372,18.727574240176473,2.597444416113242,-0.059973924380704036,-0.19170403587443952,22.04585713555556,20.357129330034052,26.42873939534278,fund_low_adv20,2,trend_break;di_bear,True,False,False,False,False,False,True,False,False,4318.T,,721.0,9.726157,2.08839,74.13,345.242,40464150528.0,,1753768800.0,1754287200.0,True,,,False,1753768800.0,2025-07-29,-226.0
5,True,47.63948497854078,False,False,True,False,0.3568539471763982,1652.0,1652.0,105129520.0,105.12952,1727.0,0.9565720903300521,-0.1324324324324324,0.5103567306395997,43.17792777502854,2.613676015437563,-0.04342790966994792,-0.04342790966994792,54.806527963322445,34.440621237771644,11.470614290273284,"fund_low_adv20,fund_small_mcap",1,macd_sell_like;ext_dev200,False,False,True,False,False,True,False,False,False,4320.T,,1652.0,17.400463,3.3743346,94.94,489.578,27547987968.0,,1754548200.0,1754893800.0,True,,,False,1754548200.0,2025-08-07,-219.0
0,False,34.920634920634924,False,False,True,True,0.5060746649075959,1618.0,1618.0,89408075.0,89.408075,2610.491943359375,0.6198065480017676,-0.3801934519982324,-0.2445281115351765,54.93761232957007,3.395402492556865,-0.12255965292841653,-0.22398081534772185,33.54012914738981,16.465831963118898,31.220591412223143,fund_low_adv20,3,trend_break;trailing_stop;di_bear,True,False,False,False,True,False,True,False,False,4323.T,,1618.0,15.251203,2.387628,106.09,677.66,39995179008.0,,1754895600.0,1755241200.0,True,,,False,1754895600.0,2025-08-11,-217.0
5,False,50.2212389380531,True,False,True,True,0.4032708179615377,3123.0,3123.0,4013921477.5,4013.9214775,3545.0,0.8809590973201693,-0.42340378458774863,0.012683676596241256,87.24503862960871,2.7936291588091167,-0.020388958594730222,-0.020388958594730222,8.030670596775888,21.11465562713188,19.783683092150152,fund_neg_eps,1,trend_break,True,False,False,False,False,False,False,False,False,4324.T,,3123.0,-2.4747610821433663,1.9430245,-1261.94,1607.288,810688184320.0,1778826600.0,1786602600.0,1786602600.0,True,,,False,1786602600.0,2026-08-13,46.0
3,False,41.463414634146346,False,False,True,True,0.425023410143245,1705.0,1705.0,43332360.0,43.33236,1972.7117919921875,0.8642924967149749,-0.1970985346637827,-0.0023034068373286587,24.010173458948515,1.4082213172403821,-0.02571428571428569,-0.02571428571428569,9.038150233813074,19.013281965135064,19.04170184427314,fund_low_adv20,1,trend_break,True,False,False,False,False,False,False,False,False,4326.T,,1705.0,24.02085,1.8587604,70.98,917.278,65148608512.0,,1754373600.0,1754978400.0,True,,,False,1754373600.0,2025-08-05,-221.0
1,False,40.449438202247194,False,False,True,True,0.4104339551815721,673.0,673.0,48424235.0,48.424235,932.2236328125,0.7219297776967663,-0.2823610382182219,-0.11325564236355046,11.501376245625805,1.7089712103455876,-0.033045977011494254,-0.06786703601108035,11.05882525769551,19.038774459423212,20.715405788704615,"fund_low_adv20,fund_small_mcap",1,trend_break,True,False,False,False,False,False,False,False,False,4331.T,,673.0,3.763561,0.5522776,178.82,1218.59,9827222528.0,,1754548200.0,1754980200.0,True,,,False,1754548200.0,2025-08-07,-219.0
3,False,52.38095238095238,False,True,False,False,0.19643802911848457,403.0,403.0,8168045.0,8.168045,468.2926940917969,0.86057289614901,-0.23749999592701598,-0.006848333135393125,7.853406411265199,1.9487360821998014,-0.017073170731707332,-0.017073170731707332,10.79633061997247,24.770855691345222,15.505758843890233,"fund_low_adv20,fund_small_mcap",1,trend_break,True,False,False,False,False,False,False,False,False,4334.T,,403.0,19.19962,1.2924414,20.99,311.813,3392663552.0,,1749536100.0,1749536100.0,True,,,False,1749536100.0,2025-06-10,-261.0
5,True,27.73109243697479,False,True,False,True,0.3982741925038507,1207.0,1207.0,5938485.0,5.938485,1280.0,0.94296875,-0.10691823899371067,0.011239249823012054,13.956022141147407,1.156257012522569,-0.05703124999999998,-0.05703124999999998,36.222633034707364,7.879943591493133,41.1478092764732,"fund_low_adv20,fund_small_mcap",2,di_bear;vol_distribution,False,False,False,False,False,False,True,True,False,4335.T,,1207.0,9.701013,1.5453755,124.42,781.04,2761585920.0,,1746773100.0,1746773100.0,True,,,False,1746773100.0,2025-05-09,-283.0
1,False,41.53132250580047,False,False,True,False,0.553546070003759,2616.0,2616.0,128542720.0,128.54272,3691.030029296875,0.7087452497638813,-0.31983914498164134,-0.1381122914789853,90.4339211432937,3.4569541721442545,-0.15202593192868719,-0.2651685393258427,42.031821087280946,10.986939668997401,32.051277911443215,fund_low_adv20,3,trend_break;trailing_stop;di_bear,True,False,False,False,True,False,True,False,False,4337.T,,2616.0,12.085373,3.7353446,216.46,700.337,40147460096.0,,1754452800.0,1754971200.0,True,,,False,1754452800.0,2025-08-06,-220.0
5,True,32.8125,False,False,True,True,0.36778594562893774,835.0,835.0,12843985.0,12.843985,987.32373046875,0.8457205820461425,-0.1998571738725119,0.04332750139527075,19.920571061371263,2.3856971330983545,-0.053287981859410416,-0.15427941795385747,27.320557047815825,25.665067775274338,17.30658915131045,"fund_low_adv20,fund_small_mcap",1,macd_sell_like,False,False,True,False,False,False,False,False,False,4341.T,,835.0,11.36209,0.50550514,73.49,1651.813,2825279232.0,,1747198800.0,1747198800.0,True,,,False,1747198800.0,2025-05-14,-280.0
2,False,42.10526315789474,False,False,True,True,0.6522507480777651,2479.0,2479.0,138070265.0,138.070265,3933.544189453125,0.6302204527527252,-0.41350601674040455,-0.1484770149664949,61.6965979433733,2.4887695822256273,-0.053093964858670795,-0.053093964858670795,16.99981119062591,14.924772958174891,24.008909767984218,fund_low_adv20,1,trend_break,True,False,False,False,False,False,False,False,False,4343.T,,2479.0,17.574081,6.249401,141.06,396.678,49039011840.0,,1752127200.0,1752472800.0,True,,,False,1752127200.0,2025-07-10,-239.0
0,False,13.793103448275858,False,False,True,True,0.2680172555168215,111.0,111.0,127931865.0,127.931865,195.0,0.5692307692307692,-0.5,-0.2515424294528169,4.08022890777072,3.6758818988925404,-0.16541353383458646,-0.17164179104477617,33.55159518718739,11.305863444861606,29.011460777393232,"fund_neg_eps,fund_low_adv20,fund_small_mcap",3,trend_break;trailing_stop;di_bear,True,False,False,False,True,False,True,False,False,4344.T,,111.0,-5.096418732782369,2.748477,-21.78,40.386,15352962048.0,,1754546400.0,1754978400.0,True,,,False,1754546400.0,2025-08-07,-219.0
2,False,51.94805194805195,True,False,True,True,0.5886088693416837,829.0,829.0,51711155.0,51.711155,1082.44677734375,0.7658575159088274,-0.2535429760502623,-0.091441626596515,16.73828827289192,2.0190938809278554,-0.03040935672514622,-0.11808510638297876,18.57898419589069,19.517318678652472,20.425128635082128,fund_low_adv20,1,trend_break,True,False,False,False,False,False,False,False,False,4345.T,,829.0,12.738168,2.178071,65.08,380.612,34208751616.0,,1753770600.0,1754289000.0,True,,,False,1753770600.0,2025-07-29,-226.0
2,False,57.615894039735096,True,False,True,False,0.5777380390260187,723.0,723.0,15611435.0,15.611435,1112.0,0.6501798561151079,-0.3803956834532374,-0.15647203303722446,17.757512164635756,2.4560874363258307,-0.025606469002695365,-0.05490196078431375,13.961817107282478,21.695434858304594,21.36355810469448,"fund_low_adv20,fund_small_mcap",1,trend_break,True,False,False,False,False,False,False,False,False,4346.T,,723.0,6.0034876,2.5549238,120.43,282.983,9404678144.0,,1754550000.0,1754982000.0,True,,,False,1754550000.0,2025-08-07,-219.0
1,False,20.150187734668336,False,False,True,False,0.4424754831093442,1582.0,1582.0,32982340.0,32.98234,2444.0,0.6472995090016367,-0.36170212765957444,-0.17014310097476038,80.34790883074403,5.078881721285969,-0.26384364820846906,-0.3527004909983633,51.318286215675286,8.591133972500948,36.70746429991853,"fund_low_adv20,fund_small_mcap",3,trend_break;trailing_stop;di_bear,True,False,False,False,True,False,True,False,False,4347.T,,1582.0,14.425094,2.2278552,109.67,710.1,11275181056.0,,1746081000.0,1746081000.0,True,,,False,1746081000.0,2025-05-01,-289.0
3,False,53.70370370370371,False,False,True,False,0.15890995184750392,496.0,496.0,44964180.0,44.96418,555.0,0.8936936936936937,-0.30306043281133155,-0.00803037876692525,17.903676925462324,3.60961228335934,-0.0424710424710425,-0.10630630630630633,15.959341295927445,16.896194423010865,20.604043076864578,"fund_low_adv20,fund_small_mcap",1,trend_break,True,False,False,False,False,False,False,False,False,4350.T,,496.0,13.533423,0.8387715,36.65,591.341,14497324032.0,,1754373600.0,1754978400.0,True,,,False,1754373600.0,2025-08-05,-221.0
6,True,54.83870967741936,False,False,True,False,0.13273019408665557,966.0,966.0,29816280.0,29.81628,1340.0,0.7208955223880597,-0.324904214559387,0.08292722611844172,47.44915055634925,4.911920347448163,-0.27910447761194035,-0.27910447761194035,40.97853258498009,36.50183943036831,15.331235772091498,"fund_low_adv20,fund_small_mcap",1,trailing_stop,False,False,False,False,True,False,False,False,False,4351.T,,966.0,57.706093,1.2822504,16.74,753.363,4114740736.0,,1754377200.0,1754982000.0,True,,,False,1754377200.0,2025-08-05,-221.0
4,False,51.59010600706714,True,False,True,False,0.391853929105026,1614.0,1614.0,6759170.0,6.75917,2005.7474365234375,0.8046875546791408,-0.23719209500676253,-0.08087957368025112,41.99299473593058,2.6017964520403085,-0.026537997587454787,-0.11851447296559259,17.195450063535016,20.409850991382193,27.40347331531561,"fund_low_adv20,fund_small_mcap",1,trend_break,True,False,False,False,False,False,False,False,False,4356.T,,1614.0,10.073648,8.738637,160.22,184.697,9215344640.0,,1754980200.0,1755498600.0,True,,,False,1754980200.0,2025-08-12,-216.0
2,False,40.75829383886256,False,False,True,True,0.5710780928515307,734.0,734.0,21221945.0,21.221945,1140.8438720703125,0.6433833918641254,-0.3566166081358746,-0.026250555653543506,36.3151075842913,4.9475623411841,-0.20819848975188782,-0.31807293928372193,27.36016984729521,12.342867877615896,28.31299022495415,"fund_low_adv20,fund_small_mcap",3,trend_break;trailing_stop;di_bear,True,False,False,False,True,False,True,False,False,4360.T,,734.0,7.647426,0.530928,95.98,1382.485,5999818752.0,,1747206000.0,1747206000.0,True,,,False,1747206000.0,2025-05-14,-280.0
3,False,44.97607655502393,True,False,True,True,0.35500812933447673,1433.0,1433.0,5187825.0,5.187825,1910.0,0.750261780104712,-0.2628272251308901,-0.04031710348163797,20.695029225161765,1.4441751029422027,-0.021843003412969297,-0.06339869281045751,23.379709008612885,18.70307015624385,19.160367011103887,"fund_low_adv20,fund_small_mcap",2,trend_break;di_bear,True,False,False,False,False,False,True,False,False,4361.T,,1433.0,5.8473086,0.5568076,245.07,2573.6,1744478336.0,,1751349600.0,1751868000.0,True,,,False,1751349600.0,2025-07-01,-246.0
0,False,30.91787439613526,False,False,True,True,0.43181777447900993,2410.0,2410.0,87979600.0,87.9796,3017.986572265625,0.7985456337503831,-0.24142819050224684,-0.06902020985000812,41.26194145640241,1.7121137533776933,-0.05080740448995669,-0.06913866357667053,14.934496715706002,19.191984708216633,26.104455334793847,fund_low_adv20,1,trend_break,True,False,False,False,False,False,False,False,False,4362.T,,2410.0,11.914767,1.0171086,202.27,2369.462,52260810752.0,,1753687800.0,1754033400.0,True,,,False,1753687800.0,2025-07-28,-227.0
5,True,87.62886597938144,False,True,False,False,0.09552826357375978,20430.0,20430.0,2245600.0,2.2456,20520.3046875,0.995599252112713,-0.06571425634442107,0.05417140734204828,93.98367103228476,0.46002775835675364,-0.0034146341463414664,-0.0034146341463414664,55.50779250676592,72.62105676377583,15.200213147723629,fund_low_adv20,2,rsi_reversal;vol_distribution,False,False,False,True,False,False,False,True,False,4365.T,,20430.0,7.372843,0.6642375,2770.98,30757.07,59274600448.0,,1747290600.0,1747290600.0,True,,,False,1747290600.0,2025-05-15,-279.0
3,True,57.37704918032787,False,False,True,False,0.42157556532506135,473.0,473.0,179182610.0,179.18261,593.0,0.7976391231028668,-0.2373385926826208,0.32473359943774294,34.551008594853144,7.304652979884385,-0.20236087689713322,-0.20236087689713322,30.129494685075016,26.44870923312446,23.437245316113767,"fund_low_adv20,fund_small_mcap",2,macd_sell_like;trailing_stop;ext_dev200,False,False,True,False,True,True,False,False,False,4366.T,,473.0,19.266804,0.9312545,24.55,507.917,15233461248.0,,1746774000.0,1746774000.0,True,,,False,1746774000.0,2025-05-09,-283.0
5,True,39.82035928143713,False,False,True,False,0.3421741608379011,2674.0,2674.0,117640130.0,117.64013,3030.0,0.8825082508250826,-0.13665109701423594,0.1938231748610446,109.62157770973153,4.099535441650393,-0.11749174917491745,-0.11749174917491745,38.22665436583789,22.452745044819693,19.42181188168042,"fund_neg_eps,fund_low_adv20,fund_small_mcap",3,macd_sell_like;trailing_stop;ext_dev200;natr_spike,False,False,True,False,True,True,False,False,True,4367.T,,2674.0,-2.5472731602762564,1.0467318,-1049.75,2554.618,13078587392.0,,1747108800.0,1747108800.0,True,,,False,1747108800.0,2025-05-13,-281.0
4,True,43.51145038167939,False,False,True,True,0.25129450920347063,3715.0,3715.0,3490252675.0,3490.252675,4590.0,0.809368191721133,-0.19063180827886705,0.4999710341613879,268.9450325280262,7.239435599677691,-0.19063180827886705,-0.19063180827886705,22.75734658421928,23.18480497631123,26.48671645167051,,3,macd_sell_like;trailing_stop;ext_dev200;di_bear,False,False,True,False,True,True,True,False,False,4368.T,,3715.0,27.48594,3.3530698,135.16,1107.94,393033547776.0,1778481000.0,1785393000.0,1785393000.0,True,,,True,1785393000.0,2026-07-30,36.0
5,True,49.869451697127936,False,False,True,False,0.3434332053223409,3330.0,3330.0,3495745250.0,3495.74525,4180.0,0.7966507177033493,-0.381863352009547,0.08593015615598953,238.51941940153583,7.1627453273734485,-0.20334928229665072,-0.20334928229665072,22.757959909361134,25.531672851965254,30.020794575856826,,3,macd_sell_like;trailing_stop;di_bear,False,False,True,False,True,False,True,False,False,4369.T,,3330.0,19.629805,2.9438026,169.64,1131.19,108214181888.0,1788157800.0,1788157800.0,1788157800.0,True,,,True,1788157800.0,2026-08-31,58.0
1,False,25.0,True,False,True,False,0.5404021224424499,304.0,304.0,11528820.0,11.52882,619.0,0.4911147011308562,-0.5395799676898223,-0.2518948715424747,13.037887358324351,4.2887787362909044,-0.08982035928143717,-0.21649484536082475,14.89238188408327,19.168045924119863,18.456206241920235,"fund_low_adv20,fund_small_mcap",2,trend_break;trailing_stop,True,False,False,False,True,False,False,False,False,4370.T,,304.0,38.287155,1.3565494,7.94,224.098,1840834944.0,,1744353000.0,1744353000.0,True,,,False,1744353000.0,2025-04-11,-303.0
3,True,59.16824196597354,False,False,True,True,0.5259008831176802,1345.0,1345.0,98143885.0,98.143885,1482.0,0.9075573549257759,-0.547162439094039,0.20007615982719362,67.28812563237119,5.002834619507151,-0.09244264507422406,-0.09244264507422406,18.093804091365524,23.643375769294288,20.360287710947663,"fund_low_adv20,fund_small_mcap",2,macd_sell_like;trailing_stop;ext_dev200,False,False,True,False,True,True,False,False,False,4371.T,,1345.0,15.529385,4.7475,86.61,283.307,21472403456.0,,1747206000.0,1747206000.0,True,,,False,1747206000.0,2025-05-14,-280.0
3,False,52.820512820512825,True,False,True,True,0.37129188551619846,1141.0,1141.0,5911440.0,5.91144,1593.4212646484375,0.7160692688833565,-0.3090339482554114,-0.13042807827502023,30.80185896001054,2.699549426819504,-0.023116438356164393,-0.10086682427107962,19.912746800866596,23.775896462858427,12.034935442186196,"fund_low_adv20,fund_small_mcap",1,trend_break,True,False,False,False,False,False,False,False,False,4372.T,,1141.0,12.056213,1.4402401,94.64,792.229,4371128832.0,,1747276200.0,1747276200.0,True,,,False,1747276200.0,2025-05-15,-279.0
4,False,55.95667870036102,False,False,True,False,0.5426717302636092,1038.0,1038.0,1072668510.0,1072.66851,1135.5712890625,0.9140773547180359,-0.3420882871455292,0.06762208171902384,41.97664659121034,4.043992927862268,-0.07486631016042777,-0.07486631016042777,35.06211420369286,24.552739495964204,17.313558158852064,,2,trend_break;macd_sell_like,True,False,True,False,False,False,False,False,False,4373.T,,1038.0,23.000221,4.5130043,45.13,230.002,232363393024.0,1777530600.0,1785306600.0,1785306600.0,True,,,True,1785306600.0,2026-07-29,35.0
1,False,34.07643312101911,False,False,True,False,0.5355595451205765,2361.0,2361.0,26964600.0,26.9646,3467.495849609375,0.6808948308520613,-0.3796676064537129,-0.13377972189865495,92.87047346807861,3.9335228067801196,-0.09851088201603664,-0.10602044680045442,22.156779114049066,21.476509902134367,22.543155714148284,"fund_low_adv20,fund_small_mcap",4,trend_break;macd_sell_like;trailing_stop;di_bear,True,False,True,False,True,False,True,False,False,4374.T,,2361.0,16.906553,6.409178,139.65,368.378,8843626496.0,,1755154800.0,1755500400.0,True,,,False,1755154800.0,2025-08-14,-214.0
0,False,34.63203463203463,False,False,True,False,0.36377093950963274,656.0,656.0,194939585.0,194.939585,1162.0,0.5645438898450946,-0.4466437177280551,-0.22226503452977264,26.85320418191998,4.0934762472439,-0.1413612565445026,-0.19012345679012344,19.70385144263835,13.470597196574346,27.831136720986617,fund_low_adv20,2,trend_break;trailing_stop,True,False,False,False,True,False,False,False,False,4375.T,,656.0,84.31876,3.9463155,7.78,166.231,36537384960.0,,1747290600.0,1747290600.0,True,,,False,1747290600.0,2025-05-15,-279.0
3,False,64.78873239436619,False,False,True,False,0.18914356470751342,174.0,174.0,9596590.0,9.59659,200.0,0.87,-0.42708333333333337,0.044480461012065486,8.291269463857121,4.7650973930213345,-0.06451612903225812,-0.06451612903225812,26.763904832130677,27.30273866557257,15.592953725380726,"fund_neg_eps,fund_low_adv20,fund_small_mcap",3,trend_break;rsi_reversal;natr_spike,True,False,False,True,False,False,False,False,True,4376.T,,174.0,-6.03956959389101,1.2700081,-28.81,137.007,10495019008.0,,1747292400.0,1747292400.0,True,,,False,1747292400.0,2025-05-15,-279.0
1,False,44.44444444444444,False,False,True,False,0.49195812213193285,1832.0,1832.0,205190530.0,205.19053,2864.39404296875,0.6395768083993277,-0.4079026926608843,-0.21079798391035742,81.95380817334197,4.4734611448330766,-0.10634146341463413,-0.10634146341463413,13.164299775942432,22.211301623720196,24.014857155854344,,4,trend_break;cross_sma25_down;macd_sell_like;trailing_stop,True,True,True,False,True,False,False,False,False,4377.T,,1832.0,22.572695,6.082115,81.16,301.211,33640151040.0,,1747290600.0,1747290600.0,True,,,True,1747290600.0,2025-05-15,-279.0
2,False,73.14049586776859,True,True,False,False,0.13113628104618263,1010.0,1010.0,514512365.0,514.512365,1310.0,0.7709923664122137,-0.41544607190412786,0.9554695062923524,105.09938612268647,10.405879814127374,-0.2290076335877863,-0.2290076335877863,47.04216951335371,72.53526042854371,0.9141942602201978,"fund_neg_eps,fund_small_mcap",5,trend_break;rsi_reversal;trailing_stop;ext_dev200;vol_distribution;natr_spike,True,False,False,True,True,True,False,True,True,4378.T,,1010.0,-20.236425566018834,2.7965522,-49.91,361.159,2950751232.0,,1749812340.0,1749812340.0,True,,,False,1749812340.0,2025-06-13,-258.0
1,False,31.578947368421055,False,False,True,True,0.3604231003819452,377.0,377.0,28894800.0,28.8948,516.0,0.7306201550387597,-0.26937984496124034,-0.05848858698366721,18.165932446986993,4.818549720686205,-0.16960352422907488,-0.26937984496124034,19.03232414936251,14.876649072398585,34.62827466652373,"fund_low_adv20,fund_small_mcap",3,trend_break;macd_sell_like;trailing_stop,True,False,True,False,True,False,False,False,False,4379.T,,377.0,20.053192,2.3208284,18.8,162.442,5824989184.0,,1747117800.0,1747117800.0,True,,,False,1747117800.0,2025-05-13,-281.0
1,False,44.354838709677416,False,True,False,True,0.3390041650235101,1111.0,1111.0,3224615.0,3.224615,1421.986083984375,0.7813015981752799,-0.22080812711232212,-0.10847008533981628,18.070395955361786,1.6264982858111419,-0.044711951848667275,-0.12519685039370076,23.2761978061368,16.71790701517683,30.98918467959998,"fund_low_adv20,fund_small_mcap",3,trend_break;macd_sell_like;di_bear,True,False,True,False,False,False,True,False,False,4380.T,,1111.0,12.836511,2.5460162,86.55,436.368,5433194496.0,,1742193000.0,1742193000.0,True,,,False,1742193000.0,2025-03-17,-322.0
0,False,10.416666666666671,False,False,True,True,0.45734184922202686,250.0,250.0,3823780.0,3.82378,615.0,0.4065040650406504,-0.5934959349593496,-0.5048279277048775,16.186151643676062,6.474460657470425,-0.3421052631578947,-0.5867768595041323,70.73125551276334,3.7911271515710623,51.097618878814465,"fund_neg_eps,fund_low_adv20,fund_small_mcap",5,trend_break;macd_sell_like;trailing_stop;di_bear;natr_spike,True,False,True,False,True,False,True,False,True,4381.T,,250.0,-0.6909513017522525,-1.5229695,-361.82,-164.153,727117504.0,,1747119600.0,1747119600.0,True,,,False,1747119600.0,2025-05-13,-281.0
3,False,50.191570881226056,True,False,False,False,0.33765495326091466,763.0,763.0,56959870.0,56.95987,1320.0,0.578030303030303,-0.4712121212121212,-0.16190685413005268,29.22881206240908,3.830774844352435,-0.054522924411400275,-0.14269662921348314,30.86953752378623,40.68201178560395,20.19347969568686,"fund_neg_eps,fund_low_adv20,fund_small_mcap",1,trend_break,True,False,False,False,False,False,False,False,False,4382.T,,763.0,-157.64462809917356,2.5065703,-4.84,304.4,11603535872.0,,1749796200.0,1749796200.0,True,,,False,1749796200.0,2025-06-13,-258.0
4,True,34.5553822152886,False,False,True,True,0.4186027374855193,3682.0,3682.0,6665393010.0,6665.39301,4239.0,0.8686010851615947,-0.27064380685794265,0.18834760942674,177.63800495150863,4.824497690155042,-0.13139891483840527,-0.13139891483840527,15.969931234955222,15.021637723842732,29.36284600229792,,2,macd_sell_like;trailing_stop;ext_dev200,False,False,True,False,True,True,False,False,False,4385.T,,3682.0,21.209677,5.0577545,173.6,727.991,607689375744.0,1785911400.0,1785911400.0,1785911400.0,True,,,True,1785911400.0,2026-08-05,40.0
2,False,34.48275862068965,False,False,True,True,0.4586311985915783,816.0,816.0,7756965.0,7.756965,984.3587036132812,0.8289661045355847,-0.17814512430234308,-0.05298838359308844,15.989505171823861,1.9594981828215519,-0.09433962264150941,-0.15238640295143768,20.458228137248074,19.897939978775554,25.519969437031648,"fund_low_adv20,fund_small_mcap",3,trend_break;trailing_stop;di_bear,True,False,False,False,True,False,True,False,False,4386.T,,816.0,9.717756,1.661884,83.97,491.009,4671665152.0,,1747117800.0,1747117800.0,True,,,False,1747117800.0,2025-05-13,-281.0
0,False,34.23423423423422,False,False,False,True,0.5662383285112893,475.0,475.0,2230910.0,2.23091,736.0,0.6453804347826086,-0.39003645200486026,-0.24154724362300906,13.787608646175604,2.902654451826443,-0.12844036697247707,-0.2962962962962963,21.93644828160324,21.378882202919918,30.853690198720958,"fund_neg_eps,fund_low_adv20,fund_small_mcap",4,trend_break;macd_sell_like;trailing_stop;di_bear,True,False,True,False,True,False,True,False,False,4387.T,,475.0,-5.665553435114504,2.0793297,-83.84,228.439,2256077056.0,,1747299600.0,1747299600.0,True,,,False,1747299600.0,2025-05-15,-279.0
0,False,33.33333333333333,False,False,True,False,0.4207567422412771,360.0,360.0,5972205.0,5.972205,552.3919677734375,0.6517111417298039,-0.5306554055194603,-0.1786870998439355,8.258981233392435,2.2941614537201205,-0.08860759493670889,-0.11330049261083741,22.15541399076868,12.761642174423304,22.66809104645133,"fund_low_adv20,fund_small_mcap",4,trend_break;macd_sell_like;trailing_stop;di_bear,True,False,True,False,True,False,True,False,False,4388.T,,360.0,20.258863,0.990862,17.77,363.32,2196782336.0,,1747220340.0,1747220340.0,True,,,False,1747220340.0,2025-05-14,-280.0
4,False,42.47787610619469,False,False,True,False,0.37515140657306323,854.0,854.0,12708885.0,12.708885,1008.0,0.8472222222222222,-0.2876190912155878,0.02235022198425085,25.297983772416934,2.9622931817818428,-0.04044943820224722,-0.04044943820224722,24.029123638107507,25.51330472099841,17.63730662214441,"fund_low_adv20,fund_small_mcap",2,trend_break;macd_sell_like,True,False,True,False,False,False,False,False,False,4389.T,,854.0,14.0622425,2.673981,60.73,319.374,8840178688.0,,1747206000.0,1747206000.0,True,,,False,1747206000.0,2025-05-14,-280.0
4,True,44.871794871794876,False,False,True,True,0.421491425737512,3775.0,3775.0,475536200.0,475.5362,4200.0,0.8988095238095238,-0.22507119796082775,0.17925098091312486,194.8491470351426,5.16156680887795,-0.10119047619047616,-0.10119047619047616,21.287592518795236,25.92277708119165,26.399455167829355,,4,cross_sma25_down;macd_sell_like;trailing_stop;di_bear,False,True,True,False,True,False,True,False,False,4390.T,,3775.0,11.965135,2.5825987,315.5,1461.706,49384452096.0,,1746772200.0,1746772200.0,True,,,True,1746772200.0,2025-05-09,-283.0
3,False,50.85324232081911,True,False,True,False,0.22769399814731697,1110.0,1110.0,6043260.0,6.04326,1539.0,0.7212475633528265,-0.33593242365172193,-0.024458838315038256,32.814087208301075,2.956224072819917,-0.008928571428571397,-0.05772495755517826,15.093701552322065,13.460640590794009,17.220757309457586,"fund_low_adv20,fund_small_mcap",1,trend_break,True,False,False,False,False,False,False,False,False,4391.T,,1110.0,17.164064,2.1814795,64.67,508.829,3619320320.0,,1747291200.0,1747291200.0,True,,,False,1747291200.0,2025-05-15,-279.0
4,True,43.421493136926685,False,False,True,False,0.4888989890355785,1588.0,1588.0,20935713665.0,20935.713665,2571.0,0.617658498638662,-0.4710229482691559,2.5058226403318726,299.15537500209035,18.838499685270175,-0.38234150136133804,-0.38234150136133804,52.34811212019199,26.94800628003291,15.297740218923384,,2,trailing_stop;ext_dev200;natr_spike,False,False,False,False,True,True,False,False,True,4392.T,,1588.0,62.20133,7.8493786,25.53,202.309,48234344448.0,,1754632800.0,1754632800.0,True,,,True,1754632800.0,2025-08-08,-218.0
1,False,46.9208211143695,False,False,True,False,0.47618113655313277,4975.0,4975.0,223334425.0,223.334425,13840.0,0.35946531791907516,-0.6567919075144508,-0.2656528493776501,198.80261810227336,3.996032524668811,-0.055977229601518075,-0.08715596330275233,10.764085955643676,20.15258047249665,18.39766913788868,fund_small_mcap,1,trend_break,True,False,False,False,False,False,False,False,False,4393.T,,4975.0,11.603498,13.704743,428.75,363.013,19771858944.0,,1754978400.0,1755496800.0,True,,,False,1754978400.0,2025-08-12,-216.0
2,False,23.79934447166505,False,False,False,False,0.39076772971061063,384.0,384.0,3588695.0,3.588695,443.1335144042969,0.8665559871187132,-0.18131566060050275,-0.026234997158601003,12.87144107315322,3.351937779466984,-0.11613211708103666,-0.1250902346092888,41.91710422695367,6.623975719104259,29.835784760157335,"fund_low_adv20,fund_small_mcap",4,trend_break;trailing_stop;di_bear;natr_spike,True,False,False,False,True,False,True,False,True,4394.T,,384.0,18.224964,1.4107637,21.07,272.193,2323524864.0,,1751522400.0,1751868000.0,True,,,False,1751522400.0,2025-07-03,-244.0
0,False,18.772563176895304,False,True,False,False,0.2792734095306067,710.0,710.0,106461265.0,106.461265,1491.83544921875,0.47592380270345197,-0.524076197296548,-0.33669106737457943,48.89976816196108,6.8872912904170525,-0.40336134453781514,-0.41127694859038144,38.98102756511409,11.93188205633513,46.23271934993633,"fund_low_adv20,fund_small_mcap",5,trend_break;macd_sell_like;trailing_stop;di_bear;vol_distribution,True,False,True,False,True,False,True,True,False,4395.T,,710.0,15.46841,1.5128368,45.9,469.317,5324917760.0,,1754978400.0,1755496800.0,True,,,False,1754978400.0,2025-08-12,-216.0
1,False,35.294117647058826,False,False,True,True,0.5256466926040969,964.0,964.0,110108405.0,110.108405,1689.00927734375,0.5707487892050253,-0.43102739997299866,-0.27440907763575795,32.00981299961235,3.3205200207066756,-0.09737827715355807,-0.19666666666666666,11.546099073417997,25.496737541708196,29.382445016719704,"fund_low_adv20,fund_small_mcap",3,trend_break;macd_sell_like;trailing_stop,True,False,True,False,True,False,False,False,False,4396.T,,964.0,11.913001,2.918391,80.92,330.319,19862779904.0,,1754366400.0,1754971200.0,True,,,False,1754366400.0,2025-08-05,-221.0
1,False,48.71794871794872,False,False,False,True,0.4758753557167023,366.0,366.0,23629630.0,23.62963,645.0,0.5674418604651162,-0.4480620155038759,-0.24262020300261777,12.006584041117561,3.2804874429282953,-0.06393861892583119,-0.1681818181818182,23.10322836885468,14.303921463013092,26.039862282989095,"fund_low_adv20,fund_small_mcap",3,trend_break;macd_sell_like;di_bear,True,False,True,False,False,False,True,False,False,4397.T,,366.0,14.564266,12.820064,25.13,28.549,5580286464.0,,1752127200.0,1752472800.0,True,,,False,1752127200.0,2025-07-10,-239.0
6,False,47.31182795698925,False,False,True,False,0.5039350948154351,1264.0,1264.0,4482520.0,4.48252,1562.3323974609375,0.8090467829088229,-0.3238111152245531,-0.054509832618799825,22.805663577731217,1.8042455362129128,-0.020155038759689936,-0.027692307692307683,22.02498548932108,17.274074179857497,14.78435272791013,"fund_low_adv20,fund_small_mcap",1,trend_break,True,False,False,False,False,False,False,False,False,4398.T,,1264.0,29.80429,2.3489447,42.41,538.114,5586442752.0,,1747204200.0,1747204200.0,True,,,False,1747204200.0,2025-05-14,-280.0
4,True,37.28643216080402,False,False,True,False,0.5274212014698555,3833.0,3833.0,2355002630.0,2355.00263,4876.16845703125,0.7860680027313165,-0.25966462565613024,0.008190826428120968,145.48386888863607,3.7955614111306044,-0.1585071350164654,-0.1585071350164654,22.88573918594723,22.017390203366926,29.569438263747188,,3,macd_sell_like;trailing_stop;di_bear,False,False,True,False,True,False,True,False,False,4401.T,,3833.0,13.793227,1.1966999,277.89,3202.975,371708919808.0,1778740200.0,1786084200.0,1786084200.0,True,,,True,1786084200.0,2026-08-07,42.0
0,False,33.66515837104073,False,False,False,True,0.43331431036745865,2591.0,2591.0,2417053977.5,2417.0539775,3318.0,0.7808921036769138,-0.23040988547317665,-0.10938919909794553,86.82923869000493,3.351186363952332,-0.10992785984197873,-0.21910789632308625,32.075292954410806,13.238461800274631,36.78578600299255,,3,trend_break;trailing_stop;di_bear,True,False,False,False,True,False,True,False,False,4403.T,,2591.0,14.684047,1.9864712,176.45,1304.323,584957558784.0,1778481000.0,1785997800.0,1785997800.0,True,,,True,1785997800.0,2026-08-06,41.0
1,False,20.34883720930233,False,False,True,True,0.5909550642320983,1828.0,1828.0,40894785.0,40.894785,2665.0,0.6859287054409006,-0.31407129455909943,-0.16811235384229695,41.35882689849883,2.2625178828500454,-0.12993812470252264,-0.19894829097283084,48.483738953268,9.344679559447968,35.11965182852254,"fund_low_adv20,fund_small_mcap",3,trend_break;trailing_stop;di_bear,True,False,False,False,True,False,True,False,False,4404.T,,1828.0,1.9382887,0.44059986,943.1,4148.889,18647339008.0,,1754275800.0,1754621400.0,True,,,False,1754275800.0,2025-08-04,-222.0
1,False,62.0253164556962,False,False,True,False,0.4271497233436549,212.0,212.0,101285885.0,101.285885,268.9039306640625,0.7883856493895892,-0.2934279557357454,-0.022109711293327394,8.654070380159414,4.082108669886516,-0.10548523206751059,-0.10548523206751059,32.74715294152054,26.296349232693206,17.865779153358375,"fund_low_adv20,fund_small_mcap",2,trend_break;trailing_stop,True,False,False,False,True,False,False,False,False,4406.T,,212.0,13.216957,0.4003573,16.04,529.527,7903841792.0,,1754548800.0,1754894400.0,True,,,False,1754548800.0,2025-08-07,-219.0
3,False,50.0,False,False,True,True,0.49735801513455763,721.0,721.0,3154620.0,3.15462,802.1697998046875,0.8988121968385612,-0.13333328260828214,-0.03006704756582157,7.569597318391754,1.0498748014412973,-0.00688705234159781,-0.07077689075048554,24.757487013106918,20.616230300699275,9.263084168497462,"fund_low_adv20,fund_small_mcap",1,trend_break,True,False,False,False,False,False,False,False,False,4409.T,,721.0,9.927028,0.630927,72.63,1142.763,15161176064.0,,1747198800.0,1747198800.0,True,,,False,1747198800.0,2025-05-14,-280.0
4,True,64.34262948207171,False,False,True,False,0.4154064546115096,1095.0,1095.0,169600495.0,169.600495,1208.0,0.9064569536423841,-0.16630142953406957,0.20232788818940928,46.846914991572135,4.278257076855903,-0.0935430463576159,-0.0935430463576159,40.17212573048296,29.41256728990594,11.790642943950006,"fund_low_adv20,fund_small_mcap",2,trailing_stop;ext_dev200;natr_spike,False,False,False,False,True,True,False,False,True,4410.T,,1095.0,26.545454,0.65242064,41.25,1678.365,26619615232.0,,1753761600.0,1754280000.0,True,,,False,1753761600.0,2025-07-29,-226.0
1,False,23.67647058823529,False,False,True,False,0.4965124990267063,1148.0,1148.0,67248435.0,67.248435,2630.0,0.43650190114068443,-0.5733840304182509,-0.33666541472857026,80.62017467203923,7.02266329895812,-0.28518057285180576,-0.4582350165172251,37.34461101838445,12.339872378919873,32.21052277372432,"fund_low_adv20,fund_small_mcap",3,trend_break;trailing_stop;di_bear,True,False,False,False,True,False,True,False,False,4412.T,,1148.0,50.065414,6.195961,22.93,185.282,9313623040.0,,1744612200.0,1744612200.0,True,,,False,1744612200.0,2025-04-14,-302.0
3,False,66.26898047722344,True,False,True,False,0.40041690790993134,2592.0,2592.0,682325490.0,682.32549,3395.648193359375,0.7633299601145337,-0.4979472016364006,0.08117330438373105,118.31412222828769,4.564588048930853,0.0,0.0,30.162827994235297,34.2219740457596,13.763341522358338,,1,trend_break,True,False,False,False,False,False,False,False,False,4413.T,,2592.0,32.989693,10.47658,78.57,247.409,80858095616.0,,1744700400.0,1744700400.0,True,,,True,1744700400.0,2025-04-15,-301.0
1,False,49.826989619377166,False,False,True,False,0.45921465843461134,1054.0,1054.0,33961710.0,33.96171,2338.0,0.4508126603934987,-0.6039199673336055,-0.31939404114631087,53.08033263821013,5.03608469053227,-0.04873646209386284,-0.1601593625498008,10.902178793717567,18.798922142801295,19.04573520855693,"fund_low_adv20,fund_small_mcap",1,trend_break,True,False,False,False,False,False,False,False,False,4414.T,,1054.0,9.699089,2.7141933,108.67,388.329,5684273664.0,,1746701940.0,1746701940.0,True,,,False,1746701940.0,2025-05-08,-284.0
4,True,36.22291021671826,False,False,True,False,0.4261540204039291,1193.0,1193.0,26408130.0,26.40813,1497.0,0.7969271877087508,-0.3101997896950578,0.03245348334054521,56.55390643164627,4.740478326206729,-0.1686411149825784,-0.1686411149825784,11.113287259992163,21.820335371137304,29.572975963245018,"fund_low_adv20,fund_small_mcap",1,trailing_stop,False,False,False,False,True,False,False,False,False,4415.T,,1193.0,17.637493,3.951823,67.64,301.886,7330619904.0,,1747133940.0,1747133940.0,True,,,False,1747133940.0,2025-05-13,-281.0
1,False,62.06896551724138,False,False,True,False,0.3222670167584353,410.0,410.0,5825670.0,5.82567,1157.0,0.3543647363872083,-0.6853932584269663,-0.38541330954932806,15.279380451137378,3.7266781588139946,-0.016786570743405282,-0.2490842490842491,24.538484351119134,22.29477838403789,19.833814903463747,"fund_low_adv20,fund_small_mcap",2,trend_break;rsi_reversal,True,False,False,True,False,False,False,False,False,4416.T,,410.0,24.698795,1.7072947,16.6,240.146,1984892032.0,,1747220340.0,1747220340.0,True,,,False,1747220340.0,2025-05-14,-280.0
4,False,49.56521739130435,False,False,True,True,0.4030087162257413,3100.0,3100.0,277963180.0,277.96318,4202.48876953125,0.7376581283156594,-0.4693620560826064,0.018266258893489873,172.8884452535193,5.5770466210812675,-0.09752547307132464,-0.09752547307132464,26.73715979780542,29.895401350619405,23.53868076279563,,3,trend_break;macd_sell_like;trailing_stop,True,False,True,False,True,False,False,False,False,4417.T,,3100.0,46.351677,10.604744,66.88,292.322,46661160960.0,,1745997900.0,1745997900.0,True,,,True,1745997900.0,2025-04-30,-290.0
0,False,33.189655172413794,False,False,True,True,0.4033250488826345,640.0,640.0,119965710.0,119.96571,1771.0,0.3613777526821005,-0.6386222473178995,-0.37450828043530315,32.56544620306039,5.088350969228186,-0.23990498812351546,-0.2920353982300885,27.799494747284463,12.92758429112823,33.297038539240724,"fund_low_adv20,fund_small_mcap",4,trend_break;macd_sell_like;trailing_stop;di_bear,True,False,True,False,True,False,True,False,False,4418.T,,640.0,19.577854,1.640849,32.69,390.042,10096041984.0,,1747119600.0,1747119600.0,True,,,False,1747119600.0,2025-05-13,-281.0
6,True,49.175824175824175,False,False,True,False,0.4556325551091238,1188.0,1188.0,850190375.0,850.190375,1420.0,0.8366197183098592,-0.45845070422535217,0.09727205974036779,82.9072036095052,6.978720842550944,-0.12711241734019108,-0.12711241734019108,22.479362653707465,23.509156458867363,22.31799917464297,,3,cross_sma25_down;macd_sell_like;trailing_stop,False,True,True,False,True,False,False,False,False,4419.T,,1188.0,41.437042,5.681465,28.67,209.101,61655154688.0,,1747094400.0,1747094400.0,True,,,True,1747094400.0,2025-05-13,-281.0
4,True,58.45511482254697,False,True,False,False,0.31082413432441924,799.0,799.0,175054460.0,175.05446,929.0,0.860064585575888,-0.4967741977534844,0.4286053505719163,59.812163309819965,7.485877760928656,-0.13993541442411195,-0.13993541442411195,41.037054209155926,34.77193970982332,20.23348583293664,"fund_low_adv20,fund_small_mcap",3,trailing_stop;ext_dev200;vol_distribution;natr_spike,False,False,False,False,True,True,False,True,True,4420.T,,799.0,25.59257,2.6069195,31.22,306.492,15740565504.0,,1754546400.0,1754978400.0,True,,,False,1754546400.0,2025-08-07,-219.0
5,False,54.94505494505495,True,False,True,True,0.44758540012545905,906.0,906.0,938260.0,0.93826,1022.6087036132812,0.8859693808577449,-0.13456633326809686,-0.0417153703287384,10.37139369558357,1.144745441013639,-0.00766703176341732,-0.03821656050955413,20.90608158044606,27.77154053934099,14.762970308153797,"fund_low_adv20,fund_small_mcap",1,trend_break,True,False,False,False,False,False,False,False,False,4421.T,,906.0,10.305994,1.590375,87.91,569.677,2635249664.0,,1754980200.0,1755498600.0,True,,,False,1754980200.0,2025-08-12,-216.0
4,True,48.005908419497786,False,False,False,True,0.4559994305434556,747.0,747.0,232497710.0,232.49771,1434.0,0.5209205020920502,-0.5362622036262203,0.835621376937689,96.68439923647692,12.943025332861701,-0.18360655737704923,-0.4790794979079498,15.65271223838483,28.401529092819878,21.50116535971308,fund_small_mcap,2,cross_sma25_down;trailing_stop;ext_dev200,False,True,False,False,True,True,False,False,False,4422.T,,747.0,60.241936,8.2586155,12.4,90.451,6393349120.0,,1749535200.0,1749535200.0,True,,,False,1749535200.0,2025-06-10,-261.0
0,False,28.57142857142857,False,False,True,False,0.2107208417578245,198.0,198.0,4054015.0,4.054015,705.0,0.28085106382978725,-0.7191489361702128,-0.30343007915567277,7.958630574399953,4.019510391111087,-0.1610169491525424,-0.2773722627737226,15.88348486196901,17.32304697507917,29.427316724015913,"fund_neg_eps,fund_low_adv20,fund_small_mcap",2,trend_break;trailing_stop,True,False,False,False,True,False,False,False,False,4424.T,,198.0,-5.60430229266912,1.5940105,-35.33,124.215,1302304640.0,,1754978400.0,1755496800.0,True,,,False,1754978400.0,2025-08-12,-216.0
4,True,36.71052631578948,False,False,True,False,0.3884942188073191,1715.0,1715.0,633366370.0,633.36637,3080.0,0.5568181818181818,-0.6188741721854305,0.08498981438133435,155.42746646822528,9.06282603313267,-0.40943526170798894,-0.44318181818181823,29.297284168538027,16.974665616213514,27.967719136457003,"fund_neg_eps,fund_small_mcap",2,trailing_stop;di_bear,False,False,False,False,True,False,True,False,False,4425.T,,1715.0,-102.51046025104603,7.33119,-16.73,233.932,19380699136.0,,1754978400.0,1755496800.0,True,,,False,1754978400.0,2025-08-12,-216.0
3,False,,False,False,True,False,0.3511224616268941,163.0,163.0,0.0,0.0,163.0,1.0,-0.2819189056863969,0.0,6.757534392583508e-16,4.145726621216876e-16,0.0,0.0,100.0,0.0,100.0,"fund_low_adv20,fund_small_mcap",1,di_bear,False,False,False,False,False,False,True,False,False,4426.T,,163.0,8.849077,0.6633999,18.42,245.704,324402592.0,,1747290600.0,1747290600.0,True,,,False,1747290600.0,2025-05-15,-279.0
0,False,20.0,False,False,True,True,0.24627944464995052,200.0,200.0,58812220.0,58.81222,517.0,0.38684719535783363,-0.6286266924564796,-0.2987254334753414,20.157785531032378,10.078892765516189,-0.3902439024390244,-0.3975903614457831,24.469603890226217,20.784162039593607,23.927354961537883,"fund_neg_eps,fund_low_adv20,fund_small_mcap",3,trend_break;trailing_stop;di_bear,True,False,False,False,True,False,True,False,False,4427.T,,200.0,-10.29336078229542,1.5051514,-19.43,132.877,2043993216.0,,1754978400.0,1755496800.0,True,,,False,1754978400.0,2025-08-12,-216.0
0,False,31.42857142857143,False,False,False,False,0.48694308847239126,621.0,621.0,5185510.0,5.18551,986.2361450195312,0.629666640323451,-0.3774310512743979,-0.21360062820380987,14.160350499985531,2.2802496779364785,-0.10130246020260492,-0.11914893617021272,22.98548235415714,14.542378363683998,21.434641473465465,"fund_low_adv20,fund_small_mcap",3,trend_break;trailing_stop;di_bear,True,False,False,False,True,False,True,False,False,4428.T,,621.0,17.85509,2.0735805,34.78,299.482,3864044032.0,,1754978400.0,1755496800.0,True,,,False,1754978400.0,2025-08-12,-216.0
1,False,34.8314606741573,False,False,True,True,0.5578062382020755,710.0,710.0,5607240.0,5.60724,1206.0,0.5887230514096186,-0.6253534401508012,-0.25507805942588546,20.42849374535698,2.877252640191124,-0.10691823899371067,-0.29702970297029707,39.730318448236204,37.70971780693793,29.034425022791737,"fund_low_adv20,fund_small_mcap",3,trend_break;trailing_stop;natr_spike,True,False,False,False,True,False,False,False,True,4429.T,,710.0,12.097462,0.96369714,58.69,736.746,3195095040.0,,1744614000.0,1744614000.0,True,,,False,1744614000.0,2025-04-14,-302.0
2,False,16.331282488173755,False,False,False,True,0.3740907362845758,1610.0,1610.0,46868465.0,46.868465,1931.9342041015625,0.833361714173244,-0.166638285826756,-0.056308861734112425,31.408533270618598,1.9508405758148197,-0.07609570521857922,-0.11673373531438369,30.1703307754089,13.7258283172369,42.83402808619331,"fund_low_adv20,fund_small_mcap",3,trend_break;macd_sell_like;di_bear,True,False,True,False,False,False,True,False,False,4430.T,,1610.0,8.506816,1.17356,189.26,1371.894,7723197440.0,,1752127200.0,1752472800.0,True,,,False,1752127200.0,2025-07-10,-239.0
2,False,50.83333333333333,False,False,True,True,0.3877257584399573,2352.0,2352.0,191740120.0,191.74012,3586.333251953125,0.6558230467620642,-0.4399999836619338,-0.12898353884027447,94.01310030979768,3.997155625416568,-0.0561797752808989,-0.09364903703540628,13.026106939737085,24.877965778516895,23.64436141408252,fund_low_adv20,1,trend_break,True,False,False,False,False,False,False,False,False,4431.T,,2352.0,26.144953,5.082296,89.96,462.783,45301682176.0,,1749725940.0,1749725940.0,True,,,False,1749725940.0,2025-06-12,-259.0
0,False,33.26653306613227,False,False,True,True,0.49017538676045674,2378.0,2378.0,366354265.0,366.354265,4015.358642578125,0.5922260529318913,-0.40901916585055587,-0.22306370943620257,74.1677685905251,3.118913733832006,-0.0807885581754928,-0.15912305516265912,24.78596070490513,15.432182670172889,33.61551489126887,,4,trend_break;macd_sell_like;trailing_stop;di_bear,True,False,True,False,True,False,True,False,False,4432.T,,2378.0,12.749303,1.754685,186.52,1355.229,82494570496.0,,1744282740.0,1744282740.0,True,,,True,1744282740.0,2025-04-10,-304.0
2,False,39.53488372093023,True,False,True,True,0.48357819832065185,840.0,840.0,35131815.0,35.131815,1134.0191650390625,0.7407282221469911,-0.2760263447825242,-0.13993397565169163,13.20841640392622,1.572430524276931,-0.03337169159953968,-0.10922587486744428,38.61978232711751,15.324038621185423,25.288705446896714,"fund_low_adv20,fund_small_mcap",2,trend_break;di_bear,True,False,False,False,False,False,True,False,False,4433.T,,840.0,31.902773,1.4888047,26.33,564.211,14987616256.0,,1752472800.0,1752818400.0,True,,,False,1752472800.0,2025-07-14,-237.0
5,True,50.869565217391305,False,False,True,True,0.3601572224554085,2019.0,2019.0,69160110.0,69.16011,2515.52197265625,0.8026167220746036,-0.4108882445090716,0.0366453003161622,59.6682468770556,2.9553366457184547,-0.04539007092198577,-0.04539007092198577,10.851502451809836,21.023967260312702,21.440919474334592,"fund_neg_eps,fund_low_adv20,fund_small_mcap",1,macd_sell_like,False,False,True,False,False,False,False,False,False,4434.T,,2019.0,-25.77227470002553,1.537865,-78.34,1312.859,14972084224.0,,1744597800.0,1744597800.0,True,,,False,1744597800.0,2025-04-14,-302.0
0,False,27.152317880794712,False,False,True,False,0.2555367359167217,419.0,419.0,61393705.0,61.393705,604.0,0.6937086092715232,-0.5755451713395638,-0.08487310531603554,23.023738902427475,5.494925752369325,-0.20342205323193918,-0.20342205323193918,19.59566100517597,16.178863153069436,26.738479647197337,"fund_low_adv20,fund_small_mcap",4,trend_break;macd_sell_like;trailing_stop;natr_spike,True,False,True,False,True,False,False,False,True,4436.T,,419.0,8.600164,4.457779,48.72,93.993,6439878144.0,,1754978400.0,1755496800.0,True,,,False,1754978400.0,2025-08-12,-216.0
3,True,40.2390438247012,False,False,True,True,0.4808506448922496,868.0,868.0,6982750.0,6.98275,1199.0,0.7239366138448707,-0.2894078398665555,0.1501528815324873,52.53725905994526,6.0526796152010665,-0.18802619270346121,-0.27606338615512926,14.711405068968608,21.03511664318273,22.696051836978384,"fund_low_adv20,fund_small_mcap",1,trailing_stop,False,False,False,False,True,False,False,False,False,4437.T,,868.0,10.730622,1.6404223,80.89,529.132,6569626624.0,,1747288800.0,1747288800.0,True,,,False,1747288800.0,2025-05-15,-279.0
2,False,45.833333333333336,False,False,True,True,0.22322428010979542,262.0,262.0,33289825.0,33.289825,520.0,0.5038461538461538,-0.49615384615384617,-0.155846248026549,23.00951491484201,8.782257601084737,-0.11186440677966103,-0.3656174334140436,26.49576528287612,26.49298379514992,12.155352452908728,"fund_neg_eps,fund_low_adv20,fund_small_mcap",2,trend_break;trailing_stop,True,False,False,False,True,False,False,False,False,4438.T,,262.0,-4.01840490797546,12.122895,-65.2,21.612,2210114560.0,,1754980200.0,1755498600.0,True,,,False,1754980200.0,2025-08-12,-216.0
2,False,45.575221238938056,False,False,True,False,0.48979989850565764,741.0,741.0,14580790.0,14.58079,1113.5938720703125,0.6654131444010075,-0.3812825148552035,-0.23896279739206283,29.94910255943946,4.0417142455383885,-0.0985401459854015,-0.26778656126482214,23.870829588794713,20.177672171773217,19.9240569280175,"fund_low_adv20,fund_small_mcap",2,trend_break;trailing_stop,True,False,False,False,True,False,False,False,False,4439.T,,741.0,9.625876,2.0883768,76.98,354.821,22042800128.0,,1752129000.0,1752474600.0,True,,,False,1752129000.0,2025-07-10,-239.0
1,False,33.050847457627114,True,False,False,True,0.5440103620033836,1064.0,1064.0,22021445.0,22.021445,1706.0,0.6236811254396248,-0.3815943728018757,-0.1740885120657365,40.22201348505792,3.780264425287399,-0.08747855917667235,-0.3399503722084367,42.48949142002708,10.690068964199813,27.933393508889974,"fund_low_adv20,fund_small_mcap",3,trend_break;trailing_stop;di_bear,True,False,False,False,True,False,True,False,False,4440.T,,1064.0,9.461142,1.4057803,112.46,756.875,4255298816.0,,1752127200.0,1752472800.0,True,,,False,1752127200.0,2025-07-10,-239.0
7,True,42.119565217391305,True,True,False,True,0.558833511720119,1230.0,1230.0,25519345.0,25.519345,1443.0,0.8523908523908524,-0.2992167749260951,0.021185585026226583,56.32153236053068,4.578986370774852,-0.045031055900621064,-0.14760914760914756,26.359247707036857,25.98379879043436,22.546985707961042,"fund_low_adv20,fund_small_mcap",0,,False,False,False,False,False,False,False,False,False,4441.T,,1230.0,20.091473,4.917836,61.22,250.11,12422569984.0,,1749538800.0,1749538800.0,True,,,False,1749538800.0,2025-06-10,-261.0
0,False,27.41935483870968,False,True,False,True,0.31205084093368773,373.0,373.0,12432620.0,12.43262,478.7724304199219,0.779075770241927,-0.3288824136265296,-0.1272961385952035,9.556602979425657,2.562091951588648,-0.09024390243902436,-0.17660044150110377,15.43189878462475,21.72829723290444,30.152468725262516,"fund_low_adv20,fund_small_mcap",4,trend_break;macd_sell_like;trailing_stop;vol_distribution,True,False,True,False,True,False,False,True,False,4442.T,,373.0,12.897649,2.0484827,28.92,182.086,7386255872.0,,1747206000.0,1747206000.0,True,,,False,1747206000.0,2025-05-14,-280.0
1,False,60.05515671362113,False,False,True,False,0.5099895088060774,1549.0,1549.0,2823438215.0,2823.438215,2198.495849609375,0.7045726287248728,-0.5921052772697221,-0.012073334978498829,79.95144874840537,5.161487976010676,-0.12237960339943343,-0.12237960339943343,31.353715245272845,32.54635372255136,23.497180643928196,,3,trend_break;macd_sell_like;trailing_stop,True,False,True,False,True,False,False,False,False,4443.T,,1549.0,96.091805,10.33521,16.12,149.876,196162617344.0,1783924200.0,1783924200.0,1783924200.0,True,,,True,1783924200.0,2026-07-13,23.0
2,False,42.391304347826086,False,False,True,False,0.48480192764962904,807.0,807.0,1681945.0,1.681945,1157.0,0.6974935177182369,-0.3076923076923077,-0.1329572925060435,14.773563978840867,1.8306770729666502,-0.05944055944055948,-0.11706783369803064,30.62001816531052,32.58705599585486,27.76760484265399,"fund_neg_eps,fund_low_adv20,fund_small_mcap",2,trend_break;macd_sell_like,True,False,True,False,False,False,False,False,False,4444.T,,807.0,-63.294117647058826,1.5037593,-12.75,536.655,1629115136.0,,1747292400.0,1747292400.0,True,,,False,1747292400.0,2025-05-15,-279.0
2,False,53.71024734982333,True,False,True,True,0.4013883011350447,1517.0,1517.0,4261340.0,4.26134,2017.5,0.7519206939281289,-0.25848822800495663,-0.1489349765564406,35.01085962091382,2.3079010956436266,-0.06531115218730743,-0.23383838383838385,30.150491132860473,16.182503865008037,28.566331134578004,"fund_low_adv20,fund_small_mcap",2,trend_break;di_bear,True,False,False,False,False,False,True,False,False,4445.T,,1517.0,13.567659,1.2713935,111.81,1193.179,3652456704.0,,1754982000.0,1755500400.0,True,,,False,1754982000.0,2025-08-12,-216.0
3,False,41.63568773234201,True,True,False,True,0.5213916014114558,595.0,595.0,80482055.0,80.482055,1595.0,0.3730407523510972,-0.6489028213166144,-0.310012930009799,41.70676860502049,7.009540942020251,-0.11982248520710059,-0.47111111111111115,15.060881293563627,27.121586872683505,19.123330817726487,"fund_neg_eps,fund_low_adv20,fund_small_mcap",2,trend_break;trailing_stop,True,False,False,False,True,False,False,False,False,4446.T,,595.0,-44.73684210526316,3.2840996,-13.3,181.176,8433548800.0,,1757570400.0,1757916000.0,True,,,False,1757570400.0,2025-09-11,-194.0
1,False,49.20634920634921,False,False,True,False,0.47493496214974623,437.0,437.0,4547690.0,4.54769,605.9293823242188,0.7212061549544918,-0.30519956238937973,-0.11493009430456103,8.30577627930083,1.9006353041878328,-0.03532008830022071,-0.08768267223382042,20.797226897826498,18.522869813187853,22.113667747778116,"fund_low_adv20,fund_small_mcap",2,trend_break;di_bear,True,False,False,False,False,False,True,False,False,4447.T,,437.0,27.781311,2.3645139,15.73,184.816,2544216064.0,,1754548200.0,1754980200.0,True,,,False,1754548200.0,2025-08-07,-219.0
3,False,51.694915254237294,False,True,False,False,0.363752167734313,284.0,284.0,49224990.0,49.22499,541.0,0.5249537892791127,-0.5582137161084529,-0.20538324869545743,15.12149005817394,5.3244683303429365,-0.11526479750778817,-0.11526479750778817,27.851153950718206,22.853135033407277,17.945187792523384,"fund_low_adv20,fund_small_mcap",4,trend_break;macd_sell_like;trailing_stop;vol_distribution,True,False,True,False,True,False,False,True,False,4448.T,,284.0,56.349205,5.5378976,5.04,51.283,11937998848.0,,1754985300.0,1755503700.0,True,,,False,1754985300.0,2025-08-12,-216.0
2,False,46.20938628158845,False,False,True,False,0.4510142391583572,1111.0,1111.0,383404055.0,383.404055,1858.6851806640625,0.5977343616647695,-0.49103806828544383,-0.049203253829481985,55.11460852650012,4.960810848469857,-0.052855924978687074,-0.0982142857142857,12.381837841665517,24.18584430778121,23.50077568858879,,2,trend_break;macd_sell_like,True,False,True,False,False,False,False,False,False,4449.T,,1111.0,36.678772,3.58006,30.29,310.33,33083625472.0,1786689000.0,1786689000.0,1786689000.0,True,,,True,1786689000.0,2026-08-14,47.0
2,False,11.254019292604497,True,False,True,False,0.4777523981227099,1934.0,1934.0,19365925.0,19.365925,2582.371826171875,0.7489239080132679,-0.259982632774894,-0.12047787476427074,37.02753735786446,1.9145572573869938,-0.1524978089395267,-0.23375594294770208,39.97887422804131,15.931990746872025,41.12733386584452,"fund_low_adv20,fund_small_mcap",3,trend_break;trailing_stop;di_bear,True,False,False,False,True,False,True,False,False,4450.T,,1934.0,15.731251,1.6612608,122.94,1164.176,6056958976.0,,1754978400.0,1755496800.0,True,,,False,1754978400.0,2025-08-12,-216.0
3,False,56.22968580715059,True,False,True,True,0.3460456659903641,6049.0,6049.0,10445508415.0,10445.508415,6869.58251953125,0.8805484151040894,-0.15438820576299295,-0.038553013294788,113.60041054215804,1.8780031499778151,-0.010793131643499598,-0.03907863383637811,11.289936120977668,24.66944518295638,19.41614447481942,,1,trend_break,True,False,False,False,False,False,False,False,False,4452.T,,6049.0,26.08452,2.5512173,231.9,2371.025,2736089202688.0,1785911400.0,1785911400.0,1785911400.0,True,,,True,1785911400.0,2026-08-05,40.0
4,True,62.562396006655575,False,False,True,False,0.49580846585428856,10150.0,10150.0,2229736600.0,2229.7366,12238.6044921875,0.829342921121378,-0.3937217266285099,0.24918306755379893,725.5584401617152,7.148359016371579,-0.14418212478920744,-0.14418212478920744,32.37462383609239,26.45906269347541,19.420660351049097,,2,macd_sell_like;trailing_stop;ext_dev200,False,False,True,False,True,True,False,False,False,4461.T,,10150.0,27.991507,2.0696895,362.61,4904.117,107702501376.0,,1753686000.0,1754031600.0,True,,,True,1753686000.0,2025-07-28,-227.0
4,True,79.90147783251231,True,True,False,False,0.18982251000278075,3025.0,3025.0,118631065.0,118.631065,3025.0,1.0,-0.28666305216179155,0.3104098959383579,139.27092361361053,4.6039974748301,0.0,0.0,18.91318470125901,42.44556514206504,15.971355916862729,fund_low_adv20,0,ext_dev200,False,False,False,False,False,True,False,False,False,4462.T,,3025.0,13.922129,1.6719265,217.28,1809.29,41338388480.0,,1753248600.0,1753680600.0,True,,,False,1753248600.0,2025-07-23,-230.0
6,True,37.03703703703703,False,False,True,True,0.20984623586194806,1684.0,1684.0,34104665.0,34.104665,1903.0,0.8849185496584341,-0.12826086956521743,0.0667739629395383,42.94048205081517,2.5499098604997132,-0.08378672470076165,-0.11508145034156592,17.000492337729234,16.152599601512605,29.98739784924769,"fund_low_adv20,fund_small_mcap",1,trailing_stop,False,False,False,False,True,False,False,False,False,4463.T,,1684.0,11.207987,0.75107485,150.25,2242.12,26811869184.0,,1753768800.0,1754287200.0,True,,,False,1753768800.0,2025-07-29,-226.0
2,False,32.467532467532465,False,False,True,False,0.47232980401104663,3465.0,3465.0,3265700.0,3.2657,4068.5986328125,0.8516445864321469,-0.25638706796869837,-0.04722822331987275,60.30766800520585,1.7404810391112797,-0.1160714285714286,-0.1160714285714286,14.930874777677024,40.196321627085396,34.99281771717657,fund_low_adv20,2,trend_break;trailing_stop,True,False,False,False,True,False,False,False,False,4464.T,,3465.0,25.17071,1.2711295,137.66,2725.922,74827243520.0,,1747117800.0,1747117800.0,True,,,False,1747117800.0,2025-05-13,-281.0
2,False,21.40104903241975,False,False,True,True,0.527831329020204,2102.0,2102.0,33123715.0,33.123715,2608.37841796875,0.8058646650039808,-0.21215419287194082,-0.1035561848459734,42.57879449298067,2.0256324687431335,-0.08841159983499958,-0.12066027446479755,34.118343071725924,18.478790869198424,35.36401949873946,"fund_low_adv20,fund_small_mcap",3,trend_break;trailing_stop;di_bear,True,False,False,False,True,False,True,False,False,4465.T,,2102.0,5.885647,0.7824822,357.14,2686.323,12462631936.0,,1752127200.0,1752472800.0,True,,,False,1752127200.0,2025-07-10,-239.0
5,True,45.50898203592815,False,False,True,False,0.5435166390362296,4995.0,4995.0,350305275.0,350.305275,5979.650390625,0.8353331171051819,-0.1842105435067699,0.036967382738189336,145.74826968223528,2.917883276921627,-0.10161870503597126,-0.10161870503597126,14.896715237492444,18.1641427389733,29.64460587888693,,2,macd_sell_like;trailing_stop,False,False,True,False,True,False,False,False,False,4471.T,,4995.0,7.063965,0.6939206,707.11,7198.23,110495752192.0,,1754377200.0,1754982000.0,True,,,True,1754377200.0,2025-08-05,-221.0
2,False,49.40334128878281,False,False,True,False,0.4896451308654801,1095.0,1095.0,522305020.0,522.30502,1887.3974609375,0.580163967930791,-0.5279213740398769,-0.138955483675551,47.4421966804701,4.332620701412794,-0.10172272354388845,-0.10172272354388845,25.95572840701888,23.359725297304397,22.52086784814162,,3,trend_break;macd_sell_like;trailing_stop,True,False,True,False,True,False,False,False,False,4475.T,,1095.0,23.887434,8.861374,45.84,123.57,34133962752.0,1785825000.0,1785825000.0,1785825000.0,True,,,True,1785825000.0,2026-08-04,39.0
0,False,34.920634920634924,False,False,True,False,0.5447479059273602,952.0,952.0,32708820.0,32.70882,1860.0,0.5118279569892473,-0.4940860215053764,-0.35000648627981135,37.04106849164542,3.8908685390383844,-0.12660550458715591,-0.1939034716342083,20.02194377670948,16.587061130354694,26.624673903790207,"fund_low_adv20,fund_small_mcap",4,trend_break;macd_sell_like;trailing_stop;di_bear,True,False,True,False,True,False,True,False,False,4476.T,,952.0,22.511232,1.7185451,42.29,553.957,3623260672.0,,1754980200.0,1755498600.0,True,,,False,1754980200.0,2025-08-12,-216.0
1,False,47.82608695652174,False,False,True,True,0.2883940019349402,263.0,263.0,253709540.0,253.70954,411.66668701171875,0.6388663651876045,-0.468131885255026,-0.16463174925583457,7.668906884652531,2.915934176673966,-0.043636363636363584,-0.15161290322580645,17.753947593455017,14.583677728949537,24.283878620846327,,1,trend_break,True,False,False,False,False,False,False,False,False,4477.T,,263.0,16.79438,2.0244784,15.66,129.91,30286387200.0,1778567400.0,1785825000.0,1785825000.0,True,,,True,1785825000.0,2026-08-04,39.0
1,False,39.53732912723449,False,False,True,True,0.3170395375732426,2007.0,2007.0,1408526665.0,1408.526665,4255.0,0.4716803760282021,-0.5635722679200941,-0.2827737038466487,124.38242361626273,6.197430175199937,-0.14777070063694264,-0.259409594095941,11.686292404361696,19.312666666577595,29.857090219341675,,3,trend_break;macd_sell_like;trailing_stop,True,False,True,False,True,False,False,False,False,4478.T,,2007.0,136.53061,5.843424,14.7,343.463,118962053120.0,1778653800.0,1786516200.0,1786516200.0,True,,,True,1786516200.0,2026-08-12,45.0
1,False,38.64541832669323,False,False,True,True,0.531500656209987,845.0,845.0,55080235.0,55.080235,1289.0,0.6555469356089992,-0.44813614262560775,-0.109771964664795,37.886706889408366,4.483633951409274,-0.08747300215982723,-0.32722929936305734,13.344692553586974,19.450067144806766,24.54242619197515,"fund_low_adv20,fund_small_mcap",2,trend_break;trailing_stop,True,False,False,False,True,False,False,False,False,4479.T,,845.0,16.795866,1.8261505,50.31,462.722,10772459520.0,1785220200.0,1785220200.0,1785220200.0,True,,,False,1785220200.0,2026-07-28,34.0
2,False,36.50306748466257,False,False,True,False,0.4483788239468358,2106.0,2106.0,492957640.0,492.95764,3480.0,0.6051724137931035,-0.5280821917808219,-0.079064458928505,96.27911033908475,4.571657660925202,-0.08910034602076122,-0.13154639175257732,11.022539828377267,19.01028090989073,23.316990982665626,,2,trend_break;trailing_stop,True,False,False,False,True,False,False,False,False,4480.T,,2106.0,69.18528,4.846928,30.44,434.502,63276679168.0,1778653800.0,1786602600.0,1786602600.0,True,,,True,1786602600.0,2026-08-13,46.0
0,False,25.392670157068054,False,False,False,True,0.30758309327928046,2947.0,2947.0,369708610.0,369.70861,3711.06396484375,0.7941118848712919,-0.20723543763442798,-0.10481379250461409,59.82370547098403,2.0299866125206663,-0.06740506329113927,-0.13830409356725148,35.14536096689346,12.25585819604529,37.73128185991248,,3,trend_break;macd_sell_like;di_bear,True,False,True,False,False,False,True,False,False,4481.T,,2947.0,12.958403,3.7667022,227.42,782.382,53454438400.0,,1754978400.0,1755496800.0,True,,,True,1754978400.0,2025-08-12,-216.0
3,False,34.54545454545455,False,False,True,True,0.3673293602997381,719.0,719.0,12864320.0,12.86432,827.0,0.8694074969770254,-0.15356711003627566,-0.0193038372315546,13.507416025479463,1.8786392246842092,-0.05890052356020947,-0.05890052356020947,13.34263625557461,22.845418434397104,23.063056452497676,"fund_low_adv20,fund_small_mcap",1,trend_break,True,False,False,False,False,False,False,False,False,4482.T,,719.0,17.354574,5.6030045,41.43,128.324,14539782144.0,,1754978400.0,1755496800.0,True,,,False,1754978400.0,2025-08-12,-216.0
1,False,49.122807017543856,False,False,True,True,0.36673592483631773,2677.0,2677.0,1307651380.0,1307.65138,4873.31298828125,0.5493182987502185,-0.49644112621104364,-0.30099384913662763,130.82068387936525,4.8868391437939955,-0.06757227446882619,-0.2832663989290495,16.430836961358896,22.559841430359263,27.147067631121196,,1,trend_break,True,False,False,False,False,False,False,False,False,4483.T,,2677.0,26.12982,2.0935292,102.45,1278.702,175180185600.0,1778221800.0,1785997800.0,1785997800.0,True,,,True,1785997800.0,2026-08-06,41.0
3,False,41.791044776119406,False,False,True,False,0.5364160362880452,265.0,265.0,7876995.0,7.876995,318.89508056640625,0.830994318035009,-0.2659574386965029,-0.09561675566052596,6.871077794565929,2.5928595451192185,-0.11073825503355705,-0.14228554619893163,25.222735526033617,18.32659875769204,21.279435846505333,"fund_low_adv20,fund_small_mcap",3,trend_break;trailing_stop;di_bear,True,False,False,False,True,False,True,False,False,4484.T,,265.0,51.158302,3.0513783,5.18,86.846,4216227072.0,,1754965800.0,1755484200.0,True,,,False,1754965800.0,2025-08-12,-216.0
3,False,29.2929292929293,False,False,True,False,0.3964831912542146,659.0,659.0,9263585.0,9.263585,758.4744262695312,0.8688493338413733,-0.18652497878584628,-0.05133008764875946,15.77916320894142,2.394410198625405,-0.06258890469416789,-0.06258890469416789,19.6974219185803,19.166172174705682,27.734638252066446,"fund_low_adv20,fund_small_mcap",2,trend_break;macd_sell_like,True,False,True,False,False,False,False,False,False,4486.T,,659.0,12.72938,2.8361895,51.77,232.354,5218341376.0,,1754982000.0,1755500400.0,True,,,False,1754982000.0,2025-08-12,-216.0
0,False,32.631578947368425,False,True,False,False,0.4087448175052765,214.0,214.0,11328955.0,11.328955,435.0,0.49195402298850577,-0.5080459770114942,-0.317384370015949,19.081514471269177,8.916595547322045,-0.26206896551724135,-0.2866666666666666,65.46392727731485,9.422134330820159,35.56060476228771,"fund_low_adv20,fund_small_mcap",6,trend_break;macd_sell_like;trailing_stop;di_bear;vol_distribution;natr_spike,True,False,True,False,True,False,True,True,True,4487.T,,214.0,12.138401,2.423062,17.63,88.318,2590639104.0,,1754979300.0,1755497700.0,True,,,False,1754979300.0,2025-08-12,-216.0
0,False,24.82168330955777,False,False,True,False,0.22276091849332832,1942.0,1942.0,68467980.0,68.46798,4775.0,0.4067015706806283,-0.5932984293193717,-0.2742886290893667,102.91498156731551,5.299432624475567,-0.1805907172995781,-0.301941049604601,28.817334831126658,14.761013810799389,33.42426049649745,"fund_low_adv20,fund_small_mcap",4,trend_break;macd_sell_like;trailing_stop;di_bear,True,False,True,False,True,False,True,False,False,4488.T,,1942.0,21.825129,1.5537604,88.98,1249.871,7678790144.0,,1754980200.0,1755498600.0,True,,,False,1754980200.0,2025-08-12,-216.0
0,False,21.42857142857143,False,False,True,True,0.5596554783515499,579.0,579.0,36701630.0,36.70163,814.0,0.7113022113022113,-0.6488188976377953,-0.03925928384163535,32.1829378046688,5.558365769372851,-0.16208393632416784,-0.23311258278145697,26.421962220126627,14.968942214043333,27.220899979186864,"fund_low_adv20,fund_small_mcap",4,trend_break;macd_sell_like;trailing_stop;di_bear,True,False,True,False,True,False,True,False,False,4490.T,,579.0,8.621202,2.9586856,67.16,195.695,5367170560.0,,1752127200.0,1752472800.0,True,,,False,1752127200.0,2025-07-10,-239.0
5,True,59.00900900900901,False,False,True,True,0.3240918307143977,2936.0,2936.0,6200850.0,6.20085,3773.0,0.7781606148953087,-0.26233767527912144,0.038431829618503555,37.08739394932736,1.263194616802703,-0.007101792357118719,-0.04520325203252029,21.759233830847265,20.09523756143831,25.412273759746494,"fund_low_adv20,fund_small_mcap",1,di_bear,False,False,False,False,False,False,True,False,False,4491.T,,2936.0,15.174695,1.4416184,193.48,2036.6,5982716416.0,,1746684000.0,1746684000.0,True,,,False,1746684000.0,2025-05-08,-284.0
1,False,56.25,True,False,True,False,0.3977212670406198,385.0,385.0,16082120.0,16.08212,491.5428466796875,0.7832480985139514,-0.39725643620870543,-0.15016289244581105,14.582393277673765,3.7876346175776012,-0.18432203389830504,-0.20416961104884856,31.46613023713182,21.619212549558316,24.35275881924672,"fund_low_adv20,fund_small_mcap",3,trend_break;trailing_stop;di_bear,True,False,False,False,True,False,True,False,False,4492.T,,385.0,8.795979,1.6325804,43.77,235.823,4452556800.0,,1754535600.0,1754881200.0,True,,,False,1754535600.0,2025-08-07,-219.0
2,False,69.23076923076923,False,False,True,False,0.2026162302900249,1757.0,1757.0,282561995.0,282.561995,2084.236083984375,0.8429947132674112,-0.33911561471812135,-0.008489661713923402,66.5767132130095,3.7892267053505693,-0.044589450788471985,-0.044589450788471985,17.356128205336905,28.193034160991022,20.87599281072762,fund_small_mcap,1,trend_break,True,False,False,False,False,False,False,False,False,4493.T,,1757.0,21.619295,3.8809001,81.27,452.73,18008524800.0,,1755154800.0,1755154800.0,True,,,False,1755154800.0,2025-08-14,-214.0
2,False,45.023696682464454,False,False,True,False,0.35393540649769617,665.0,665.0,9921475.0,9.921475,929.0,0.7158234660925726,-0.30785791173304633,-0.132878257411283,22.712876296095757,3.4154701197136474,-0.07638888888888884,-0.16874999999999996,34.29194635179321,28.361404552165016,27.153523207449894,"fund_low_adv20,fund_small_mcap",2,trend_break;natr_spike,True,False,False,False,False,False,False,False,True,4494.T,,665.0,28.504072,0.50118244,23.33,1326.862,3009520128.0,,1751954400.0,1752472800.0,True,,,False,1751954400.0,2025-07-08,-241.0
2,False,46.53846153846153,False,False,True,False,0.5442623030388466,1859.0,1859.0,33521235.0,33.521235,2911.73193359375,0.6384516303001714,-0.36395243716195946,-0.2116981089700738,73.30264203206276,3.943122217970025,-0.10667948101874103,-0.18393327480245825,16.447488829879344,21.638756983303082,29.548837514902093,"fund_low_adv20,fund_small_mcap",3,trend_break;macd_sell_like;trailing_stop,True,False,True,False,True,False,False,False,False,4495.T,,1859.0,12.993639,3.0234525,143.07,614.86,9091592192.0,,1754982000.0,1755500400.0,True,,,False,1754982000.0,2025-08-12,-216.0
4,False,73.73271889400922,True,False,True,False,0.29362169167315794,810.0,810.0,13781905.0,13.781905,841.010986328125,0.9631265383779114,-0.19501646113352344,0.045866632132918195,28.31041024877131,3.4951123763915195,-0.01098901098901095,-0.01098901098901095,23.730003692732552,38.95531622591773,9.291609547369575,"fund_low_adv20,fund_small_mcap",3,trend_break;rsi_reversal;natr_spike,True,False,False,True,False,False,False,False,True,4496.T,,810.0,18.911976,2.175361,42.83,372.352,5658539520.0,,1754980200.0,1755498600.0,True,,,False,1754980200.0,2025-08-12,-216.0
3,False,53.144654088050316,True,True,False,True,0.28991048166816186,1144.0,1144.0,62056390.0,62.05639,1527.0362548828125,0.7491636143817637,-0.29078304687460654,-0.09733199380537672,39.26864945160895,3.43257425276302,-0.03132938187976286,-0.08479999999999999,14.419304162263536,24.757546661587142,16.463160479845808,"fund_low_adv20,fund_small_mcap",2,trend_break;vol_distribution,True,False,False,False,False,False,False,True,False,4498.T,,1144.0,19.788963,2.4612207,57.81,464.81,18719963136.0,,1745389800.0,1745389800.0,True,,,False,1745389800.0,2025-04-23,-295.0
5,True,37.20728534258456,False,True,False,False,0.09328556200343321,2810.0,2810.0,594753570.0,594.75357,3900.0,0.7205128205128205,-0.6522807017543859,0.07972895345061781,234.99030945454274,8.362644464574474,-0.21288515406162467,-0.21288515406162467,21.286357348234265,26.04144394806795,28.58568008184401,fund_neg_eps,2,trailing_stop;di_bear,False,False,False,False,True,False,True,False,False,4499.T,,2810.0,-22.152148206543163,4.7096605,-126.85,596.646,32439777280.0,,1754546400.0,1754892000.0,True,,,False,1754546400.0,2025-08-07,-219.0
6,True,44.71153846153847,True,False,True,False,0.5866652448747148,5070.0,5070.0,23273392270.0,23273.39227,5890.0,0.8607809847198642,-0.19388794567062817,0.04184012586069996,117.64706568298091,2.3204549444374933,-0.039226833428084085,-0.1392190152801358,30.726248418346103,22.49897466732719,29.24605409918865,,1,di_bear,False,False,False,False,False,False,True,False,False,4502.T,,5070.0,42.46231,1.0303825,119.4,4920.503,8009772695552.0,1785393000.0,1785393000.0,1785393000.0,True,,,True,1785393000.0,2026-07-30,36.0
6,True,35.57187827911858,True,False,True,False,0.46950871579715425,2140.5,2140.5,14569661357.5,14569.6613575,2657.5,0.805456255879586,-0.22828087175494072,0.03758790589834282,66.70015282600829,3.1161015102082827,-0.09588173178458292,-0.19454374412041398,18.904424449618986,16.896237501159405,27.357828782907024,,1,trailing_stop,False,False,False,False,True,False,False,False,False,4503.T,,2140.5,13.203183,2.096554,162.12,1020.961,3834689093632.0,1777271400.0,1777271400.0,1777271400.0,True,,,True,1777271400.0,2026-04-27,-32.0
2,False,40.231362467866326,False,False,True,True,0.4610088472984221,1418.5,1418.5,10034807557.5,10034.8075575,3184.0,0.44550879396984927,-0.5557474874371859,-0.2941232087163467,97.26184526938282,6.856668683072457,-0.18194925028835063,-0.36447132616487454,21.463346272146573,19.644056168499947,30.081416026972075,,3,trend_break;trailing_stop;di_bear,True,False,False,False,True,False,True,False,False,4506.T,,1418.5,5.273038,1.9268988,269.01,736.157,636329787392.0,1785479400.0,1785479400.0,1785479400.0,True,,,True,1785479400.0,2026-07-31,37.0
1,False,33.659839715048975,False,False,True,True,0.5511021157917566,2797.5,2797.5,9541261210.0,9541.26121,3627.0,0.771298593879239,-0.23683484973807556,-0.04087293500201794,93.3694683959766,3.337603874744471,-0.09172077922077926,-0.22870140612076095,41.20355102679702,10.73054427992917,38.29520459917274,,3,trend_break;trailing_stop;di_bear,True,False,False,False,True,False,True,False,False,4507.T,,2797.5,11.603551,1.4126412,241.09,1980.333,2380603850752.0,1785393000.0,1785393000.0,1785393000.0,True,,,True,1785393000.0,2026-07-30,36.0
0,False,21.05263157894737,False,False,False,False,0.44124247024849106,248.0,248.0,30390205.0,30.390205,362.0,0.6850828729281768,-0.3149171270718232,-0.18845971236969394,10.178558630637166,4.104257512353696,-0.2832369942196532,-0.3149171270718232,39.904569078797365,11.203518206092959,42.836405921137164,"fund_low_adv20,fund_small_mcap",4,trend_break;macd_sell_like;trailing_stop;di_bear,True,False,True,False,True,False,True,False,False,4512.T,,248.0,37.862595,0.7129837,6.55,347.834,8607058944.0,,1753941600.0,1754287200.0,True,,,False,1753941600.0,2025-07-31,-224.0
2,False,34.979423868312765,True,False,True,True,0.5473736835313497,4044.0,4044.0,1020801735.0,1020.801735,5975.16748046875,0.6768011128087659,-0.33240365010035433,-0.07264988668065298,122.88749973306214,3.038761120995602,-0.05137227304714986,-0.2523277551466996,34.28338022949652,15.868969034707698,32.33103144127916,,2,trend_break;di_bear,True,False,False,False,False,False,True,False,False,4516.T,,4044.0,9.169236,0.9342942,441.04,4328.401,272569352192.0,1778826600.0,1785997800.0,1785997800.0,True,,,True,1785997800.0,2026-08-06,41.0
2,False,44.1919191919192,False,False,True,True,0.4226543306493814,7560.0,7560.0,20052465210.0,20052.46521,10455.0,0.7230989956958394,-0.2945002391200383,-0.04753595071674743,269.99617877422287,3.571378026114059,-0.06862141185166937,-0.1982182628062361,17.26989657338373,16.689204560472646,27.332460754154038,,1,trend_break,True,False,False,False,False,False,False,False,False,4519.T,,7560.0,28.629858,6.521925,264.06,1159.167,12441968705536.0,1784874600.0,1784874600.0,1784874600.0,True,,,True,1784874600.0,2026-07-24,32.0
2,False,15.0,False,False,True,False,0.4232785313454916,3820.0,3820.0,493199175.0,493.199175,4335.9814453125,0.8810000799541446,-0.22634704694051144,-0.020786855711714458,75.47581506375838,1.9758066770617377,-0.09585798816568047,-0.09692671394799057,26.39639120705823,13.64945915629855,26.398027286283842,,3,trend_break;trailing_stop;di_bear,True,False,False,False,True,False,True,False,False,4521.T,,3820.0,263.0854,0.9799412,14.52,3898.193,144656973824.0,1778653800.0,1785997800.0,1785997800.0,True,,,True,1785997800.0,2026-08-06,41.0
0,False,24.57027300303338,False,False,True,False,0.47282293326116337,3740.0,3740.0,8740128490.0,8740.12849,5163.0,0.7243850474530312,-0.4308011277502317,-0.1911970742425949,112.0718310423062,2.996573022521556,-0.20813042557696382,-0.27561495254696877,50.76722020992787,7.764592820952762,39.083919233515466,,3,trend_break;trailing_stop;di_bear,True,False,False,False,True,False,True,False,False,4523.T,,3740.0,27.375202,1.1727256,136.62,3189.152,1055105810432.0,1785738600.0,1785738600.0,1785738600.0,True,,,True,1785738600.0,2026-08-03,38.0
5,False,48.78048780487806,False,False,True,False,0.5609038793692122,2163.0,2163.0,2750420.0,2.75042,2294.19140625,0.9428158409570365,-0.0747252652630287,-0.0007531614751659088,17.589076258277533,0.8131796698232795,-0.009161704076958266,-0.04993793253133183,20.35988727490724,17.316143432420965,13.629348932587334,"fund_low_adv20,fund_small_mcap",1,trend_break,True,False,False,False,False,False,False,False,False,4524.T,,2163.0,14.0866165,0.6832295,153.55,3165.847,8865585152.0,,1747119600.0,1747119600.0,True,,,False,1747119600.0,2025-05-13,-281.0
5,False,77.50677506775068,True,False,True,False,0.4667242840043865,2986.0,2986.0,341450570.0,341.45057,3213.397705078125,0.9292344969566734,-0.17065976745159595,0.04012274640632185,49.90183722900111,1.6711934771936072,0.0,0.0,21.33971815373394,34.846589446317374,14.116830846396827,,1,trend_break,True,False,False,False,False,False,False,False,False,4526.T,,2986.0,9.455052,1.0457866,315.81,2855.267,87154802688.0,,1754550000.0,1754982000.0,True,,,True,1754550000.0,2025-08-07,-219.0
4,False,39.98054474708171,False,False,True,False,0.484749305892383,2413.0,2413.0,2402274647.5,2402.2746475,2661.12890625,0.9067580282686654,-0.4545315779953353,-0.01705610950804992,66.38477721332293,2.7511304274066695,-0.058892355694227794,-0.058892355694227794,16.7126559659715,26.434241918847253,22.70948192220094,,2,trend_break;macd_sell_like,True,False,True,False,False,False,False,False,False,4527.T,,2413.0,16.616169,1.8065109,145.22,1335.724,545251819520.0,1778653800.0,1785911400.0,1785911400.0,True,,,True,1785911400.0,2026-08-05,40.0
4,True,30.213903743315512,False,False,True,True,0.3915102909395597,2224.0,2224.0,4369726825.0,4369.726825,2632.53076171875,0.8448144395273752,-0.3145274681274386,0.042217105031346014,69.12999524180097,3.10836309540472,-0.1358072663687585,-0.13781740647412288,24.373039671641223,19.195618210530082,38.13253208609101,,2,trailing_stop;di_bear,False,False,False,False,True,False,True,False,False,4528.T,,2224.0,14.996628,1.2284484,148.3,1810.414,1045073821696.0,1778221800.0,1785479400.0,1785479400.0,True,,,True,1785479400.0,2026-07-31,37.0
3,False,48.14814814814815,False,False,True,False,0.5100205546085874,335.0,335.0,41913565.0,41.913565,549.0987548828125,0.610090620350241,-0.389909379649759,-0.012794571416947731,15.498449561755328,4.626402854255321,-0.14540816326530615,-0.2085691241397275,27.04881815572375,22.97185371272768,20.187550029843628,"fund_low_adv20,fund_small_mcap",3,trend_break;macd_sell_like;trailing_stop,True,False,True,False,True,False,False,False,False,4531.T,,335.0,23.103449,0.53685725,14.5,624.002,7240571392.0,,1753761600.0,1754280000.0,True,,,False,1753761600.0,2025-07-29,-226.0
2,False,16.78832116788321,False,False,True,False,0.40120380739996564,3190.0,3190.0,263905075.0,263.905075,3922.01904296875,0.8133565811514641,-0.19811710102778846,-0.05400370476722949,86.48300078062398,2.7110658551919746,-0.12722298221614226,-0.12722298221614226,22.96499319081915,18.04038706299954,29.0963198859256,,3,trend_break;trailing_stop;di_bear,True,False,False,False,True,False,True,False,False,4534.T,,3190.0,14.317774,0.80587584,222.8,3958.426,113084342272.0,,1753938000.0,1754283600.0,True,,,True,1753938000.0,2025-07-31,-224.0
4,True,59.455128205128204,False,False,True,True,0.21830614223387118,1942.0,1942.0,2279865707.5,2279.8657075,1956.0,0.9928425357873211,-0.19551350199828632,0.17106298559064181,59.34236735105556,3.055734673071862,-0.007157464212678932,-0.007157464212678932,27.597203019718854,34.648714389355995,14.180495015567422,,0,,False,False,False,False,False,False,False,False,False,4536.T,,1942.0,17.05903,2.1034458,113.84,923.247,624702783488.0,1785997800.0,1785997800.0,1785997800.0,True,,,True,1785997800.0,2026-08-06,41.0
3,False,44.86486486486486,True,False,True,True,0.5058814850851009,2036.0,2036.0,62283785.0,62.283785,2471.2548828125,0.8238729295631608,-0.2252405752068457,-0.07527253424026226,34.67678749131643,1.7031820968230076,-0.02115384615384619,-0.1584130429056706,39.57674635708567,16.561037891256237,24.573241027876104,"fund_neg_eps,fund_low_adv20,fund_small_mcap",2,trend_break;di_bear,True,False,False,False,False,False,True,False,False,4538.T,,2036.0,-4.357130628317069,0.50159127,-467.28,4059.082,17381435392.0,,1754455200.0,1754973600.0,True,,,False,1754455200.0,2025-08-06,-220.0
3,False,37.89954337899544,False,False,False,True,0.46452034689618715,1568.0,1568.0,3483025.0,3.483025,1800.0,0.8711111111111111,-0.14166666666666672,-0.022325770719593185,28.96512323847054,1.84726551265756,-0.0705394190871369,-0.12888888888888894,28.557462626449926,19.072693062366938,44.39401395601488,"fund_low_adv20,fund_small_mcap",2,trend_break;di_bear,True,False,False,False,False,False,True,False,False,4539.T,,1568.0,28.639269,0.29136392,54.75,5381.586,5683617280.0,,1753768800.0,1754287200.0,True,,,False,1753768800.0,2025-07-29,-226.0
5,False,39.221556886227546,False,False,True,False,0.3752309798357327,3751.0,3751.0,1293813185.0,1293.813185,4149.595703125,0.9039434847050706,-0.3326716955611997,-0.0015196183114619677,80.56404108526044,2.147801681825125,-0.046517539400101726,-0.046517539400101726,14.288290027988698,20.511657884002325,20.51850974428822,,1,trend_break,True,False,False,False,False,False,False,False,False,4540.T,,3751.0,9.966786,0.8691194,376.35,4315.863,279619993600.0,1785997800.0,1785997800.0,1785997800.0,True,,,True,1785997800.0,2026-08-06,41.0
4,False,47.10947109471095,False,False,True,False,0.2926859893333539,2308.5,2308.5,17372586402.5,17372.5864025,2758.81494140625,0.8367723276224135,-0.3391410819028523,0.00960645116289549,72.88318929394572,3.1571665277862557,-0.038525614327363567,-0.038525614327363567,25.729526227159912,27.376894168074195,19.980296619534922,,1,trend_break,True,False,False,False,False,False,False,False,False,4543.T,,2308.5,25.07876,2.1490753,92.05,1074.183,3405229064192.0,1778826600.0,1785997800.0,1785997800.0,True,,,True,1785997800.0,2026-08-06,41.0
5,False,74.83108108108108,True,False,True,False,0.4112434987722938,3462.0,3462.0,982345925.0,982.345925,3888.0244140625,0.890426507477262,-0.25365794204308756,0.03584266206872733,91.71832888235743,2.64928737384048,0.0,0.0,23.923212234665026,35.50803925429701,12.22695299931255,,1,trend_break,True,False,False,False,False,False,False,False,False,4544.T,,3462.0,28.475079,1.3982477,121.58,2475.956,191707070464.0,1778740200.0,1786084200.0,1786084200.0,True,,,True,1786084200.0,2026-08-07,42.0
2,False,42.94871794871794,True,False,True,False,0.38941266506721656,3860.0,3860.0,674150250.0,674.15025,4904.8583984375,0.7869748087385454,-0.2650144597143895,-0.11501223831472152,131.60251726237757,3.4093916389216985,-0.12072892938496582,-0.20657759506680373,23.344960834853648,21.944179091928785,30.273859011482273,,3,trend_break;trailing_stop;di_bear,True,False,False,False,True,False,True,False,False,4547.T,,3860.0,11.641583,0.69523484,331.57,5552.081,160004816896.0,1778481000.0,1785393000.0,1785393000.0,True,,,True,1785393000.0,2026-07-30,36.0
5,True,29.347826086956516,False,False,True,False,0.07925203758678635,727.0,727.0,146741670.0,146.74167,818.0,0.8887530562347188,-0.3063265494823958,0.0513552968022275,19.75596271972023,2.7174639229326316,-0.11124694376528121,-0.11124694376528121,20.3002701934216,22.31417213453974,24.502713966478684,fund_low_adv20,2,trailing_stop;di_bear,False,False,False,False,True,False,True,False,False,4548.T,,727.0,26.915956,0.52718824,27.01,1379.014,39696228352.0,,1754287200.0,1754632800.0,True,,,False,1754287200.0,2025-08-04,-222.0
3,True,30.513176144244113,False,False,True,False,0.35832981980003703,2724.0,2724.0,493707235.0,493.707235,3465.0,0.7861471861471861,-0.22943722943722944,0.038182955507845895,97.4417011181999,3.57715496028634,-0.09351081530782035,-0.21385281385281385,21.870166805452033,16.439308366988666,25.96972536420038,,2,trailing_stop;di_bear,False,False,False,False,True,False,True,False,False,4549.T,,2724.0,23.30396,2.039293,116.89,1335.757,89798221824.0,,1753768800.0,1754287200.0,True,,,True,1753768800.0,2025-07-29,-226.0
0,False,23.33333333333333,False,False,True,True,0.36916935858740435,458.0,458.0,401810150.0,401.81015,769.9717407226562,0.5948270251712674,-0.4116667196450129,-0.25631278226082277,16.76178286835759,3.659777918855369,-0.14552238805970152,-0.25649350649350644,27.40721604578781,16.111982088027993,34.23920550579537,,3,trend_break;trailing_stop;di_bear,True,False,False,False,True,False,True,False,False,4552.T,,458.0,25.615213,1.1902566,17.88,384.791,55872749568.0,1778653800.0,1785393000.0,1785393000.0,True,,,True,1785393000.0,2026-07-30,36.0
5,True,44.047619047619044,False,False,True,True,0.41651043545062566,3740.0,3740.0,623068475.0,623.068475,4405.0,0.8490351872871736,-0.2633371169125993,0.06848513065860518,130.3647171537179,3.4856876244309594,-0.05316455696202527,-0.15096481271282636,13.956830587283958,19.059128890608076,24.992534403291423,,0,,False,False,False,False,False,False,False,False,False,4553.T,,3740.0,35.0976,1.0337398,106.56,3617.932,184112234496.0,1778740200.0,1785997800.0,1785997800.0,True,,,True,1785997800.0,2026-08-06,41.0
5,True,65.14657980456026,True,False,True,True,0.34770226549938976,2271.0,2271.0,305492755.0,305.492755,2503.0,0.9073112265281662,-0.20615261685976827,0.18468220313954054,85.41384619715306,3.7610676440842385,-0.029072253099615253,-0.0926887734718338,14.195495396039222,30.198305137732355,22.40088130531227,,0,ext_dev200,False,False,False,False,False,True,False,False,False,4554.T,,2271.0,22.946346,1.1549898,98.97,1966.251,59317972992.0,,1754465400.0,1754983800.0,True,,,True,1754465400.0,2025-08-06,-220.0
6,True,40.625,False,False,False,True,0.522458517699585,2268.0,2268.0,4560400.0,4.5604,2284.0,0.9929947460595446,-0.06676449009537788,0.3526207026113095,2.459130559938703,0.108427273365904,-0.0039525691699604515,-0.007005253940455369,34.143714482832586,46.16804349742358,28.2918182382534,"fund_low_adv20,fund_small_mcap",0,ext_dev200,False,False,False,False,False,True,False,False,False,4556.T,,2268.0,21.368004,3.7630289,106.14,602.706,9967769600.0,,1746754200.0,1746754200.0,True,,,False,1746754200.0,2025-05-09,-283.0
4,False,37.5,False,False,True,True,0.259646859109645,197.0,197.0,5896725.0,5.896725,212.83621215820312,0.9255943713824792,-0.3424008811135819,-0.024007421817867636,2.250535973088271,1.1424040472529295,-0.03431372549019607,-0.06635071090047395,14.569684718644641,10.518847262450585,14.366640132871245,"fund_low_adv20,fund_small_mcap",1,trend_break,True,False,False,False,False,False,False,False,False,4558.T,,197.0,25.12755,0.840788,7.84,234.304,2103068928.0,,1747121400.0,1747121400.0,True,,,False,1747121400.0,2025-05-13,-281.0
4,True,23.489932885906043,False,False,False,False,0.22038879531930364,2139.0,2139.0,185346200.0,185.3462,2400.0,0.89125,-0.22159037558805494,0.02187412590078064,52.11496125099512,2.436417075782848,-0.10875000000000001,-0.10875000000000001,24.58968583033006,20.649452499252536,32.79997396345772,fund_low_adv20,2,trailing_stop;di_bear,False,False,False,False,True,False,True,False,False,4559.T,,2139.0,11.152823,0.8698276,191.79,2459.108,94285840384.0,,1753858800.0,1754290800.0,True,,,False,1753858800.0,2025-07-30,-225.0
0,False,20.0,False,False,True,True,0.530409128969126,46.0,46.0,70212265.0,70.212265,116.0,0.39655172413793105,-0.603448275862069,-0.31654409033504205,1.6299287590498528,3.54332338923881,-0.0980392156862745,-0.23333333333333328,36.9022648108335,5.519328562290831,23.728117792468396,"fund_neg_eps,fund_low_adv20,fund_small_mcap",3,trend_break;trailing_stop;di_bear,True,False,False,False,True,False,True,False,False,4563.T,,46.0,-3.1855955678670362,9.012539,-14.44,5.104,18198810624.0,1778221800.0,1786084200.0,1786084200.0,True,,,False,1786084200.0,2026-08-07,42.0
1,False,42.857142857142854,False,False,True,True,0.2809939581383245,19.0,19.0,3510778775.0,3510.778775,33.0,0.5757575757575758,-0.65,-0.17211328976034856,1.7821042468139305,9.379496035862793,-0.17391304347826086,-0.3870967741935484,14.087424275728543,12.753713919395743,19.01970135814989,"fund_neg_eps,fund_small_mcap",2,trend_break;trailing_stop,True,False,False,False,True,False,False,False,False,4564.T,,19.0,-6.859205776173285,3.404408,-2.77,5.581,7289228288.0,,1754553600.0,1754899200.0,True,,,False,1754553600.0,2025-08-07,-219.0
4,True,29.239766081871338,False,False,True,True,0.3176241851458366,980.0,980.0,979877575.0,979.877575,1242.0,0.789049919484702,-0.5147313691507799,0.05234899328859055,46.769267592319814,4.772374244114267,-0.17508417508417506,-0.21095008051529796,17.25796059444917,23.56238410373447,27.34526075399131,fund_neg_eps,1,trailing_stop,False,False,False,False,True,False,False,False,False,4565.T,,980.0,-7.062554050158548,1.392532,-138.76,703.754,89896525824.0,1777617000.0,1777617000.0,1777617000.0,True,,,False,1777617000.0,2026-05-01,-28.0
1,False,37.357142857142854,False,False,True,True,0.295582920774535,2487.5,2487.5,21995689902.5,21995.6899025,4118.44189453125,0.603990553637062,-0.48277957870657273,-0.2210028866928151,98.21013516047861,3.948146137104668,-0.0807464892830746,-0.17083333333333328,17.466688311093485,21.34786324491866,32.45955272534598,,3,trend_break;macd_sell_like;trailing_stop,True,False,True,False,True,False,False,False,False,4568.T,,2487.5,17.705885,2.7198932,140.49,914.558,4526387494912.0,1778481000.0,1785393000.0,1785393000.0,True,,,True,1785393000.0,2026-07-30,36.0
0,False,11.258278145695371,False,False,True,False,0.5790812532782064,1149.0,1149.0,366984880.0,366.98488,1711.0,0.6715371127995324,-0.3401519579193454,-0.234246928257679,35.14109010865494,3.0584064498394206,-0.1970649895178197,-0.32846288720046757,58.88120719048056,9.329702573377201,45.37866938124418,,3,trend_break;trailing_stop;di_bear,True,False,False,False,True,False,True,False,False,4569.T,,1149.0,7.078174,0.46344623,162.33,2479.252,66005794816.0,1785393000.0,1785393000.0,1785393000.0,True,,,True,1785393000.0,2026-07-30,36.0
1,False,15.025906735751292,False,False,True,True,0.49470084340612697,912.0,912.0,173886325.0,173.886325,3803.68701171875,0.23976736182294342,-0.7602326381770566,-0.23094180105811069,53.35769794280157,5.850624774429996,-0.3022188217291507,-0.39602649006622515,35.68832034983558,9.073489746309152,37.89603672135538,"fund_low_adv20,fund_small_mcap",3,trend_break;trailing_stop;di_bear,True,False,False,False,True,False,True,False,False,4570.T,,912.0,25.850342,4.608714,35.28,197.886,8493873664.0,,1747204200.0,1747204200.0,True,,,False,1747204200.0,2025-05-14,-280.0
0,False,15.90909090909092,False,False,True,True,0.31574479744949036,99.0,99.0,100219290.0,100.21929,238.0,0.41596638655462187,-0.5840336134453781,-0.33574879227053134,5.4573589985064395,5.512483836875191,-0.28260869565217395,-0.42441860465116277,51.53758506216578,5.235943256519442,40.6710925621869,"fund_neg_eps,fund_low_adv20,fund_small_mcap",3,trend_break;trailing_stop;di_bear,True,False,False,False,True,False,True,False,False,4571.T,,99.0,-7.674418604651162,2.1711004,-12.9,45.599,8124774912.0,,1754546400.0,1754978400.0,True,,,False,1754546400.0,2025-08-07,-219.0
3,True,31.506849315068493,False,False,True,True,0.5133132523543199,358.0,358.0,84783235.0,84.783235,497.0,0.7203219315895373,-0.5239130434782608,0.12442483157183926,28.940420991517204,8.08391647807743,-0.21145374449339205,-0.23829787234042554,24.853619968014996,13.986314569117999,25.89856099360665,"fund_neg_eps,fund_low_adv20,fund_small_mcap",4,macd_sell_like;trailing_stop;di_bear;natr_spike,False,False,True,False,True,False,True,False,True,4572.T,,358.0,-3.1505764322802077,-41.994137,-113.63,-8.525,6868431872.0,,1754375400.0,1754980200.0,True,,,False,1754375400.0,2025-08-05,-221.0
1,False,52.17391304347826,False,False,True,False,0.12691407893778067,258.0,258.0,30387400.0,30.3874,362.880615234375,0.7109776305724257,-0.5010351904692953,-0.11198941968226062,7.386399835528173,2.8629456726853384,-0.11340206185567014,-0.15131578947368418,31.825266677194538,21.19728403219398,21.63030456437373,"fund_low_adv20,fund_small_mcap",3,trend_break;trailing_stop;di_bear,True,False,False,False,True,False,True,False,False,4574.T,,258.0,14.036998,0.4905922,18.38,525.895,12964806656.0,,1754548200.0,1754980200.0,True,,,False,1754548200.0,2025-08-07,-219.0
0,False,25.683060109289627,False,True,False,True,0.46894042686953663,532.0,532.0,107539125.0,107.539125,1451.0,0.3666436940041351,-0.6333563059958649,-0.3882385409719188,30.68344350847925,5.767564569263017,-0.19999999999999996,-0.33333333333333337,37.993523715124645,10.833714389225936,40.399649344032404,"fund_neg_eps,fund_low_adv20,fund_small_mcap",5,trend_break;macd_sell_like;trailing_stop;di_bear;vol_distribution,True,False,True,False,True,False,True,True,False,4575.T,,532.0,-8.281444582814446,5.0564575,-64.24,105.212,10482025472.0,,1747118400.0,1747118400.0,True,,,False,1747118400.0,2025-05-13,-281.0
0,False,26.92307692307692,False,False,True,False,0.1666570245968289,68.0,68.0,33750680.0,33.75068,158.0,0.43037974683544306,-0.6042553191489362,-0.316032991349829,3.2034684887496017,4.710983071690591,-0.2272727272727273,-0.3267326732673267,50.01694642872942,10.44575626679684,34.853445238552794,"fund_neg_eps,fund_low_adv20,fund_small_mcap",4,trend_break;macd_sell_like;trailing_stop;di_bear,True,False,True,False,True,False,True,False,False,4576.T,,68.0,-5.155420773313116,2.8173683,-13.19,24.136,3841715968.0,,1754548200.0,1754980200.0,True,,,False,1754548200.0,2025-08-07,-219.0
4,False,43.51830468146117,True,False,True,False,0.6017139287000968,1194.0,1194.0,108313370.0,108.31337,1475.3896484375,0.8092777397919909,-0.23342284446839057,-0.06638902442656114,26.03761185406482,2.1807045103906884,-0.03810099339295103,-0.188015643896151,33.21579142042052,23.618066313825807,25.67306529756575,fund_low_adv20,2,trend_break;di_bear,True,False,False,False,False,False,True,False,False,4577.T,,1194.0,16.05918,0.6663277,74.35,1791.911,34432765952.0,,1752127200.0,1752472800.0,True,,,False,1752127200.0,2025-07-10,-239.0
4,True,22.330097087378647,False,False,False,True,0.2542125784837889,10265.0,10265.0,12598521100.0,12598.5211,11715.0,0.8762270593256509,-0.3088972924982618,0.08470193039553586,356.80270540135746,3.4759152986006567,-0.12377294067434907,-0.12377294067434907,17.811705588505685,15.836395434281094,29.891337047122164,,2,macd_sell_like;trailing_stop,False,False,True,False,True,False,False,False,False,4578.T,,10265.0,14.977966,1.741528,685.34,5894.249,5405496311808.0,1777357800.0,1777357800.0,1777357800.0,True,,,True,1777357800.0,2026-04-28,-31.0
1,False,14.64646464646465,True,False,True,False,0.5327577492940526,462.0,462.0,201682685.0,201.682685,1429.0,0.32330300909727083,-0.6766969909027292,-0.40888968499705725,30.866159527857214,6.680986910791605,-0.3756756756756757,-0.4773755656108597,52.909843223892025,8.518182587540444,41.62555442448437,fund_small_mcap,3,trend_break;trailing_stop;di_bear,True,False,False,False,True,False,True,False,False,4579.T,,462.0,40.597538,1.4590012,11.38,316.655,12020497408.0,,1754980200.0,1755498600.0,True,,,False,1754980200.0,2025-08-12,-216.0
1,False,28.0,True,False,True,True,0.38657931858694516,71.0,71.0,77386435.0,77.386435,201.0,0.35323383084577115,-0.6533333333333333,-0.3604179803621296,4.601104821982967,6.480429326736574,-0.15476190476190477,-0.4409448818897638,14.22144965156112,13.143465382390893,23.44958810651861,"fund_neg_eps,fund_low_adv20,fund_small_mcap",2,trend_break;trailing_stop,True,False,False,False,True,False,False,False,False,4582.T,,71.0,-0.6889190762662527,22.111492,-103.06,3.211,5122489856.0,1785393000.0,1785393000.0,1785393000.0,True,,,False,1785393000.0,2026-07-30,36.0
0,False,25.641025641025635,False,False,True,False,0.27747440657258776,70.0,70.0,76879360.0,76.87936,165.0,0.42424242424242425,-0.6227758007117438,-0.38933961441158504,3.855740747355056,5.50820106765008,-0.27835051546391754,-0.375,26.914194549093196,15.301719111262207,37.9414795817572,"fund_neg_eps,fund_low_adv20,fund_small_mcap",4,trend_break;trailing_stop;di_bear;natr_spike,True,False,False,False,True,False,True,False,True,4583.T,,70.0,-4.837595024187975,4.269855,-14.47,16.394,5083999744.0,,1754982000.0,1755500400.0,True,,,False,1754982000.0,2025-08-12,-216.0
0,False,6.451612903225794,False,False,True,True,0.2715058121746062,132.0,132.0,128995560.0,128.99556,405.0,0.32592592592592595,-0.674074074074074,-0.4508694566935685,9.851237568393088,7.463058763934158,-0.4054054054054054,-0.5129151291512914,52.9816479523195,7.596085463688662,40.2030861529334,"fund_neg_eps,fund_low_adv20,fund_small_mcap",3,trend_break;trailing_stop;di_bear,True,False,False,False,True,False,True,False,False,4584.T,,132.0,-15.566037735849056,3.963131,-8.48,33.307,6550278656.0,,1754980200.0,1755498600.0,True,,,False,1754980200.0,2025-08-12,-216.0
0,False,16.666666666666657,False,False,True,True,0.4483585101593749,54.0,54.0,41070785.0,41.070785,175.0,0.30857142857142855,-0.6914285714285715,-0.49946702507299445,3.598515859204739,6.663918257786554,-0.31645569620253167,-0.5423728813559322,53.965014767080866,6.913433468400656,35.49240413433234,"fund_neg_eps,fund_low_adv20,fund_small_mcap",4,trend_break;macd_sell_like;trailing_stop;di_bear,True,False,True,False,True,False,True,False,False,4586.T,,54.0,-3.0963302752293576,1.7508024,-17.44,30.843,3205715200.0,,1754546400.0,1754978400.0,True,,,False,1754546400.0,2025-08-07,-219.0
0,False,20.586444529039426,False,False,False,True,0.34533496306351535,991.4000244140625,991.4000244140625,1104460737.1673584,1104.4607371673585,1783.0,0.5560291780224692,-0.509968168872508,-0.3246490328264142,44.89239078173496,4.528181327034693,-0.1843685525182538,-0.3003528409216214,24.827960555746674,13.50171195768088,33.93234428578171,fund_neg_eps,3,trend_break;trailing_stop;di_bear,True,False,False,False,True,False,True,False,False,4587.T,,991.4,-34.25708362128542,7.478427,-28.94,132.568,127387336704.0,1778653800.0,1785997800.0,1785997800.0,True,,,False,1785997800.0,2026-08-06,41.0
3,True,53.47200978892628,False,False,True,False,0.3686482616565281,2524.0,2524.0,6359829655.0,6359.829655,3505.0,0.720114122681883,-0.38057663125948404,0.5276832054715754,322.7961078268719,12.789069248291279,-0.279885877318117,-0.279885877318117,12.79961440936335,24.469766952077844,21.166779953444635,fund_neg_eps,2,macd_sell_like;trailing_stop;ext_dev200,False,False,True,False,True,True,False,False,False,4588.T,,2524.0,-31.52635523357482,20.571503,-80.06,122.694,73915334656.0,,1754546400.0,1754978400.0,True,,,False,1754546400.0,2025-08-07,-219.0
0,False,23.80952380952381,False,False,True,True,0.38142947197894683,62.0,62.0,45687500.0,45.6875,120.0,0.5166666666666667,-0.4833333333333333,-0.29122606458988276,3.354356983730469,5.410253199565273,-0.1842105263157895,-0.38613861386138615,21.110977871517356,21.682443983160717,27.538237619827697,"fund_neg_eps,fund_low_adv20,fund_small_mcap",4,trend_break;macd_sell_like;trailing_stop;di_bear,True,False,True,False,True,False,True,False,False,4591.T,,62.0,-2.6874729085392284,1.1837709,-23.07,52.375,3367146496.0,,1747117800.0,1747117800.0,True,,,False,1747117800.0,2025-05-13,-281.0
0,False,17.811158798283273,False,False,True,True,0.4105659325801965,1218.0,1218.0,2305670605.0,2305.670605,3850.0,0.31636363636363635,-0.6836363636363636,-0.43274302280903987,110.1366261055291,9.04241593641454,-0.33040131940626716,-0.4605845881310895,21.02582917646079,16.53914549793608,31.34645969290215,"fund_neg_eps,earnings_blackout",3,trend_break;trailing_stop;di_bear,True,False,False,False,True,False,True,False,False,4592.T,,1218.0,-23.18233726684431,6.9859476,-52.54,174.35,95054356480.0,1781505000.0,1781505000.0,1781505000.0,True,,,False,1781505000.0,2026-06-15,3.0
0,False,23.38709677419355,False,True,False,True,0.3980236853588055,254.0,254.0,631795455.0,631.795455,713.0,0.35624123422159887,-0.6437587657784012,-0.38595430919859786,20.518777588651677,8.07825889316995,-0.2529411764705882,-0.39379474940334125,16.294473510318657,15.726885280097779,42.83353259906164,fund_neg_eps,4,trend_break;macd_sell_like;trailing_stop;vol_distribution,True,False,True,False,True,False,False,True,False,4593.T,,254.0,-9.552463332079729,4.233616,-26.59,59.996,34290483200.0,,1754978400.0,1755496800.0,True,,,False,1754978400.0,2025-08-12,-216.0
0,False,31.818181818181827,False,True,False,True,0.45068213319733225,45.0,45.0,94364835.0,94.364835,100.0,0.45,-0.55,-0.294836637154274,3.371129853024484,7.491399673387742,-0.16666666666666663,-0.53125,11.223030946728038,19.0431839558251,23.298693476840874,"fund_neg_eps,fund_low_adv20,fund_small_mcap",4,trend_break;macd_sell_like;trailing_stop;vol_distribution,True,False,True,False,True,False,False,True,False,4594.T,,45.0,-3.8461538461538463,4.5745654,-11.7,9.837,6250104832.0,,1754546400.0,1754978400.0,True,,,False,1754546400.0,2025-08-07,-219.0
4,True,33.86243386243386,False,False,True,True,0.5253688253525651,1696.0,1696.0,218127020.0,218.12702,1926.0,0.8805815160955348,-0.1629689583650914,0.002245812175301287,24.289756505349665,1.4321790392305227,-0.03471826977803072,-0.08274743104380744,27.885563529272396,17.72411164224092,30.073962022201865,,1,di_bear,False,False,False,False,False,False,True,False,False,4595.T,,1696.0,9.43008,1.7622061,179.85,962.43,32306509824.0,,1754535600.0,1754967600.0,True,,,True,1754535600.0,2025-08-07,-219.0
1,False,31.034482758620683,False,False,True,True,0.5395038248190546,56.0,56.0,125787905.0,125.787905,305.0,0.18360655737704917,-0.8163934426229509,-0.32346723044397463,5.51863888543666,9.854712295422608,-0.2727272727272727,-0.5333333333333333,31.148549631510043,21.53293313079984,26.982458569359224,"fund_neg_eps,fund_low_adv20,fund_small_mcap",3,trend_break;trailing_stop;di_bear,True,False,False,False,True,False,True,False,False,4596.T,,56.0,-5.288007554296506,4.050047,-10.59,13.827,7853669376.0,,1754978400.0,1755496800.0,True,,,False,1754978400.0,2025-08-12,-216.0
0,False,33.33333333333333,False,False,True,True,0.36964961294316767,22.0,22.0,1633744130.0,1633.74413,46.0,0.4782608695652174,-0.5522388059701493,-0.3195174760284565,2.0895674859419673,9.498034027008941,-0.2666666666666667,-0.46341463414634143,47.9162059412354,5.818476431869928,31.46357355137082,"fund_neg_eps,fund_small_mcap",3,trend_break;trailing_stop;di_bear,True,False,False,False,True,False,True,False,False,4597.T,,22.0,-5.962059620596206,3.4564023,-3.69,6.365,6006114816.0,,1754980200.0,1755498600.0,True,,,False,1754980200.0,2025-08-12,-216.0
0,False,21.15384615384616,False,False,True,False,0.45614591948296235,134.0,134.0,45461075.0,45.461075,774.0,0.1731266149870801,-0.82687338501292,-0.6379308015509532,7.593272383092833,5.6666211814125615,-0.2984293193717278,-0.43220338983050843,27.480194803441268,14.652520132924634,34.93377053696125,"fund_neg_eps,fund_low_adv20,fund_small_mcap",4,trend_break;macd_sell_like;trailing_stop;di_bear,True,False,True,False,True,False,True,False,False,4598.T,,134.0,-0.9540761836952653,50.719154,-140.45,2.642,1765423488.0,,1747290900.0,1747290900.0,True,,,False,1747290900.0,2025-05-15,-279.0
1,False,43.58974358974359,False,False,False,True,0.354398984877743,276.0,276.0,50292810.0,50.29281,355.0,0.7774647887323943,-0.3728813559322034,-0.05440592024119495,10.238713813206214,3.7096789178283385,-0.10967741935483866,-0.14814814814814814,18.598564456965576,13.775292670529138,29.116690426779122,"fund_neg_eps,fund_low_adv20,fund_small_mcap",3,trend_break;macd_sell_like;trailing_stop,True,False,True,False,True,False,False,False,False,4599.T,,276.0,-9.494324045407637,2.6319804,-29.07,104.864,17299978240.0,,1757399400.0,1757917800.0,True,,,False,1757399400.0,2025-09-09,-196.0
4,False,61.43790849673203,True,False,True,True,0.43199005090892884,1290.0,1290.0,154522685.0,154.522685,1427.2933349609375,0.9038086064034658,-0.16733606234552445,0.018377533689301728,27.577419769121153,2.1377844782264463,0.0,-0.01225114854517606,14.548639363042327,27.092941132084867,18.418716961564733,fund_low_adv20,1,trend_break,True,False,False,False,False,False,False,False,False,4611.T,,1290.0,21.920137,0.5508233,58.85,2341.949,36845666304.0,,1754456400.0,1754974800.0,True,,,False,1754456400.0,2025-08-06,-220.0
0,False,32.63534651625878,False,False,True,False,0.4122704745473059,965.0,965.0,5227247245.412903,5227.247245412903,1310.98291015625,0.7360889242141121,-0.27448901129393244,-0.05989224810716598,25.441711752568807,2.6364468137377,-0.09005186232909002,-0.09005186232909002,13.695271279957474,19.73964653032706,29.188084061342945,,2,trend_break;trailing_stop,True,False,False,False,True,False,False,False,False,4612.T,,965.0,17.990307,1.1765093,53.64,820.223,2238277484544.0,1778826600.0,1786084200.0,1786084200.0,True,,,True,1786084200.0,2026-08-07,42.0
4,False,66.93121693121694,True,False,True,True,0.5499811235179936,2469.5,2469.5,2240467467.5,2240.4674675,2721.292724609375,0.9074731202812742,-0.28449916411176135,0.018991351130945633,49.041612742275646,1.985892396933616,0.0,-0.02947533896639809,18.267604717070217,30.93463325297127,16.42910191132964,,1,trend_break,True,False,False,False,False,False,False,False,False,4613.T,,2469.5,16.646444,1.4488791,148.35,1704.421,434746359808.0,1786084200.0,1786084200.0,1786084200.0,True,,,True,1786084200.0,2026-08-07,42.0
5,False,45.45454545454546,True,False,False,True,0.27317710611604357,126.0,126.0,4117705.0,4.117705,137.0,0.9197080291970803,-0.2129032258064516,-0.007405073262958806,1.573093125356962,1.2484866074261602,-0.007874015748031482,-0.023255813953488413,20.603123999552682,14.338383680420593,12.233262683540385,"fund_neg_eps,fund_low_adv20,fund_small_mcap",1,trend_break,True,False,False,False,False,False,False,False,False,4615.T,,126.0,-7.224770642201834,0.32743007,-17.44,384.815,4288674048.0,,1754458800.0,1754890800.0,True,,,False,1754458800.0,2025-08-06,-220.0
5,False,52.23880597014925,True,False,True,True,0.4929954116819176,1836.0,1836.0,1234505.0,1.234505,2494.0,0.7361668003207699,-0.2834803528468324,-0.07337371814970939,30.037237090590082,1.63601509208007,-0.023404255319148914,-0.053608247422680444,22.18430557865074,56.13748738711804,21.026242554090484,"fund_low_adv20,fund_small_mcap",1,trend_break,True,False,False,False,False,False,False,False,False,4616.T,,1836.0,25.27881,0.5248793,72.63,3497.947,1827625984.0,,1752040800.0,1752472800.0,True,,,False,1752040800.0,2025-07-09,-240.0
3,False,52.2167487684729,False,False,True,True,0.5913644538624643,3205.0,3205.0,1236561370.0,1236.56137,4675.40771484375,0.685501713534968,-0.3690389844217923,-0.15455371628706205,120.29864452626664,3.7534678479334365,-0.08166189111747846,-0.14915565185903457,12.435098597696008,26.198545617196896,25.901300166191415,,2,trend_break;trailing_stop,True,False,False,False,True,False,False,False,False,4617.T,,3205.0,15.412359,1.6655208,207.95,1924.323,159012274176.0,,1753768800.0,1754287200.0,True,,,True,1753768800.0,2025-07-29,-226.0
5,True,21.1453744493392,False,False,True,False,0.37247256954776503,2287.0,2287.0,126578205.0,126.578205,2461.757568359375,0.9290110567321862,-0.1749796868285658,0.04954195468953548,48.10300855389686,2.1033235047615593,-0.05417700578990903,-0.05417700578990903,23.18270456107349,29.750841200411372,23.386440442731242,fund_low_adv20,0,,False,False,False,False,False,False,False,False,False,4619.T,,2287.0,9.432095,0.8156249,242.47,2803.985,48695152640.0,,1754460000.0,1754978400.0,True,,,False,1754460000.0,2025-08-06,-220.0
3,True,57.69230769230769,False,False,True,True,0.5790555495423887,1048.0,1048.0,237577245.0,237.577245,1276.0,0.8213166144200627,-0.23510971786833856,0.2825377389447372,50.95271240665395,4.861900038802858,-0.020560747663551426,-0.17868338557993735,21.566946702796134,16.176995828875953,22.894544242379563,,1,ext_dev200;di_bear,False,False,False,False,False,True,True,False,False,4620.T,,1048.0,9.810897,0.6294793,106.82,1664.868,30425090048.0,,1754456400.0,1754974800.0,True,,,True,1754456400.0,2025-08-06,-220.0
5,False,43.529411764705884,False,False,False,False,0.33010712494005495,1695.0,1695.0,2034740.0,2.03474,1738.5,0.9749784296807593,-0.08407571310162887,-0.002599831689799048,9.718653754835913,0.5733719029401718,-0.012237762237762184,-0.02249134948096887,31.98334227088157,32.210082111264114,9.210507648491733,"fund_low_adv20,fund_small_mcap",1,trend_break,True,False,False,False,False,False,False,False,False,4623.T,,1695.0,9.012601,0.41920084,188.07,4043.408,6284658176.0,,1747204200.0,1747204200.0,True,,,False,1747204200.0,2025-05-14,-280.0
2,False,28.723404255319153,False,False,False,True,0.2934918336550273,3550.0,3550.0,3378775.0,3.378775,4146.63720703125,0.8561154069568562,-0.14388459304314383,-0.03356869668819307,54.19720433548367,1.5266818122671455,-0.06824146981627299,-0.10976790464975583,17.915273196222472,21.836703252496253,41.43735993003836,"fund_low_adv20,fund_small_mcap",2,trend_break;macd_sell_like,True,False,True,False,False,False,False,False,False,4624.T,,3550.0,8.956052,0.3746689,396.38,9475.032,6764273152.0,,1746763200.0,1746763200.0,True,,,False,1746763200.0,2025-05-09,-283.0
3,False,35.294117647058826,True,False,True,True,0.4403449418330639,703.0,703.0,4895200.0,4.8952,917.6591186523438,0.76607967567784,-0.24045869993249713,-0.03589043879916953,17.839218714108007,2.537584454353913,-0.07010582010582012,-0.23392032432216003,11.24189051847474,18.881088593727206,23.258263544921874,"fund_low_adv20,fund_small_mcap",1,trend_break,True,False,False,False,False,False,False,False,False,4625.T,,703.0,3.959002,0.33335564,177.57,2108.859,3743584000.0,,1747198800.0,1747198800.0,True,,,False,1747198800.0,2025-05-14,-280.0
4,True,65.32567049808429,False,False,True,True,0.46011159563792736,4996.0,4996.0,1225055530.0,1225.05553,6096.0,0.8195538057742782,-0.2326115485564304,0.0811172221854688,82.18549006375157,1.6450258219325775,-0.011671612265084064,-0.046200840015273026,11.294203084492384,22.353130702434008,16.143797992579394,,0,,False,False,False,False,False,False,False,False,False,4626.T,,4996.0,30.374514,4.8032136,164.48,1040.137,555938676736.0,1777530600.0,1785479400.0,1785479400.0,True,,,True,1785479400.0,2026-07-31,37.0
5,True,57.9746835443038,False,False,True,False,0.4211221106780055,1732.0,1732.0,12131585.0,12.131585,1856.0,0.9331896551724138,-0.12193839265110651,0.08107151450165029,48.37708143510852,2.793134032050146,-0.06681034482758619,-0.06681034482758619,31.00528110795893,38.38961191390377,25.00349545060443,"fund_low_adv20,fund_small_mcap",0,,False,False,False,False,False,False,False,False,False,4627.T,,1732.0,9.091864,0.51841515,190.5,3340.952,13090755584.0,,1756965600.0,1757311200.0,True,,,False,1756965600.0,2025-09-04,-199.0
4,False,51.31578947368422,True,False,True,True,0.5211917015985511,9750.0,9750.0,16955600.0,16.9556,11424.203125,0.8534512117229183,-0.15880347234284664,-0.020378829897292117,206.11200299782325,2.1139692615161363,-0.04692082111436946,-0.13716814159292035,10.355217899825448,19.287363166875174,25.60784321772603,fund_low_adv20,1,trend_break,True,False,False,False,False,False,False,False,False,4628.T,,9750.0,11.509993,0.7526281,847.09,12954.605,131528531968.0,,1754546400.0,1754892000.0,True,,,False,1754546400.0,2025-08-07,-219.0
6,True,38.11129848229342,False,False,True,False,0.29197284001553697,1827.0,1827.0,13790690.0,13.79069,2150.0,0.8497674418604652,-0.15023255813953484,0.08272811759648335,77.94177614001339,4.266107068418905,-0.14345991561181437,-0.15023255813953484,17.51054932896667,17.98227649353805,35.897100469740664,"fund_low_adv20,fund_small_mcap",2,macd_sell_like;trailing_stop,False,False,True,False,True,False,False,False,False,4629.T,,1827.0,9.396698,0.4804212,194.43,3802.913,8358848512.0,,1747205100.0,1747205100.0,True,,,False,1747205100.0,2025-05-14,-280.0
5,True,51.13300492610836,False,False,True,False,0.4471913038133054,4650.0,4650.0,4073989905.0,4073.989905,4982.0,0.9333600963468487,-0.22577854671280273,0.22951734364970156,153.64373106145558,3.304166259386142,-0.06663990365315131,-0.06663990365315131,34.36599557672628,24.808343629835882,24.14540834642103,,1,macd_sell_like;ext_dev200,False,False,True,False,False,True,False,False,False,4631.T,,4650.0,13.598877,0.91183805,341.94,5099.59,440293752832.0,1778826600.0,1785997800.0,1785997800.0,True,,,True,1785997800.0,2026-08-06,41.0
5,True,60.69364161849711,False,False,True,True,0.4498393028554728,2347.0,2347.0,564662050.0,564.66205,2701.0,0.8689374305812662,-0.19770455386893748,0.008834886224706295,49.92938013094542,2.127370265485531,-0.01345102984447244,-0.03693065244152649,8.481098088276077,24.3885038748447,20.601122160256736,,0,,False,False,False,False,False,False,False,False,False,4633.T,,2347.0,9.975772,0.9479132,235.27,2475.965,114374262784.0,,1754546400.0,1754978400.0,True,,,True,1754546400.0,2025-08-07,-219.0
6,True,43.30708661417323,False,False,True,True,0.3668015609737496,4010.0,4010.0,651450175.0,651.450175,4395.0,0.9124004550625711,-0.2644064265347168,0.12197110286951363,105.2272569777151,2.6241211216387805,-0.046373365041617154,-0.046373365041617154,21.545160832968833,23.141110983546785,24.58666757653736,,2,macd_sell_like;di_bear,False,False,True,False,False,False,True,False,False,4634.T,,4010.0,19.061653,5.2222247,210.37,767.872,188059992064.0,1786084200.0,1786084200.0,1786084200.0,True,,,True,1786084200.0,2026-08-07,42.0
2,False,47.88732394366197,False,False,True,True,0.6363887378312474,1226.0,1226.0,43330540.0,43.33054,1778.6866455078125,0.6892726175778864,-0.32253384650786865,-0.1190380943370265,34.16611296961818,2.786795511388106,-0.030830039525691744,-0.21232146852745937,24.824729900439028,21.33902930793856,25.972247673847942,"fund_low_adv20,fund_small_mcap",2,trend_break;di_bear,True,False,False,False,False,False,True,False,False,4635.T,,1226.0,8.315811,0.48034143,147.43,2552.351,15319049216.0,,1747112400.0,1747112400.0,True,,,False,1747112400.0,2025-05-13,-281.0
1,False,29.58333333333333,True,False,True,False,0.4609022359904098,2323.0,2323.0,132407095.0,132.407095,3070.826904296875,0.7564737682705355,-0.2633905881067795,-0.1169488650171635,41.41221645708267,1.7827041092157843,-0.05261011419249595,-0.12537650602409633,42.791855813385,14.208406214542391,30.113826520547914,fund_low_adv20,2,trend_break;di_bear,True,False,False,False,False,False,True,False,False,4641.T,,2323.0,11.463114,6.802004,202.65,341.517,45568593920.0,,1754461800.0,1754980200.0,True,,,False,1754461800.0,2025-08-06,-220.0
0,False,29.370629370629374,False,False,True,True,0.5711268600317772,1442.0,1442.0,4651245.0,4.651245,2323.3603515625,0.6206527536850794,-0.4059738869943984,-0.10538380378643042,22.706841998782235,1.574676976337187,-0.05751633986928106,-0.08444444444444443,25.879762631550037,15.226481088759435,30.02333511890796,"fund_low_adv20,fund_small_mcap",2,trend_break;di_bear,True,False,False,False,False,False,True,False,False,4642.T,,1442.0,15.764731,1.0621412,91.47,1357.635,8667015168.0,,1754373600.0,1754978400.0,True,,,False,1754373600.0,2025-08-05,-221.0
6,False,55.04587155963303,True,False,True,False,0.507442519116872,1026.0,1026.0,10380635.0,10.380635,1066.819091796875,0.9617375690866928,-0.06508323310922282,0.0022923560002630072,9.66500595788524,0.9420083779615243,-0.006776379477250738,-0.022307349871108495,21.35935053249261,27.282463108565047,16.37348362351728,"fund_low_adv20,fund_small_mcap",1,trend_break,True,False,False,False,False,False,False,False,False,4644.T,,1026.0,13.242126,0.82694054,77.48,1240.718,9889649664.0,,1753770600.0,1754289000.0,True,,,False,1753770600.0,2025-07-29,-226.0
4,False,66.66666666666666,True,True,False,True,0.3578548036340855,435.0,435.0,377715.0,0.377715,464.42095947265625,0.9366502332150053,-0.18656153139294607,0.002040437501545478,3.1230444797780303,0.7179412597190874,0.0,0.0,12.29865931417426,49.57579026726337,28.09947777428371,"fund_low_adv20,fund_small_mcap",1,trend_break,True,False,False,False,False,False,False,False,False,4645.T,,435.0,5.6310678,1.4198935,77.25,306.361,3497876224.0,,1744095600.0,1744095600.0,True,,,False,1744095600.0,2025-04-08,-306.0
3,False,43.47826086956522,False,False,True,True,0.40344738281450554,266.0,266.0,1231795.0,1.231795,319.0,0.8338557993730408,-0.1724137931034483,-0.06981623625268818,3.5623725326079696,1.3392377942135225,-0.032727272727272716,-0.09523809523809523,22.966492900217876,19.43498460278793,11.429572207972663,"fund_low_adv20,fund_small_mcap",1,trend_break,True,False,False,False,False,False,False,False,False,4650.T,,266.0,11.037344,1.3224685,24.1,201.139,2381766912.0,,1747290600.0,1747290600.0,True,,,False,1747290600.0,2025-05-15,-279.0
4,True,24.19354838709677,False,False,True,True,0.4196643003070703,226.0,226.0,179631515.0,179.631515,280.0,0.8071428571428572,-0.28999996610474843,0.013221128906317992,12.281604978936041,5.434338486254886,-0.16296296296296298,-0.19285714285714284,28.643645611563056,18.91091696070209,24.400624506636376,"fund_low_adv20,fund_small_mcap",3,macd_sell_like;trailing_stop;di_bear,False,False,True,False,True,False,True,False,False,4651.T,,226.0,20.088888,0.9817038,11.25,230.212,10803662848.0,,1754548200.0,1754980200.0,True,,,False,1754548200.0,2025-08-07,-219.0
2,False,11.688311688311686,False,False,True,True,0.29157651319971295,426.0,426.0,9150060.0,9.15006,521.0,0.817658349328215,-0.27927930403094714,-0.04979646461830145,12.495147882870038,2.9331333058380373,-0.14970059880239517,-0.18234165067178498,26.47713830631694,15.649030362114017,28.769668037400166,"fund_low_adv20,fund_small_mcap",3,trend_break;trailing_stop;di_bear,True,False,False,False,True,False,True,False,False,4657.T,,426.0,47.49164,0.8182662,8.97,520.613,2039938944.0,,1747198800.0,1747198800.0,True,,,False,1747198800.0,2025-05-14,-280.0
6,True,43.873517786561266,False,False,True,True,0.4321614021110718,1523.0,1523.0,170605615.0,170.605615,1678.517578125,0.9073482576818039,-0.1243432925956568,0.1075026359377107,47.78364214606842,3.13746829586792,-0.06449631449631454,-0.08253012048192776,11.823202517691257,23.246495449653796,30.6615121523616,fund_low_adv20,0,,False,False,False,False,False,False,False,False,False,4658.T,,1523.0,14.370636,1.7175058,105.98,886.751,52787564544.0,,1753770000.0,1754288400.0,True,,,False,1753770000.0,2025-07-29,-226.0
5,True,60.0,False,True,False,True,0.5371952843232113,4425.0,4425.0,9549225.0,9.549225,4445.0,0.9955005624296963,-0.0987261146496815,0.2629920495720812,3.789726913921488,0.08564354607732176,0.0,-0.004499437570303688,76.89405045873755,56.701541949386666,4.155230475495876,fund_low_adv20,0,ext_dev200,False,False,False,False,False,True,False,False,False,4659.T,,4425.0,18.181444,1.4129688,243.38,3131.704,37346766848.0,,1753941600.0,1754373600.0,True,,,False,1753941600.0,2025-07-31,-224.0
2,False,64.83300589390963,True,False,True,False,0.5461695674421143,2292.5,2292.5,13449190965.0,13449.190965,3696.72509765625,0.6201434890177421,-0.42503163101103136,-0.2160809375394086,65.62393547703562,2.862548984821619,-0.0013069048137660522,-0.18810777375428134,27.1514515631342,25.430493515391294,23.75753398852442,,1,trend_break,True,False,False,False,False,False,False,False,False,4661.T,,2292.5,30.858797,3.4172604,74.29,670.859,3758589214720.0,1777357800.0,1777357800.0,1777357800.0,True,,,True,1777357800.0,2026-04-28,-31.0
3,False,39.285714285714285,False,False,True,False,0.41916984805717294,1535.0,1535.0,113436280.0,113.43628,2077.400146484375,0.7389043476278321,-0.27698089241889,-0.060145495258147164,41.47131638789458,2.701714422664142,-0.060012247397428053,-0.06402439024390238,11.678825826318644,23.748118805426333,24.40726392232609,"fund_low_adv20,fund_small_mcap",2,trend_break;macd_sell_like,True,False,True,False,False,False,False,False,False,4662.T,,1535.0,9.858703,1.4910846,155.7,1029.452,22485415936.0,,1754546400.0,1754978400.0,True,,,False,1754546400.0,2025-08-07,-219.0
1,False,64.76868327402136,False,False,True,True,0.4331448682793378,822.0,822.0,28468170.0,28.46817,1505.5333251953125,0.545985921562621,-0.6057563530970916,-0.03997293080609243,39.71955670927074,4.832062860008606,-0.09471365638766516,-0.27689921468386114,19.775383872582935,26.304487136629923,24.13984447946288,"fund_low_adv20,fund_small_mcap",2,trend_break;trailing_stop,True,False,False,False,True,False,False,False,False,4664.T,,822.0,17.18946,1.0463047,47.82,785.622,2510962688.0,,1747205100.0,1747205100.0,True,,,False,1747205100.0,2025-05-14,-280.0
6,True,56.07476635514019,True,False,True,False,0.4124646107033243,4270.0,4270.0,528440900.0,528.4409,4350.5703125,0.9814805171017449,-0.11344956569989928,0.059021276191396854,84.92517281043834,1.9888799253030058,-0.012031466913466016,-0.012031466913466016,20.0569304161571,32.60209692644456,15.423937661273115,,0,,False,False,False,False,False,False,False,False,False,4665.T,,4270.0,21.873878,1.2723246,195.21,3356.062,201026207744.0,1778826600.0,1785997800.0,1785997800.0,True,,,True,1785997800.0,2026-08-06,41.0
1,False,57.94701986754967,True,False,True,True,0.5112964950115534,1852.5,1852.5,1575385775.0,1575.385775,2319.0,0.7988357050452781,-0.24536438119879256,-0.051552922672782,46.80524936858232,2.5265991561987757,-0.002154591974144915,-0.11384836163597223,12.41483208131279,23.811548644869344,24.9380562126118,earnings_blackout,1,trend_break,True,False,False,False,False,False,False,False,False,4666.T,,1852.5,21.735304,4.4508033,85.23,416.217,316158541824.0,1781505000.0,1781505000.0,1781505000.0,True,,,True,1781505000.0,2026-06-15,3.0
5,False,62.52545824847251,True,True,False,False,0.4970570905338286,1847.0,1847.0,57950860.0,57.95086,2252.466552734375,0.8199899784340149,-0.36965331796446765,0.0717176795338006,108.93647205778673,5.8980223095715605,-0.05330599692465399,-0.05330599692465399,22.855505342727014,47.66036858233763,14.986633726136766,"fund_low_adv20,fund_small_mcap",3,trend_break;vol_distribution;natr_spike,True,False,False,False,False,False,False,True,True,4667.T,,1847.0,23.72816,1.5596448,77.84,1184.244,9752461312.0,,1746771600.0,1746771600.0,True,,,False,1746771600.0,2025-05-09,-283.0
4,False,46.666666666666664,True,False,True,True,0.36489193806754283,682.0,682.0,26496260.0,26.49626,755.9556274414062,0.9021693539186749,-0.11370459365760677,-0.03311085614733178,7.272681016022352,1.0663755155457995,-0.008720930232558155,-0.05931034482758624,19.125731981782273,19.5887240358217,20.69398230642446,"fund_low_adv20,fund_small_mcap",1,trend_break,True,False,False,False,False,False,False,False,False,4668.T,,682.0,10.241778,1.3511131,66.59,504.769,17366673408.0,,1752031800.0,1752463800.0,True,,,False,1752031800.0,2025-07-09,-240.0
7,True,54.981549815498155,True,False,True,False,0.45960112927705954,2562.0,2562.0,38758615.0,38.758615,2699.01806640625,0.949234105502417,-0.08597712560691362,0.010207726473403067,42.69959410571555,1.6666508237984212,-0.009663703131039814,-0.03575461046292816,8.668744236880924,23.444320649040545,19.85511538480457,"fund_low_adv20,fund_small_mcap",0,,False,False,False,False,False,False,False,False,False,4671.T,,2562.0,12.799121,0.9914297,200.17,2584.147,25646307328.0,,1754550000.0,1754982000.0,True,,,False,1754550000.0,2025-08-07,-219.0
2,False,37.95792550588246,False,False,True,True,0.3295117198855215,4375.0,4375.0,34837825.0,34.837825,6079.20361328125,0.7196666337087193,-0.29102555627781024,-0.06662719204579937,192.03268661446498,4.38931855118777,-0.14618186059551153,-0.2803333662912807,26.539652823910767,17.639491984272766,32.09179075760574,"fund_low_adv20,fund_small_mcap",3,trend_break;trailing_stop;di_bear,True,False,False,False,True,False,True,False,False,4673.T,,4375.0,6.150537,0.67908317,711.32,6442.51,,,,,True,,,False,,,
2,False,32.70142180094787,False,False,True,True,0.3986143036726132,1470.0,1470.0,152730935.0,152.730935,1754.2142333984375,0.8379820275156304,-0.22301394319469092,-0.05873290723568947,41.576595131257896,2.828339804847476,-0.069620253164557,-0.11445783132530118,23.481451860183704,21.367414469324327,22.568594416538794,fund_low_adv20,3,trend_break;macd_sell_like;di_bear,True,False,True,False,False,False,True,False,False,4674.T,,1470.0,11.325989,1.773698,129.79,828.777,59379838976.0,,1754290800.0,1754636400.0,True,,,False,1754290800.0,2025-08-04,-222.0
5,True,71.74515235457064,False,False,True,False,0.2691960636839378,4122.0,4122.0,2396351465.0,2396.351465,4386.0,0.9398084815321477,-0.1823973499830821,0.14782865939080003,124.22482962757375,3.0137028051327936,-0.012931034482758674,-0.06019151846785231,26.888865085019845,30.852108377743626,13.935048026598116,,0,,False,False,False,False,False,False,False,False,False,4676.T,,4122.0,126.13219,1.0739793,32.68,3838.063,587161665536.0,1778567400.0,1785393000.0,1785393000.0,True,,,True,1785393000.0,2026-07-30,36.0
5,True,68.18181818181819,True,False,True,True,0.5773740219153212,312.0,312.0,1272865.0,1.272865,340.0,0.9176470588235294,-0.15114522762965255,0.03368831674046313,5.115551036367368,1.6395996911433872,0.0,-0.08235294117647063,19.09129771386114,26.611417160480933,13.89985966849821,"fund_low_adv20,fund_small_mcap",0,,False,False,False,False,False,False,False,False,False,4678.T,,312.0,48.372093,0.43997884,6.45,709.125,2093420416.0,,1754461800.0,1754893800.0,True,,,False,1754461800.0,2025-08-06,-220.0
2,False,56.41025641025641,False,False,True,True,0.7034190848980919,251.0,251.0,2231280.0,2.23128,388.0,0.6469072164948454,-0.38717948717948714,-0.08164572013976545,9.320230320463281,3.7132391714993154,-0.07037037037037042,-0.2988826815642458,22.93599870981003,28.661014041618984,23.06841030013493,"fund_neg_eps,fund_low_adv20,fund_small_mcap",1,trend_break,True,False,False,False,False,False,False,False,False,4679.T,,251.0,-1394.4444444444446,0.2841668,-0.18,883.284,1866700544.0,,1753749900.0,1754268300.0,True,,,False,1753749900.0,2025-07-29,-226.0
1,False,78.18532818532819,True,False,False,False,0.5173351087544238,1002.5,1002.5,2589633022.5543213,2589.633022554321,1625.49609375,0.6167347949063627,-0.5064891172046033,-0.06864524391050264,35.70711071470173,3.561806555082467,0.0,0.0,15.759726730269305,36.37354975937214,17.817601262465622,,1,trend_break,True,False,False,False,False,False,False,False,False,4680.T,,1002.5,17.06383,3.1890798,58.75,314.354,263529857024.0,1778653800.0,1786084200.0,1786084200.0,True,,,True,1786084200.0,2026-08-07,42.0
3,False,38.074712643678154,True,False,True,False,0.43806148354934143,1687.5,1687.5,1106179620.0,1106.17962,2026.1588134765625,0.8328567280984858,-0.2066268501224795,-0.08291289728639606,45.483144674059574,2.695297462166493,-0.04768623024830698,-0.10333040367644908,18.61295519414594,24.42153607494524,28.17263238463016,,1,trend_break,True,False,False,False,False,False,False,False,False,4681.T,,1687.5,16.827883,2.2359908,100.28,754.699,358340100096.0,1778826600.0,1786602600.0,1786602600.0,True,,,True,1786602600.0,2026-08-13,46.0
2,False,40.40307101727448,False,False,True,True,0.43640040906209987,3956.0,3956.0,6289343560.0,6289.34356,5504.43212890625,0.7186935740791978,-0.32367449455015695,-0.1316758510273579,126.25139590476981,3.1913901897060115,-0.07375321938656054,-0.13662156263640335,10.39113838535897,17.724885766614616,25.841744393471323,,1,trend_break,True,False,False,False,False,False,False,False,False,4684.T,,3956.0,23.075129,3.3221533,171.44,1190.794,1711566487552.0,1776753000.0,1784701800.0,1784701800.0,True,,,True,1784701800.0,2026-07-22,30.0
0,False,34.63796477495109,False,False,False,True,0.28358428444946915,2806.0,2806.0,109937375.0,109.937375,4037.548095703125,0.6949762413941832,-0.30502375860581676,-0.16510596694394075,85.86576544916998,3.060077172101568,-0.05965147453083108,-0.17565586935265098,18.271803934659204,15.900541862301756,29.027326018488044,fund_low_adv20,2,trend_break;macd_sell_like,True,False,True,False,False,False,False,False,False,4685.T,,2806.0,9.146024,1.6103181,306.8,1742.513,35789443072.0,,1745823600.0,1745823600.0,True,,,False,1745823600.0,2025-04-28,-292.0
2,False,53.142857142857146,False,False,True,False,0.6642269487627879,3885.0,3885.0,542843725.0,542.843725,5287.177734375,0.7347965578575821,-0.35499056162923637,-0.11436466709593196,117.57690652772565,3.0264326004562587,-0.0771971496437055,-0.0771971496437055,24.803193330229735,23.057145816893716,23.501971090353383,,3,trend_break;macd_sell_like;di_bear,True,False,True,False,False,False,True,False,False,4686.T,,3885.0,16.519964,2.1022465,235.17,1848.023,249509380096.0,1778740200.0,1786084200.0,1786084200.0,True,,,True,1786084200.0,2026-08-07,42.0
2,False,52.17391304347826,False,False,True,True,0.5553751134281364,953.0,953.0,76554405.0,76.554405,1421.2943115234375,0.6705155943236777,-0.36747794407451606,-0.18464599383283797,24.23445661662114,2.5429650174838554,-0.026557711950970342,-0.04124748490945673,12.863605883145848,13.279182665730124,14.79471847882736,fund_low_adv20,2,trend_break;cross_sma25_down,True,True,False,False,False,False,False,False,False,4687.T,,953.0,11.934878,1.9238067,79.85,495.372,45087457280.0,,1754287200.0,1754632800.0,True,,,False,1754287200.0,2025-08-04,-222.0
2,False,47.050553731073315,False,False,True,True,0.32816790986465527,407.5,407.5,7138144966.764221,7138.144966764221,554.3906860351562,0.7350412087806228,-0.3530348600929393,-0.028297814188863124,11.341384726307751,2.7831618960264417,-0.0400471142520612,-0.09202314820922053,12.505858810728265,20.22899462839215,25.412236665470555,,1,trend_break,True,False,False,False,False,False,False,False,False,4689.T,,407.5,14.626704,0.9319995,27.86,437.232,2794950230016.0,1778221800.0,1785825000.0,1785825000.0,True,,,True,1785825000.0,2026-08-04,39.0
6,True,54.40210249671485,True,False,True,True,0.39149542968541573,1904.0,1904.0,216341200.0,216.3412,2484.0,0.7665056360708534,-0.33212560386473433,0.23551522690547744,105.49125354593133,5.540507013966982,-0.16086381665932126,-0.23349436392914658,23.18972682892723,32.86835694847843,22.74466851162045,fund_small_mcap,1,trailing_stop;ext_dev200,False,False,False,False,True,True,False,False,False,4691.T,,1904.0,7.5534573,3.47515,252.07,547.89,22837628928.0,,1747204200.0,1747204200.0,True,,,False,1747204200.0,2025-05-14,-280.0
4,False,58.33333333333333,True,False,False,True,0.4588717892972281,3660.0,3660.0,350204275.0,350.204275,4286.953125,0.8537532119621671,-0.20106427569114138,-0.021596138149234334,100.26071165708058,2.7393637064776115,-0.009472259810554773,-0.10622710622710618,31.230489873953193,24.170828287296573,17.953223865056916,,1,trend_break,True,False,False,False,False,False,False,False,False,4694.T,,3660.0,17.977308,1.0746008,203.59,3405.916,137189974016.0,1786084200.0,1786084200.0,1786084200.0,True,,,True,1786084200.0,2026-08-07,42.0
2,False,54.81544336020365,False,False,True,False,0.4321506244910704,6217.0,6217.0,7332177195.0,7332.177195,10991.0283203125,0.5656431608414996,-0.5743532746220457,-0.0567676044628741,285.4153846298761,4.590886032328713,-0.06903264450434266,-0.06903264450434266,20.592120300712978,30.46382196292381,24.028109432449764,,2,trend_break;macd_sell_like,True,False,True,False,False,False,False,False,False,4704.T,,6217.0,23.812626,7.0646043,261.08,880.021,806763495424.0,1778740200.0,1785997800.0,1785997800.0,True,,,True,1785997800.0,2026-08-06,41.0
4,False,44.444444444444436,False,False,False,False,0.4968577073587818,773.0,773.0,2696770.0,2.69677,851.0,0.9083431257344301,-0.0916568742655699,-0.03267857742851521,11.81026466433087,1.5278479514011474,-0.0916568742655699,-0.0916568742655699,25.239425481421435,28.37104586576697,26.578074699895378,"fund_neg_eps,fund_low_adv20,fund_small_mcap",3,trend_break;macd_sell_like;trailing_stop,True,False,True,False,True,False,False,False,False,4705.T,,773.0,-33.17596566523605,0.5876933,-23.3,1315.312,2784491264.0,,1747198800.0,1747198800.0,True,,,False,1747198800.0,2025-05-14,-280.0
3,False,41.66666666666667,False,False,True,True,0.32963776494580005,321.0,321.0,3153765.0,3.153765,385.35833740234375,0.8329909303735948,-0.33019042492139716,-0.06379617735071885,7.228455982640817,2.2518554463055502,-0.027272727272727226,-0.027272727272727226,22.521060953615624,15.14012411160528,23.18086464714725,"fund_low_adv20,fund_small_mcap",4,trend_break;cross_sma25_down;macd_sell_like;di_bear,True,True,True,False,False,False,True,False,False,4707.T,,321.0,12.237896,0.48417532,26.23,662.983,1797744128.0,,1756360800.0,1756706400.0,True,,,False,1756360800.0,2025-08-28,-204.0
3,False,57.70925110132159,True,True,False,False,0.33569355327582473,1084.0,1084.0,84002365.0,84.002365,1224.339599609375,0.8853752670793705,-0.27634456952737796,0.06131724749361411,28.321364715513667,2.612672021726353,0.0,0.0,15.965926842237575,37.810831105024015,21.602117126871462,fund_low_adv20,1,trend_break,True,False,False,False,False,False,False,False,False,4709.T,,1084.0,12.60905,2.5268126,85.97,428.999,37066452992.0,,1753756200.0,1754274600.0,True,,,False,1753756200.0,2025-07-29,-226.0
6,True,46.0,False,False,True,True,0.388253595263779,796.0,796.0,17907715.0,17.907715,822.0,0.9683698296836983,-0.21735535582741006,0.07303680817756675,8.836742066381085,1.1101434756760156,-0.013630731102850069,-0.031630170316301665,25.23499243330457,18.317001618420896,19.23655736996423,"fund_low_adv20,fund_small_mcap",1,di_bear,False,False,False,False,False,False,True,False,False,4712.T,,796.0,17.482979,10.990984,45.53,72.423,14979586048.0,,1754546400.0,1754978400.0,True,,,False,1754546400.0,2025-08-07,-219.0
3,False,35.294117647058826,False,False,True,True,0.3929166014421114,190.0,190.0,77073515.0,77.073515,218.88888549804688,0.8680203180151664,-0.3361597589463663,-0.03837220004387909,2.698520199557884,1.4202737892409916,-0.035532994923857864,-0.05940594059405946,8.26641023217547,20.155946116584683,17.261323161782528,fund_low_adv20,1,trend_break,True,False,False,False,False,False,False,False,False,4714.T,,190.0,20.042194,2.638193,9.48,72.019,32357306368.0,,1752131400.0,1752477000.0,True,,,False,1752131400.0,2025-07-10,-239.0
3,False,50.884035361414455,False,False,True,False,0.447814273987504,8966.0,8966.0,6250973225.0,6250.973225,17805.0,0.5035664139286717,-0.5309182813816344,-0.2523252260181815,369.80773274199584,4.1245564660048615,-0.09076158604604001,-0.09076158604604001,12.19308102081613,26.98515122583255,26.266595077460558,,2,trend_break;trailing_stop,True,False,False,False,True,False,False,False,False,4716.T,,8966.0,18.735765,6.1092315,478.55,1467.615,1149021454336.0,1782369000.0,1782369000.0,1782369000.0,True,,,True,1782369000.0,2026-06-25,11.0
4,False,68.47977684797769,True,False,True,False,0.5187069782936508,2549.0,2549.0,88151830.0,88.15183,2885.2783203125,0.8834503008097748,-0.3290075392829642,0.11536739149771891,70.44746231704173,2.7637293965100715,-0.006625097427903404,-0.006625097427903404,47.01853102447273,40.141053148996924,12.286269993557516,fund_low_adv20,1,trend_break,True,False,False,False,False,False,False,False,False,4718.T,,2549.0,18.937592,2.8296754,134.6,900.81,47087546368.0,,1753768800.0,1754287200.0,True,,,False,1753768800.0,2025-07-29,-226.0
1,False,36.95652173913044,False,False,False,True,0.43424648896421447,3160.0,3160.0,24599925.0,24.599925,4073.662353515625,0.775714756347658,-0.22551264041871488,-0.1294516844975322,72.90679297441152,2.307176992861124,-0.04387291981845687,-0.10608203677510608,24.321101954852576,17.840511008270806,25.793134844115556,fund_low_adv20,3,trend_break;macd_sell_like;di_bear,True,False,True,False,False,False,True,False,False,4719.T,,3160.0,11.83432,0.9785842,267.02,3229.155,44362113024.0,,1754290800.0,1754636400.0,True,,,False,1754290800.0,2025-08-04,-222.0
3,False,35.48387096774192,True,False,True,False,0.38677086252712534,231.0,231.0,3102615.0,3.102615,304.7682189941406,0.7579530462933247,-0.3410404830440058,-0.09855830228670803,4.572230811710743,1.9793206977102784,-0.09411764705882353,-0.219533440400686,37.26278053431532,14.54418982629032,29.06487283160455,"fund_low_adv20,fund_small_mcap",3,trend_break;trailing_stop;di_bear,True,False,False,False,True,False,True,False,False,4720.T,,231.0,372.58063,1.3328025,0.62,173.319,1855262848.0,,1747729800.0,1747729800.0,True,,,False,1747729800.0,2025-05-20,-276.0
1,False,43.45794392523365,False,False,True,True,0.3964342365885683,1543.0,1543.0,272443250.0,272.44325,2410.96533203125,0.6399926118804932,-0.36581419081965394,-0.19191469489827684,37.38530715296566,2.422897417560963,-0.04280397022332505,-0.08806146572104023,14.495080733966645,20.493041244942763,24.407256379149665,,1,trend_break,True,False,False,False,False,False,False,False,False,4722.T,,1543.0,11.682314,2.1596549,132.08,714.466,136827002880.0,1777357800.0,1784701800.0,1784701800.0,True,,,True,1784701800.0,2026-07-22,30.0
2,False,47.43589743589743,False,True,False,True,0.5183653246989225,1781.0,1781.0,85976810.0,85.97681,2166.8134765625,0.8219443063578474,-0.1808247367854131,-0.09712541329738444,23.131233398584037,1.2987778438284132,-0.021428571428571463,-0.05467091295116777,24.933372070792025,15.736771677281206,22.28877075099505,fund_low_adv20,2,trend_break;di_bear,True,False,False,False,False,False,True,False,False,4725.T,,1781.0,9.307551,0.8886977,191.35,2004.056,30790248448.0,,1754978400.0,1755496800.0,True,,,False,1754978400.0,2025-08-12,-216.0
3,False,55.26315789473684,False,False,True,True,0.4538959745781454,635.0,635.0,4555090.0,4.55509,672.1046752929688,0.9447933087553737,-0.08759124220163472,-0.00901053690704079,7.0082094300606155,1.1036550283560023,-0.01244167962674958,-0.02157164869029271,10.95538947851046,15.792291445660911,12.662899082138779,"fund_low_adv20,fund_small_mcap",1,trend_break,True,False,False,False,False,False,False,False,False,4728.T,,635.0,12.090632,0.75889945,52.52,836.738,4812940800.0,,1751414400.0,1751846400.0,True,,,False,1751414400.0,2025-07-02,-245.0
5,True,77.00934579439252,True,False,False,True,0.35842818797030357,1914.0,1914.0,2275913040.0,2275.91304,1914.0,1.0,-0.13613670636846975,0.11262335139146651,39.140849576502575,2.044976466901911,0.0,0.0,16.796590933548945,37.078379263384164,14.108775497548173,,0,,False,False,False,False,False,False,False,False,False,4732.T,,1914.0,21.614906,4.2823105,88.55,446.955,888665407488.0,1778567400.0,1785825000.0,1785825000.0,True,,,True,1785825000.0,2026-08-04,39.0
1,False,45.54526015680685,False,False,True,True,0.5499190619810057,5976.0,5976.0,1339383045.0,1339.383045,9183.134765625,0.6507581727287519,-0.3930305427855284,-0.2040806591009604,176.10693396867939,2.946903178860097,-0.06973848069738475,-0.11741249446167479,17.33253468479443,17.814307759656288,29.508672022424786,,2,trend_break;macd_sell_like,True,False,True,False,False,False,False,False,False,4733.T,,5976.0,24.798738,2.6524174,240.98,2253.039,449255997440.0,1776753000.0,1784701800.0,1784701800.0,True,,,True,1784701800.0,2026-07-22,30.0
3,True,33.33333333333333,False,False,True,True,0.36841353092246637,309.0,309.0,1266890.0,1.26689,388.0,0.7963917525773195,-0.40218383413664915,0.009965388485362547,7.455291323835143,2.4127156387815996,-0.05214723926380371,-0.20360824742268047,12.497887045155519,18.576138733759617,32.84583112657259,"fund_low_adv20,fund_small_mcap",1,macd_sell_like,False,False,True,False,False,False,False,False,False,4735.T,,309.0,26.569218,0.6080116,11.63,508.214,2374894336.0,,1744095600.0,1744095600.0,True,,,False,1744095600.0,2025-04-08,-306.0
3,False,52.892561983471076,False,False,True,False,0.157510613478391,561.0,561.0,18636665.0,18.636665,844.138427734375,0.6645829422855393,-0.45636818638441523,-0.11706739499223395,26.858613695273167,4.787631674736749,-0.1151419558359621,-0.1151419558359621,25.005283090444774,28.751003784903027,26.549180916194697,"fund_low_adv20,fund_small_mcap",4,trend_break;macd_sell_like;trailing_stop;natr_spike,True,False,True,False,True,False,False,False,True,4736.T,,561.0,17.986534,0.8403097,31.19,667.611,2963751168.0,,1747035000.0,1747035000.0,True,,,False,1747035000.0,2025-05-12,-282.0
7,True,49.25373134328358,True,False,False,False,0.37539094064103645,1632.0,1632.0,131104995.0,131.104995,1741.0,0.9373923032739805,-0.08412392420093373,0.03067142696949232,29.443321231024385,1.8041250754304157,-0.019230769230769273,-0.06260769672601951,16.135683941085073,16.394542212946284,19.11491879793364,fund_low_adv20,0,,False,False,False,False,False,False,False,False,False,4743.T,,1632.0,15.642672,2.091021,104.33,780.48,43187871744.0,,1754463600.0,1754982000.0,True,,,False,1754463600.0,2025-08-06,-220.0
6,True,51.11111111111111,False,False,True,True,0.2704088850445612,4195.0,4195.0,364886025.0,364.886025,4605.0,0.9109663409337676,-0.24534251562336773,0.01701191506285804,78.64967031766865,1.8748431541756532,-0.026682134570765625,-0.0890336590662324,12.386178904414837,21.451831175590225,22.076241316790625,,0,,False,False,False,False,False,False,False,False,False,4746.T,,4195.0,14.214557,1.47481,295.12,2844.434,75434147840.0,,1754287200.0,1754632800.0,True,,,True,1754287200.0,2025-08-04,-222.0
3,False,46.47887323943662,False,False,True,False,0.3254679433202688,548.0,548.0,4856600.0,4.8566,618.8773803710938,0.8854742754879908,-0.14669944054237005,-0.049638368862581994,8.629570348039186,1.5747391146056908,-0.04529616724738672,-0.06943400512999309,29.93432338394882,17.76102667017092,24.432935378152116,"fund_low_adv20,fund_small_mcap",2,trend_break;di_bear,True,False,False,False,False,False,True,False,False,4750.T,,548.0,13.398533,0.6138405,40.9,892.74,3514235136.0,,1748932200.0,1748932200.0,True,,,False,1748932200.0,2025-06-03,-266.0
1,False,60.270602706027056,False,False,True,False,0.4179282829509512,1397.5,1397.5,6795629925.0,6795.629925,1809.812744140625,0.7721793343120653,-0.3214767638388435,-0.03871099517038834,50.844939817432895,3.6382783411401,-0.022727272727272707,-0.02681058495821731,27.299422869013977,27.443913530798064,15.143594787580161,,1,trend_break,True,False,False,False,False,False,False,False,False,4751.T,,1397.5,17.409992,3.568574,80.27,391.613,708670980096.0,1786084200.0,1786084200.0,1786084200.0,True,,,True,1786084200.0,2026-08-07,42.0
2,False,26.470588235294116,False,True,False,True,0.3488700937526893,1455.0,1455.0,2892770.0,2.89277,1678.171630859375,0.8670150139857322,-0.13298498601426778,-0.06156053743488954,29.94780106475641,2.058268114416248,-0.053350683148991496,-0.10129709697344036,26.183899609546366,11.444188465071445,25.800405837778236,"fund_low_adv20,fund_small_mcap",4,trend_break;macd_sell_like;di_bear;vol_distribution,True,False,True,False,False,False,True,True,False,4752.T,,1455.0,8.101788,1.0550597,179.59,1379.069,6229068800.0,,1747119600.0,1747119600.0,True,,,False,1747119600.0,2025-05-13,-281.0
4,False,51.42857142857143,False,False,True,True,0.45585897701454736,1503.0,1503.0,2296495.0,2.296495,1679.0,0.8951756998213222,-0.15128052412150095,-0.01386050135614525,18.2971850298633,1.2173775801638922,-0.012483574244415263,-0.03219575016097875,12.387788737031945,23.58684582302303,26.397966823781456,"fund_low_adv20,fund_small_mcap",1,trend_break,True,False,False,False,False,False,False,False,False,4754.T,,1503.0,13.054808,0.8328674,115.13,1804.609,6990866432.0,,1754978400.0,1755496800.0,True,,,False,1754978400.0,2025-08-12,-216.0
1,False,42.003228256678945,False,False,True,False,0.523506976883187,722.5,722.5,14249382560.910034,14249.382560910035,1056.0,0.6841856060606061,-0.3158143939393939,-0.18508588737972864,26.845581360756555,3.715651399412672,-0.09210855606602253,-0.13431581459996667,12.700668821432703,15.744458411735069,22.635506920773103,fund_neg_eps,3,trend_break;macd_sell_like;trailing_stop,True,False,True,False,True,False,False,False,False,4755.T,,722.5,-8.78099173553719,1.7427906,-82.28,414.565,1570491072512.0,1786343400.0,1786343400.0,1786343400.0,True,,,False,1786343400.0,2026-08-10,43.0
1,False,38.93805309734513,False,False,False,True,0.4032697092254617,1545.0,1545.0,1710250.0,1.71025,3218.89501953125,0.4799783747607245,-0.5200216252392755,-0.08859782756328272,27.525475489949564,1.7815841741067677,-0.06193078324225865,-0.08579881656804733,31.252098746085075,19.339512094088953,33.6942886000344,"fund_low_adv20,fund_small_mcap",3,trend_break;macd_sell_like;di_bear,True,False,True,False,False,False,True,False,False,4760.T,,1545.0,8.796402,0.8399199,175.64,1839.461,1242241792.0,,1752127200.0,1752472800.0,True,,,False,1752127200.0,2025-07-10,-239.0
5,True,54.54545454545455,False,False,True,True,0.32288491580654594,1360.0,1360.0,8470765.0,8.470765,1531.0908203125,0.8882556031015979,-0.43029970801135853,0.0586466630890603,28.194287554082415,2.073109378976648,-0.027181688125894166,-0.027181688125894166,26.230345291584584,29.170317069242103,27.397254528146043,"fund_low_adv20,fund_small_mcap",1,macd_sell_like,False,False,True,False,False,False,False,False,False,4761.T,,1360.0,12.445095,0.72301006,109.28,1881.025,15230926848.0,,1747119600.0,1747119600.0,True,,,False,1747119600.0,2025-05-13,-281.0
6,True,49.06832298136646,False,False,True,False,0.24429066578392808,1547.0,1547.0,1490010.0,1.49001,1585.0,0.97602523659306,-0.14191877084074977,0.06765340693155131,28.08576001485957,1.8154983849295134,-0.01840101522842641,-0.023974763406940047,11.329977151800653,14.592697153012319,19.365185832497133,"fund_low_adv20,fund_small_mcap",0,,False,False,False,False,False,False,False,False,False,4762.T,,1547.0,11.912829,1.9847481,129.86,779.444,6466316288.0,,1753686000.0,1754031600.0,True,,,False,1753686000.0,2025-07-28,-227.0
3,False,47.2972972972973,True,False,True,True,0.321921382959697,1272.0,1272.0,52610470.0,52.61047,1545.7994384765625,0.8228751857055913,-0.2152927670905015,-0.09608437137823722,23.293018664281888,1.831212159141658,-0.026778882938025994,-0.13586956521739135,28.601063110546175,17.108303147234647,24.572605420686745,"fund_low_adv20,fund_small_mcap",2,trend_break;di_bear,True,False,False,False,False,False,True,False,False,4763.T,,1272.0,6.6170735,1.4088767,192.23,902.847,26934894592.0,,1751868000.0,1752213600.0,True,,,False,1751868000.0,2025-07-07,-242.0
2,False,24.285714285714278,False,False,True,True,0.39136345855417637,583.0,583.0,170030420.0,170.03042,641.614990234375,0.9086446059918837,-0.17823000829009583,-0.022156438976197346,10.763787078380542,1.8462756566690466,-0.06720000000000004,-0.06720000000000004,13.732672874089,17.516421586074294,21.065879169849744,fund_low_adv20,1,trend_break,True,False,False,False,False,False,False,False,False,4765.T,,583.0,20.637169,2.4666913,28.25,236.349,80490446848.0,,1745476200.0,1745476200.0,True,,,False,1745476200.0,2025-04-24,-294.0
0,False,15.625,False,False,True,False,0.46713102018619906,184.0,184.0,4366730.0,4.36673,293.5768737792969,0.6267523651686754,-0.3732476348313246,-0.27791935476813723,3.518413166617974,1.912181068814116,-0.16742081447963797,-0.21702127659574466,69.70855517338748,6.868672649659638,40.80931251164427,"fund_low_adv20,fund_small_mcap",3,trend_break;trailing_stop;di_bear,True,False,False,False,True,False,True,False,False,4766.T,,184.0,20.627802,4.39676,8.92,41.849,1978519296.0,,1754980200.0,1755498600.0,True,,,False,1754980200.0,2025-08-12,-216.0
4,False,45.45454545454545,True,False,True,False,0.49005837740858227,354.0,354.0,47184160.0,47.18416,394.0,0.8984771573604061,-0.11928934010152281,-0.042362577558899384,5.9120050662556105,1.670057928320794,-0.043243243243243246,-0.06100795755968169,29.680154200229097,14.131595893391028,22.486737903331942,"fund_low_adv20,fund_small_mcap",2,trend_break;di_bear,True,False,False,False,False,False,True,False,False,4767.T,,354.0,12.036722,1.4145797,29.41,250.251,14639063040.0,,1754452800.0,1754971200.0,True,,,False,1754452800.0,2025-08-06,-220.0
4,False,51.332149200710475,False,False,True,False,0.29658011936204143,2928.5,2928.5,5869437072.5,5869.4370725,3274.451171875,0.894348349168724,-0.22001644857402314,-0.039027508467021965,78.12074122462187,2.667602568708276,-0.04391119817172706,-0.07413847613025604,12.14926805999187,21.13152440716568,26.520230414420986,,2,trend_break;cross_sma25_down,True,True,False,False,False,False,False,False,False,4768.T,,2928.5,17.304852,2.830472,169.23,1034.633,1110490611712.0,1777530600.0,1785393000.0,1785393000.0,True,,,True,1785393000.0,2026-07-30,36.0
5,True,55.75757575757575,False,True,False,False,0.2804155629276117,1074.0,1074.0,1323680.0,1.32368,1095.0,0.9808219178082191,-0.09787621809736624,0.028763799312566007,23.09990426330013,2.1508290747951704,-0.009225092250922495,-0.009225092250922495,21.68080455951034,25.69189583381879,14.003574642177115,"fund_low_adv20,fund_small_mcap",1,natr_spike,False,False,False,False,False,False,False,False,True,4769.T,,1074.0,20.184175,1.2378405,53.21,867.64,7984075264.0,,1754547000.0,1754979000.0,True,,,False,1754547000.0,2025-08-07,-219.0
4,False,44.729344729344724,False,False,True,False,0.3296820402122537,2440.0,2440.0,81542840.0,81.54284,2982.573486328125,0.8180854591461911,-0.30999185453981093,0.00626339012903343,72.94598362122352,2.9895894926730953,-0.05682257441051408,-0.05682257441051408,34.33125235790581,19.873201678731327,14.94388292277028,fund_low_adv20,2,trend_break;macd_sell_like,True,False,True,False,False,False,False,False,False,4771.T,,2440.0,12.780891,2.3402514,190.91,1042.623,36093706240.0,,1747206000.0,1747206000.0,True,,,False,1747206000.0,2025-05-14,-280.0
0,False,11.999999999999986,False,False,False,True,0.2682390121426656,67.0,67.0,43219910.0,43.21991,126.58878326416016,0.5292728018420654,-0.4707271981579346,-0.3462147878094348,4.1670716165410955,6.219509875434471,-0.25555555555555554,-0.44166666666666665,29.555618042129243,11.656620468394559,34.733553774675826,"fund_low_adv20,fund_small_mcap",5,trend_break;macd_sell_like;trailing_stop;di_bear;natr_spike,True,False,True,False,True,False,True,False,True,4772.T,,67.0,20.679012,1.05775,3.24,63.342,7764958720.0,,1754280000.0,1754625600.0,True,,,False,1754280000.0,2025-08-04,-222.0
1,False,39.89637305699482,False,False,True,False,0.49864159155862425,2339.0,2339.0,1490206190.0,1490.20619,4092.935791015625,0.5714724392047201,-0.5199045134513574,-0.14666722416950906,94.15870145811631,4.02559647106098,-0.11968385397064363,-0.11968385397064363,24.655219442216044,22.61866385493157,24.954065284212078,,4,trend_break;macd_sell_like;trailing_stop;di_bear,True,False,True,False,True,False,True,False,False,4776.T,,2339.0,15.275601,6.1692247,153.12,379.14,107642060800.0,1786602600.0,1786602600.0,1786602600.0,True,,,True,1786602600.0,2026-08-13,46.0
2,False,46.51162790697675,False,False,False,False,0.11352084954608287,198.0,198.0,11886545.0,11.886545,267.0,0.7415730337078652,-0.27715355805243447,-0.0753280717321253,5.485475347648512,2.7704420947719757,-0.0875576036866359,-0.0875576036866359,15.77906345979806,16.867922733315062,20.787133978072905,"fund_neg_eps,fund_low_adv20,fund_small_mcap",3,trend_break;macd_sell_like;trailing_stop,True,False,True,False,True,False,False,False,False,4777.T,,198.0,-10.42654028436019,13.701474,-18.99,14.451,5548930048.0,,1746772200.0,1746772200.0,True,,,False,1746772200.0,2025-05-09,-283.0
3,False,53.778558875219694,True,True,False,False,0.5158061703651526,2446.0,2446.0,64527795.0,64.527795,3460.238037109375,0.7068877845303809,-0.33703982922620856,-0.11597303634888989,71.6720228435422,2.930172642826746,-0.006095083299471726,-0.173934401980681,32.066214363800356,19.444767571075623,17.722570211388774,"fund_low_adv20,fund_small_mcap",1,trend_break,True,False,False,False,False,False,False,False,False,4783.T,,2446.0,10.742205,2.3558214,227.7,1038.279,19623319552.0,,1747117800.0,1747117800.0,True,,,False,1747117800.0,2025-05-13,-281.0
0,False,15.0,False,False,False,True,0.3050187724064659,456.0,456.0,981670210.0,981.67021,2985.39111328125,0.15274380565124995,-0.8510930691364547,-0.4631309320868521,26.49784499010865,5.810930918883476,-0.30168453292496167,-0.4285714285714286,36.71570600687779,12.792671033265979,38.69263221169233,,3,trend_break;trailing_stop;di_bear,True,False,False,False,True,False,True,False,False,4784.T,,456.0,22.485207,9.008475,20.28,50.619,138736648192.0,,1754461860.0,1754980260.0,True,,,True,1754461860.0,2025-08-06,-220.0
5,False,53.10344827586208,True,False,True,True,0.5352179238887096,1659.0,1659.0,41756790.0,41.75679,1820.599365234375,0.9112383710989751,-0.33754576225896515,-0.020569566706256093,25.04591597426844,1.5096995765080434,0.0,-0.0030048076923077094,12.069588557782215,22.36087247626097,19.118907399357862,fund_low_adv20,1,trend_break,True,False,False,False,False,False,False,False,False,4792.T,,1659.0,10.961348,1.602801,151.35,1035.063,31860770816.0,,1754287200.0,1754632800.0,True,,,False,1754287200.0,2025-08-04,-222.0
4,True,88.37837837837837,False,False,True,False,0.35320741648087567,1329.0,1329.0,283116995.0,283.116995,1332.0,0.9977477477477478,-0.18576104746317512,0.5392436356483079,38.31912022776339,2.8833047575442734,-0.0022522522522522292,-0.0022522522522522292,41.354223961132696,45.58502435789181,13.374564992536431,fund_small_mcap,1,rsi_reversal;ext_dev200,False,False,False,True,False,True,False,False,False,4800.T,,1329.0,27.32319,2.9397647,48.64,452.077,17061270528.0,,1754287200.0,1754632800.0,True,,,False,1754287200.0,2025-08-04,-222.0
3,False,46.95863746958637,False,False,False,False,0.48048016234807567,2282.0,2282.0,35102085.0,35.102085,2570.771484375,0.8876712745064521,-0.1274992687476021,-0.056864033003091174,36.57413824888346,1.6027229732201338,-0.03264094955489616,-0.06980008369445845,21.360434103215017,23.508230780092376,17.002598615834525,"fund_low_adv20,fund_small_mcap",1,trend_break,True,False,False,False,False,False,False,False,False,4801.T,,2282.0,19.904055,0.9604975,114.65,2375.852,25559799808.0,,1754377200.0,1754982000.0,True,,,False,1754377200.0,2025-08-05,-221.0
5,False,52.857142857142854,True,False,True,False,0.47172296516753687,1970.0,1970.0,44823865.0,44.823865,2111.0,0.9332070108953103,-0.11129793064258187,-0.016550126547893784,28.854274358794974,1.4646839776038059,-0.005050505050505083,-0.06679298910468967,32.02326028394717,14.528355586706992,21.2028801486725,"fund_low_adv20,fund_small_mcap",2,trend_break;di_bear,True,False,False,False,False,False,True,False,False,4809.T,,1970.0,10.078273,0.9626727,195.47,2046.386,19880153088.0,,1754373600.0,1754978400.0,True,,,False,1754373600.0,2025-08-05,-221.0
1,False,50.4823151125402,False,False,True,False,0.5433081112527752,720.0,720.0,20613030.0,20.61303,1549.5550537109375,0.464649512307236,-0.5398679135068621,-0.3423783950939424,37.29552040968077,5.17993339023344,-0.09433962264150941,-0.13669064748201443,14.50954145998221,18.566590382426128,14.914416444718617,"fund_low_adv20,fund_small_mcap",3,trend_break;macd_sell_like;trailing_stop,True,False,True,False,True,False,False,False,False,4811.T,,720.0,11.505273,2.864771,62.58,251.329,8625995776.0,,1747292400.0,1747292400.0,True,,,False,1747292400.0,2025-05-15,-279.0
2,False,46.411483253588514,False,False,False,False,0.5660179639097295,2106.0,2106.0,833228445.0,833.228445,2752.0,0.7652616279069767,-0.3535610465116279,-0.0643110952397965,56.53000472772137,2.6842357420570453,-0.04619565217391308,-0.05433318365514139,12.664446338938424,19.94775647523275,26.351253955222226,,2,trend_break;macd_sell_like,True,False,True,False,False,False,False,False,False,4812.T,,2106.0,25.110289,4.073635,83.87,516.983,411046379520.0,1777357800.0,1785306600.0,1785306600.0,True,,,True,1785306600.0,2026-07-29,35.0
0,False,34.640522875816984,False,False,False,False,0.33224345174030107,458.0,458.0,98006895.0,98.006895,869.0,0.5270425776754891,-0.6635514018691588,-0.21580713649750016,20.130930695696083,4.395399715217485,-0.11923076923076925,-0.2576985413290114,20.42983713139978,14.891751129432812,28.940549315495893,"fund_neg_eps,fund_low_adv20,fund_small_mcap",4,trend_break;macd_sell_like;trailing_stop;di_bear,True,False,True,False,True,False,True,False,False,4813.T,,458.0,-5.057979017117614,2.529534,-90.55,181.061,17222766592.0,,1741932000.0,1742191200.0,True,,,False,1741932000.0,2025-03-14,-323.0
0,False,32.55813953488372,False,False,True,True,0.30099932769757065,152.0,152.0,28450895.0,28.450895,251.0,0.6055776892430279,-0.3944223107569721,-0.18398024373221677,7.087317143600224,4.66270864710541,-0.16022099447513816,-0.2761904761904762,20.09410076331265,13.588812133253164,28.14677466243383,"fund_neg_eps,fund_low_adv20,fund_small_mcap",4,trend_break;macd_sell_like;trailing_stop;di_bear,True,False,True,False,True,False,True,False,False,4814.T,,152.0,-4.176971695520748,2.541296,-36.39,59.812,1931388416.0,,1747290660.0,1747290660.0,True,,,False,1747290660.0,2025-05-15,-279.0
0,False,32.26837060702876,False,False,True,False,0.32331835267168363,2401.0,2401.0,1148216345.0,1148.216345,3475.859375,0.6907644242655818,-0.38134426765081697,-0.11832791441793089,86.32020489160425,3.595177213311297,-0.12944162436548223,-0.16718695802983008,18.211495154542927,16.62093597879237,21.533629768104227,,2,trend_break;trailing_stop,True,False,False,False,True,False,False,False,False,4816.T,,2401.0,19.590405,2.8680916,122.56,837.142,490555441152.0,1778653800.0,1785306600.0,1785306600.0,True,,,True,1785306600.0,2026-07-29,35.0
0,False,21.146245059288546,False,False,True,True,0.460403581877663,1873.0,1873.0,938341900.0,938.3419,5031.17333984375,0.372278964266051,-0.6328155427057652,-0.30636962871024487,104.79347908317823,5.594953501504444,-0.32431457431457433,-0.32601655271680463,28.721445533146465,12.092083785295427,30.35696131897414,,3,trend_break;trailing_stop;di_bear,True,False,False,False,True,False,True,False,False,4819.T,,1873.0,68.03487,1.137861,27.53,1646.071,86018023424.0,1778740200.0,1786602600.0,1786602600.0,True,,,True,1786602600.0,2026-08-13,46.0
2,False,38.27160493827161,True,False,False,False,0.4645745874010469,496.0,496.0,119011690.0,119.01169,811.3760375976562,0.6113071831262974,-0.40348250678804853,-0.30366098945364384,14.85206081566487,2.994367099932434,-0.2237871674491393,-0.28530259365994237,57.163742989158514,9.81120536835302,37.239727141312926,fund_low_adv20,3,trend_break;trailing_stop;di_bear,True,False,False,False,True,False,True,False,False,4820.T,,496.0,14.03906,2.266817,35.33,218.809,34333620224.0,,1754550000.0,1754895600.0,True,,,False,1754550000.0,2025-08-07,-219.0
4,False,52.37684953645768,False,False,True,False,0.509647566284939,2089.0,2089.0,540828185.0,540.828185,2316.7275390625,0.9017029256903237,-0.2339756100439695,0.03502068309727968,51.70653234587419,2.4751810601184387,-0.021545667447306793,-0.021545667447306793,12.82208540804561,22.27484710545489,21.4153623047143,,2,trend_break;macd_sell_like,True,False,True,False,False,False,False,False,False,4825.T,,2089.0,25.616186,4.068588,81.55,513.446,92780609536.0,,1751868000.0,1752213600.0,True,,,True,1751868000.0,2025-07-07,-242.0
3,False,60.747663551401864,False,False,True,False,0.23317414091341643,500.0,500.0,163903185.0,163.903185,574.0,0.8710801393728222,-0.17770034843205573,-0.006029771393375238,14.503816751515068,2.9007633503030137,-0.04761904761904767,-0.049429657794676785,19.734034184367573,22.743256708523933,24.1579732125736,"fund_low_adv20,fund_small_mcap",1,trend_break,True,False,False,False,False,False,False,False,False,4826.T,,500.0,15.817779,1.8950088,31.61,263.851,28062783488.0,,1754370000.0,1754974800.0,True,,,False,1754370000.0,2025-08-05,-221.0
1,False,34.23180592991915,False,False,True,False,0.5131363821029852,1050.0,1050.0,197392775.0,197.392775,1721.43359375,0.6099567266563343,-0.41502245357816314,-0.19317201897993597,47.800558743295916,4.552434166028182,-0.1329479768786127,-0.2152466367713004,19.515026002107373,20.110392904574727,26.777959315241382,fund_low_adv20,2,trend_break;trailing_stop,True,False,False,False,True,False,False,False,False,4828.T,,1050.0,12.833048,3.8969283,81.82,269.443,62628990976.0,,1753941600.0,1754287200.0,True,,,False,1753941600.0,2025-07-31,-224.0
0,False,23.77359632757195,False,False,True,True,0.5159390242498538,101.0,101.0,30385885.0,30.385885,133.3947296142578,0.7571513529212527,-0.24284864707874732,-0.11217108352332028,3.3501719104995455,3.317001891583708,-0.10577816337309376,-0.20207896411026371,29.955815666685268,13.074962389551434,27.86683879437637,"fund_low_adv20,fund_small_mcap",3,trend_break;trailing_stop;di_bear,True,False,False,False,True,False,True,False,False,4829.T,,101.0,118.823524,0.83038723,0.85,121.63,3892024832.0,,1752130800.0,1752476400.0,True,,,False,1752130800.0,2025-07-10,-239.0
1,False,49.17491749174917,False,True,False,True,0.5281049580498682,1896.0,1896.0,25389565.0,25.389565,2421.220703125,0.783076072971327,-0.23137944525335474,-0.08928702869326599,54.095524476723874,2.8531394766204574,-0.03951367781155013,-0.10692416391898252,17.274757009923967,17.175615801936093,14.124385408027907,fund_low_adv20,2,trend_break;vol_distribution,True,False,False,False,False,False,False,True,False,4832.T,,1896.0,13.956569,1.6790856,135.85,1129.186,59552747520.0,,1753336800.0,1753682400.0,True,,,False,1753336800.0,2025-07-24,-229.0
1,False,36.0,False,False,True,False,0.4465352269802492,45.0,45.0,51032775.0,51.032775,386.0,0.11658031088082901,-0.883419689119171,-0.5283018867924529,3.5150736774610456,7.811274838802324,-0.23728813559322037,-0.4,33.65627887406102,12.339028970331386,29.145828206817864,"fund_neg_eps,fund_low_adv20,fund_small_mcap",3,trend_break;trailing_stop;di_bear,True,False,False,False,True,False,True,False,False,4833.T,,45.0,-1.1034820990681706,0.99223846,-40.78,45.352,3267090688.0,,1747292400.0,1747292400.0,True,,,False,1747292400.0,2025-05-15,-279.0
1,False,21.58273381294964,False,False,True,False,0.6283649289078931,635.0,635.0,58488375.0,58.488375,916.025390625,0.6932122258824532,-0.31770450208419954,-0.18667571305546204,23.18299394868509,3.6508651887693055,-0.1589403973509934,-0.21651282599675126,33.57955508381874,12.40148426658913,38.42043372760496,"fund_low_adv20,fund_small_mcap",3,trend_break;trailing_stop;di_bear,True,False,False,False,True,False,True,False,False,4838.T,,635.0,8.67842,1.1706969,73.17,542.412,10313726976.0,,1747204200.0,1747204200.0,True,,,False,1747204200.0,2025-05-14,-280.0
2,False,39.56043956043957,True,False,True,True,0.5868008160285043,1004.0,1004.0,185244215.0,185.244215,1784.7188720703125,0.5625535851679196,-0.44192891351867736,-0.25826186412658503,32.21991715911413,3.209155095529296,-0.17161716171617158,-0.23533891850723532,18.77621543932358,25.56167998546638,19.48097880904271,"fund_low_adv20,fund_small_mcap",2,trend_break;trailing_stop,True,False,False,False,True,False,False,False,False,4839.T,,1004.0,21.911829,0.4091068,45.82,2454.127,28450910208.0,,1753763400.0,1754281800.0,True,,,False,1753763400.0,2025-07-29,-226.0
5,True,47.16599190283401,False,False,True,True,0.39385139264079266,800.0,800.0,42254745.0,42.254745,1100.0,0.7272727272727273,-0.3563636363636363,0.4074719165369154,64.67265881405218,8.084082351756523,-0.1820040899795501,-0.2727272727272727,24.607093070241504,27.082936101779982,16.571393703344402,"fund_neg_eps,fund_low_adv20,fund_small_mcap",1,trailing_stop;ext_dev200,False,False,False,False,True,True,False,False,False,4840.T,,800.0,-14.760147601476014,1.3636054,-54.2,586.68,6913121792.0,,1754978400.0,1755496800.0,True,,,False,1754978400.0,2025-08-12,-216.0
1,False,51.06382978723405,False,False,True,False,0.46243735871297287,332.0,332.0,14936835.0,14.936835,427.52423095703125,0.7765641710103866,-0.4183303556132517,-0.1152659148896733,5.345946108259147,1.6102247314033578,-0.02639296187683282,-0.07262569832402233,24.717348110736378,11.626229176807838,16.61426252434887,"fund_low_adv20,fund_small_mcap",2,trend_break;di_bear,True,False,False,False,False,False,True,False,False,4845.T,,332.0,8.850973,1.23815,37.51,268.142,5683456000.0,,1754978400.0,1755496800.0,True,,,False,1754978400.0,2025-08-12,-216.0
2,False,52.88461538461538,False,False,True,False,0.240577746984634,922.0,922.0,75414335.0,75.414335,1108.0872802734375,0.8320644198464966,-0.23551300494711958,-0.06463334705795531,19.753804547665013,2.142495070245663,-0.026399155227032733,-0.15799086757990866,13.503089297814501,22.74475153520497,29.522592169795164,"fund_low_adv20,fund_small_mcap",1,trend_break,True,False,False,False,False,False,False,False,False,4847.T,,922.0,17.934254,2.488556,51.41,370.496,24141701120.0,,1754375400.0,1754980200.0,True,,,False,1754375400.0,2025-08-05,-221.0
2,False,52.44755244755245,False,False,True,False,0.4090521282322864,1536.0,1536.0,243264415.0,243.264415,1786.8428955078125,0.8596167037748866,-0.15773233126223674,-0.07855779619003733,27.593933516085087,1.796480046620123,-0.008392511297611316,-0.11774842044801836,33.90246579731264,17.06262094340218,23.22870259656529,,3,trend_break;cross_sma25_down;di_bear,True,True,False,False,False,False,True,False,False,4848.T,,1536.0,11.274221,1.7277277,136.24,889.029,53470584832.0,,1754546700.0,1754978700.0,True,,,True,1754546700.0,2025-08-07,-219.0
2,False,46.829268292682926,False,False,True,False,0.4831444681443072,1222.0,1222.0,244481075.0,244.481075,1762.2392578125,0.6934359194317865,-0.41879390689683504,-0.11861311583777256,37.12405427720888,3.0379749817683206,-0.03930817610062898,-0.03930817610062898,23.485737095395287,24.623877639697056,18.63562042126647,,1,trend_break,True,False,False,False,False,False,False,False,False,4849.T,,1222.0,18.782663,1.4576025,65.06,838.363,46133301248.0,1778740200.0,1785997800.0,1785997800.0,True,,,True,1785997800.0,2026-08-06,41.0
1,False,34.883720930232556,False,False,True,True,0.3940595029475546,204.0,204.0,9939015.0,9.939015,295.0,0.6915254237288135,-0.49283667621776506,-0.07865320777725082,7.559919255057812,3.7058427720871623,-0.09734513274336287,-0.13191489361702124,14.913667048500354,12.819099621914749,24.581252017896283,"fund_neg_eps,fund_low_adv20,fund_small_mcap",3,trend_break;macd_sell_like;trailing_stop,True,False,True,False,True,False,False,False,False,4875.T,,204.0,-5.532953620829943,1.5899776,-36.87,128.3037,10041135104.0,,1786602600.0,1786602600.0,True,,,False,1786602600.0,2026-08-13,46.0
1,False,36.76470588235295,False,False,False,False,0.28835612428190693,315.0,315.0,20994365.0,20.994365,728.6838989257812,0.43228620868989964,-0.6293959039032535,-0.3050331991183053,13.425332658757352,4.262010367859477,-0.1416893732970027,-0.24096385542168675,25.624498583271315,15.040031304672036,29.14931978072493,"fund_low_adv20,fund_small_mcap",4,trend_break;macd_sell_like;trailing_stop;di_bear,True,False,True,False,True,False,True,False,False,4880.T,,315.0,583.3333,1.0494998,0.54,300.143,6245373440.0,,1749708000.0,1749708000.0,True,,,False,1749708000.0,2025-06-12,-259.0
3,False,55.0,True,True,False,True,0.4563157389687757,63.0,63.0,84068720.0,84.06872,122.0,0.5163934426229508,-0.5593220338983051,-0.30050519069560866,4.125621096015573,6.548604914310434,-0.07352941176470584,-0.48360655737704916,34.767293219284305,47.4145476719261,15.094272280965706,"fund_neg_eps,fund_low_adv20,fund_small_mcap",1,trend_break,True,False,False,False,False,False,False,False,False,4881.T,,63.0,-1.254980079681275,1.6400698,-50.2,38.413,2825341440.0,,1754461800.0,1754548200.0,True,,,False,1754461800.0,2025-08-06,-220.0
1,False,17.948717948717942,True,False,True,True,0.26249726426624587,146.0,146.0,50645045.0,50.645045,466.0,0.3133047210300429,-0.8084112149532711,-0.44505682466076246,7.969266082016181,5.458401426038479,-0.22751322751322756,-0.4729241877256317,46.4719092635147,10.12767238169002,35.314810622053606,"fund_neg_eps,fund_low_adv20,fund_small_mcap",3,trend_break;trailing_stop;di_bear,True,False,False,False,True,False,True,False,False,4882.T,,146.0,-3.030932115424538,1.844832,-48.17,79.14,2481928448.0,,1755151500.0,1755497100.0,True,,,False,1755151500.0,2025-08-14,-214.0
0,False,9.375,False,False,True,False,0.2233349963756799,33.0,33.0,123155780.0,123.15578,106.0,0.3113207547169811,-0.6886792452830188,-0.49622166246851385,4.5790678730091425,13.875963251542856,-0.5147058823529411,-0.5875,35.0437280595916,11.29791933931687,32.73515802547913,"fund_neg_eps,fund_low_adv20,fund_small_mcap",4,trend_break;trailing_stop;di_bear;natr_spike,True,False,False,False,True,False,True,False,True,4883.T,,33.0,-1.1844938980617372,1.0485178,-27.86,31.473,3179023104.0,,1754375400.0,1754980200.0,True,,,False,1754375400.0,2025-08-05,-221.0
0,False,15.384615384615387,False,False,True,True,0.48652877182678667,309.0,309.0,75571410.0,75.57141,1020.0,0.3029411764705882,-0.7077519379844961,-0.2778433457587903,22.40032052911645,7.249294669616973,-0.29772727272727273,-0.44524236983842014,26.93274345032858,12.078958334573002,36.324779644081474,"fund_neg_eps,fund_low_adv20,fund_small_mcap",3,trend_break;trailing_stop;di_bear,True,False,False,False,True,False,True,False,False,4884.T,,309.0,-2.374366067312126,2.4129503,-130.14,128.059,2496107264.0,,1747032000.0,1747032000.0,True,,,False,1747032000.0,2025-05-12,-282.0
4,True,50.77534690350411,False,False,True,False,0.5473119492836938,942.0,942.0,56221180.0,56.22118,1330.5755615234375,0.7079643029979151,-0.34995776636581866,0.0674573469173767,38.219470464674316,4.057268626823176,-0.1405109489051095,-0.1571853535739105,9.576333399679946,22.444779515324427,27.849906064142676,"fund_low_adv20,fund_small_mcap",2,macd_sell_like;trailing_stop,False,False,True,False,True,False,False,False,False,4885.T,,942.0,10.504014,,89.68,,3791619584.0,,1744614000.0,1744614000.0,True,,,False,1744614000.0,2025-04-14,-302.0
5,True,35.678391959799,False,False,True,False,0.48115509006920043,2445.0,2445.0,306825110.0,306.82511,2995.0,0.8163606010016694,-0.2407630782148008,0.047749629847966935,117.48670719755349,4.805182298468445,-0.1836393989983306,-0.1836393989983306,26.12911866873664,12.312935560893742,30.93041165885268,,3,macd_sell_like;trailing_stop;di_bear,False,False,True,False,True,False,True,False,False,4886.T,,2445.0,12.800377,0.98676085,191.01,2477.804,69428502528.0,,1747047540.0,1747047540.0,True,,,True,1747047540.0,2025-05-12,-282.0
2,False,41.41876430205949,True,False,True,False,0.568847467856335,1720.0,1720.0,1131603665.0,1131.603665,2395.795654296875,0.7179243342040331,-0.29543239759511164,-0.1702490905312023,50.42374703201214,2.9316131995355894,-0.17406962785114044,-0.2524989135158626,48.30062382286468,10.360712196137833,33.59861288963296,,3,trend_break;trailing_stop;di_bear,True,False,False,False,True,False,True,False,False,4887.T,,1720.0,17.282959,1.1122622,99.52,1546.398,198635290624.0,1786343400.0,1786343400.0,1786343400.0,True,,,True,1786343400.0,2026-08-10,43.0
0,False,19.64285714285714,False,False,True,True,0.5928549946316406,305.0,305.0,313051750.0,313.05175,881.0,0.34619750283768447,-0.659477866061294,-0.22113407985290934,36.73325664859792,12.043690704458335,-0.3146067415730337,-0.6538024971623155,30.142494317730385,18.417453700589853,36.515642719153064,"fund_neg_eps,fund_small_mcap",3,trend_break;trailing_stop;di_bear,True,False,False,False,True,False,True,False,False,4888.T,,305.0,-13.28397212543554,4.2772202,-22.96,71.308,10376097792.0,,1746766800.0,1746766800.0,True,,,False,1746766800.0,2025-05-09,-283.0
2,False,56.18860510805501,True,False,True,False,0.3587804420956245,1709.0,1709.0,1320830540.0,1320.83054,3140.0,0.5442675159235669,-0.6429936305732484,-0.029382615782613475,141.5255048732339,8.28118811429104,-0.1028871391076116,-0.16060903732809428,21.085434712322925,29.92696210045332,16.920276929296875,"fund_neg_eps,fund_small_mcap",2,trend_break;trailing_stop,True,False,False,False,True,False,False,False,False,4889.T,,1709.0,-73.09666381522669,6.855882,-23.38,249.275,23544705024.0,,1747204200.0,1747204200.0,True,,,False,1747204200.0,2025-05-14,-280.0
0,False,28.089887640449433,False,False,True,True,0.30055637018271536,220.0,220.0,18340495.0,18.340495,425.0,0.5176470588235295,-0.48235294117647054,-0.32262881598596005,13.043401315631321,5.928818779832419,-0.23344947735191635,-0.48235294117647054,32.725046989538626,10.377498057623836,32.54765909987171,"fund_neg_eps,fund_low_adv20,fund_small_mcap",3,trend_break;trailing_stop;di_bear,True,False,False,False,True,False,True,False,False,4890.T,,220.0,-7.439972945552925,6.575408,-29.57,33.458,5674745856.0,,1747047540.0,1747047540.0,True,,,False,1747047540.0,2025-05-12,-282.0
0,False,22.85714285714286,False,True,False,True,0.2583030788985685,118.0,118.0,40418885.0,40.418885,177.0,0.6666666666666666,-0.5353159851301115,-0.18384285516668974,4.773909180653658,4.04568574631666,-0.18620689655172418,-0.2185430463576159,31.821614953226685,10.67263596703477,36.29677017156012,"fund_neg_eps,fund_low_adv20,fund_small_mcap",3,trend_break;trailing_stop;di_bear,True,False,False,False,True,False,True,False,False,4891.T,,118.0,-7.544757033248081,2.081202,-15.64,56.698,5376759296.0,,1744353000.0,1744353000.0,True,,,False,1744353000.0,2025-04-11,-303.0
0,False,30.890052356020945,False,False,True,True,0.4135330257595211,544.0,544.0,33588110.0,33.58811,966.0,0.5631469979296067,-0.6083333333333334,-0.11870722125470812,22.75869849298669,4.183584281799024,-0.15396578538102645,-0.2813738441215323,27.27188419134733,14.300896243172053,29.8114544275141,"fund_neg_eps,fund_low_adv20,fund_small_mcap",3,trend_break;trailing_stop;di_bear,True,False,False,False,True,False,True,False,False,4892.T,,544.0,-6.267281105990784,1.9687247,-86.8,276.321,5423897600.0,,1747290600.0,1747290600.0,True,,,False,1747290600.0,2025-05-15,-279.0
1,False,35.294117647058826,False,False,False,True,0.3136492610990172,119.0,119.0,34003190.0,34.00319,205.0,0.5804878048780487,-0.47756410256410253,-0.24119241192411922,6.2651806049849075,5.264857651247821,-0.17361111111111116,-0.41951219512195126,17.08785826312727,18.169831347077466,27.187093547615742,"fund_neg_eps,fund_low_adv20,fund_small_mcap",3,trend_break;macd_sell_like;trailing_stop,True,False,True,False,True,False,False,False,False,4893.T,,119.0,-6.492089470812876,1.3642877,-18.33,87.225,5152894976.0,,1747047540.0,1747047540.0,True,,,False,1747047540.0,2025-05-12,-282.0
0,False,19.200000000000003,False,False,True,True,0.4264034882246543,4015.0,4015.0,743653725.0,743.653725,11870.0,0.33824768323504634,-0.6617523167649537,-0.4137081317878981,286.0928473637991,7.125600183407201,-0.3677165354330708,-0.45448369565217395,46.654351591882254,8.201167089091605,36.837798907994056,fund_neg_eps,3,trend_break;trailing_stop;di_bear,True,False,False,False,True,False,True,False,False,4894.T,,4015.0,-32.21277278562259,6.9761662,-124.64,575.531,33153781760.0,,1747204200.0,1747204200.0,True,,,False,1747204200.0,2025-05-14,-280.0
0,False,26.19047619047619,False,False,True,True,0.3659327312273019,650.0,650.0,22209460.0,22.20946,898.0,0.7238307349665924,-0.43213296398891965,-0.07896787723350296,25.756160660137997,3.9624862554058455,-0.13907284768211925,-0.21307506053268765,18.32192480888019,17.10882200877727,34.38863432338813,"fund_neg_eps,fund_low_adv20,fund_small_mcap",3,trend_break;macd_sell_like;trailing_stop,True,False,True,False,True,False,False,False,False,4896.T,,650.0,-7.59434513377731,7.4415836,-85.59,87.347,7554690048.0,,1747276200.0,1747276200.0,True,,,False,1747276200.0,2025-05-15,-279.0
4,False,71.7536813922356,False,False,True,True,0.43870764333247586,3521.0,3521.0,19253263520.0,19253.26352,3726.19189453125,0.9449325476681971,-0.23807416985697816,0.07477761226483404,97.3426282907112,2.7646301701423233,-0.007609921082299853,-0.007609921082299853,26.73236416585663,30.220980159957655,14.776918775035735,,1,trend_break,True,False,False,False,False,False,False,False,False,4901.T,,3521.0,15.676061,1.1053289,224.61,3185.477,4214286974976.0,1778567400.0,1785997800.0,1785997800.0,True,,,True,1785997800.0,2026-08-06,41.0
3,False,55.824687564348274,False,False,True,True,0.5010749450884192,597.0,597.0,2515692670.5670166,2515.6926705670166,721.8002319335938,0.8270986535993861,-0.3909966374477162,0.029000861777680464,22.439999197675853,3.7587938354565917,-0.05835962145110407,-0.05835962145110407,19.568279806353416,25.31057849815779,23.154491927278812,,1,trend_break,True,False,False,False,False,False,False,False,False,4902.T,,597.0,9.1860285,0.54990655,64.99,1085.639,295027671040.0,1778740200.0,1785393000.0,1785393000.0,True,,,True,1785393000.0,2026-07-30,36.0
2,False,36.28169014084507,False,False,True,False,0.41337347557728404,2529.0,2529.0,12361568867.5,12361.5688675,3505.0,0.7215406562054208,-0.5588105975844331,-0.06677656428333556,118.01991932178231,4.6666634765433885,-0.1743388834476004,-0.27845934379457915,28.937448102540074,15.236966401708333,32.6043485520649,fund_neg_eps,3,trend_break;trailing_stop;di_bear,True,False,False,False,True,False,True,False,False,4911.T,,2529.0,-24.859923326452375,1.6653717,-101.73,1518.58,1010473893888.0,1785911400.0,1785911400.0,1785911400.0,True,,,False,1785911400.0,2026-08-05,40.0
4,False,64.6680942184154,True,False,True,False,0.40819601683165196,1679.0,1679.0,1900296435.0,1900.296435,1874.5,0.8957055214723927,-0.22094138938895014,0.03333934399342953,34.173949071343614,2.0353751680371417,0.0,-0.025253991291727118,14.179755843159146,33.30431803535656,18.750433576253545,,1,trend_break,True,False,False,False,False,False,False,False,False,4912.T,,1679.0,16.840523,1.437436,99.7,1168.052,464523264000.0,1778567400.0,1785997800.0,1785997800.0,True,,,True,1785997800.0,2026-08-06,41.0
2,False,40.44117647058823,True,False,True,False,0.4767035511029207,1104.0,1104.0,230084790.0,230.08479,1663.66357421875,0.663595703547476,-0.3538357053319414,-0.20404731158463885,26.933753691322448,2.4396516024748593,-0.09433962264150941,-0.1224165341812401,24.41581075126549,17.3573916509614,22.844190635798896,,3,trend_break;trailing_stop;di_bear,True,False,False,False,True,False,True,False,False,4914.T,,1104.0,11.292962,0.7015903,97.76,1573.568,107635638272.0,1778826600.0,1786084200.0,1786084200.0,True,,,True,1786084200.0,2026-08-07,42.0
1,False,38.23529411764706,False,False,True,False,0.483251035226368,258.0,258.0,8498060.0,8.49806,413.5909118652344,0.6238048095313744,-0.38103088666654317,-0.21796241396382532,7.689627683414558,2.9804758462847123,-0.13131313131313127,-0.33950080424212326,50.6340504998021,15.710933164866264,34.76400773810083,"fund_low_adv20,fund_small_mcap",3,trend_break;trailing_stop;di_bear,True,False,False,False,True,False,True,False,False,4918.T,,258.0,3.6023455,0.6028812,71.62,427.945,1621097344.0,,1747206000.0,1747206000.0,True,,,False,1747206000.0,2025-05-14,-280.0
7,True,44.403669724770644,False,False,True,False,0.37700968659384404,2598.0,2598.0,395849475.0,395.849475,2811.0,0.9242262540021344,-0.3408111041758719,0.025376238042544186,61.018019987495435,2.3486535791953593,-0.053206997084548124,-0.06981740064446829,15.984621588328789,19.351262965450996,24.807656223812444,,0,,False,False,False,False,False,False,False,False,False,4919.T,,2598.0,24.463278,1.6972117,106.2,1530.746,82565857280.0,1786343400.0,1786343400.0,1786343400.0,True,,,True,1786343400.0,2026-08-10,43.0
6,True,51.13122171945702,False,False,True,True,0.3499511999823738,1111.0,1111.0,930745.0,0.930745,1235.0,0.8995951417004049,-0.44034640168111316,0.00538408049138317,23.86841709020898,2.1483723753563435,-0.05847457627118646,-0.07339449541284404,28.182695596319707,23.444661679095447,27.128704592387365,"fund_low_adv20,fund_small_mcap",1,di_bear,False,False,False,False,False,False,True,False,False,4920.T,,1111.0,6.8580246,0.53253114,162.0,2086.263,2326189568.0,,1744358400.0,1744358400.0,True,,,False,1744358400.0,2025-04-11,-303.0
2,False,50.04508566275924,False,False,True,False,0.3909074220407678,5217.0,5217.0,1842855605.0,1842.855605,6262.0,0.8331204088150751,-0.49118951029081903,-0.07182604987776886,130.17685502555224,2.4952435312545953,-0.0693899393506957,-0.15623483745754485,14.02767150611519,24.285501086431744,28.90862366893188,,1,trend_break,True,False,False,False,False,False,False,False,False,4922.T,,5217.0,19.692736,1.0618596,264.92,4913.079,295992426496.0,1785997800.0,1785997800.0,1785997800.0,True,,,True,1785997800.0,2026-08-06,41.0
4,False,52.25806451612903,True,False,True,True,0.548829505170064,1130.0,1130.0,38699060.0,38.69906,1386.2855224609375,0.8151278951496379,-0.3172927885139949,-0.04636619479914528,24.392499818696425,2.1586283025395065,-0.02837489251934655,-0.1691099654546797,23.78760794563514,28.920644905634212,26.614023339203126,fund_low_adv20,1,trend_break,True,False,False,False,False,False,False,False,False,4923.T,,1130.0,25.08324,2.7614655,45.05,409.203,32924737536.0,,1753772400.0,1754290800.0,True,,,False,1753772400.0,2025-07-29,-226.0
5,True,59.57446808510638,False,False,True,True,0.4829763711402647,1705.0,1705.0,1734830.0,1.73483,1807.9111328125,0.943077327781922,-0.18297662900761502,0.00944012281136053,7.975874745535063,0.46779324020733504,-0.0017564402810303914,-0.03660223947821839,14.735050605713386,14.975836703373984,11.906638322353162,"fund_low_adv20,fund_small_mcap",0,,False,False,False,False,False,False,False,False,False,4925.T,,1705.0,8.479633,0.676114,201.07,2521.764,6447423488.0,,1746775800.0,1746775800.0,True,,,False,1746775800.0,2025-05-09,-283.0
3,False,33.33333333333333,False,False,True,False,0.6504749423165265,1200.0,1200.0,1911960.0,1.91196,1355.8814697265625,0.8850331144668576,-0.18917906833234077,-0.020936464103385233,14.704375632515257,1.225364636042938,-0.039231385108086436,-0.10447761194029848,29.943196778831133,22.347775168831976,10.528748178687824,"fund_low_adv20,fund_small_mcap",1,trend_break,True,False,False,False,False,False,False,False,False,4926.T,,1200.0,23.956877,0.8778989,50.09,1366.9,4992611840.0,,1754287200.0,1754632800.0,True,,,False,1754287200.0,2025-08-04,-222.0
5,False,48.405797101449274,True,False,True,False,0.3166792672531326,1266.5,1266.5,763519192.5,763.5191925,1408.0,0.8995028409090909,-0.18163101691772376,-0.031783514719121,19.99564907415179,1.578811612645226,-0.019357336430507188,-0.07216117216117213,14.017062512669945,23.51627898670814,18.926239592305162,,1,trend_break,True,False,False,False,False,False,False,False,False,4927.T,,1266.5,29.611877,1.7748487,42.77,713.582,280253726720.0,1778481000.0,1785911400.0,1785911400.0,True,,,True,1785911400.0,2026-08-05,40.0
4,False,50.0,True,False,True,False,0.49433459467930424,4340.0,4340.0,503216025.0,503.216025,4755.0,0.9127234490010515,-0.2488231757936099,-0.03546504667668893,72.87808048243336,1.6792184442956997,-0.011389521640091105,-0.05652173913043479,29.836912923247343,15.14815032607933,19.116449572293266,,2,trend_break;di_bear,True,False,False,False,False,False,True,False,False,4928.T,,4340.0,18.270607,3.0338087,237.54,1430.545,148237942784.0,1778653800.0,1785911400.0,1785911400.0,True,,,True,1785911400.0,2026-08-05,40.0
1,False,26.08695652173914,False,False,True,True,0.24048388844370175,727.0,727.0,2873115.0,2.873115,885.8117065429688,0.8207161800076469,-0.1792838199923531,-0.042846612935086625,4.013060062600928,0.5520027596424936,-0.01756756756756761,-0.09801488833746896,26.741680168978327,11.581124781767054,23.936520736360762,"fund_low_adv20,fund_small_mcap",2,trend_break;di_bear,True,False,False,False,False,False,True,False,False,4929.T,,727.0,40.63723,1.3785937,17.89,527.349,5816287232.0,,1752732000.0,1753164000.0,True,,,False,1752732000.0,2025-07-17,-234.0
2,False,47.706422018348626,True,False,True,False,0.4535589917847044,1925.0,1925.0,57130680.0,57.13068,2447.08056640625,0.7866516642020616,-0.2399105997839821,-0.0887707803394886,29.20082294598204,1.5169258673237425,-0.012820512820512775,-0.08507604562737647,41.64138284899673,15.89201966035464,24.167988293594544,fund_low_adv20,2,trend_break;di_bear,True,False,False,False,False,False,True,False,False,4931.T,,1925.0,12.583344,1.7548865,152.98,1096.937,40782221312.0,,1754287200.0,1754632800.0,True,,,False,1754287200.0,2025-08-04,-222.0
0,False,24.626865671641795,False,False,True,False,0.5636684928130798,622.0,622.0,23234050.0,23.23405,1141.1214599609375,0.5450778219711091,-0.46018016344983403,-0.3465424374762618,18.42621720425878,2.962414341520704,-0.13850415512465375,-0.266711471017006,44.211050237897275,12.676088096238963,34.451780019666806,"fund_low_adv20,fund_small_mcap",3,trend_break;trailing_stop;di_bear,True,False,False,False,True,False,True,False,False,4932.T,,622.0,11.095255,3.165781,56.06,196.476,5755499520.0,,1747290600.0,1747290600.0,True,,,False,1747290600.0,2025-05-15,-279.0
2,False,67.5,False,False,True,True,0.35000614245819833,1303.0,1303.0,128572605.0,128.572605,1728.9862060546875,0.7536208186260026,-0.502410492674404,1.208538804453596e-05,36.206290384983724,2.778686905984937,0.0,0.0,38.464059135740065,34.60035778850955,11.054577853561687,"fund_low_adv20,fund_small_mcap",1,trend_break,True,False,False,False,False,False,False,False,False,4933.T,,1303.0,10.962477,1.2481034,118.86,1043.984,23174283264.0,,1754634600.0,1754634600.0,True,,,False,1754634600.0,2025-08-08,-218.0
1,False,44.680851063829785,False,False,True,True,0.44160731365532147,616.0,616.0,8111250.0,8.11125,963.0,0.6396677050882659,-0.39252336448598135,-0.1343268899709803,13.020263642339508,2.1136791627174527,-0.020667726550079535,-0.19371727748691103,10.163277878875746,16.21611128937188,19.07805775862476,"fund_low_adv20,fund_small_mcap",2,trend_break;macd_sell_like,True,False,True,False,False,False,False,False,False,4934.T,,616.0,18.38806,0.76238376,33.5,807.992,5371753472.0,,1749708000.0,1749708000.0,True,,,False,1749708000.0,2025-06-12,-259.0
0,False,27.049180327868854,False,True,False,True,0.19294954335162132,195.0,195.0,81150155.0,81.150155,803.5285034179688,0.24267963011956464,-0.7573203698804354,-0.43221315973879104,16.033893987283463,8.222509737068442,-0.26415094339622647,-0.43804034582132567,32.59204589046891,9.619305793832982,32.868498368466454,"fund_low_adv20,fund_small_mcap",5,trend_break;macd_sell_like;trailing_stop;di_bear;vol_distribution,True,False,True,False,True,False,True,True,False,4935.T,,195.0,127.45098,4.510548,1.53,43.232,5854988288.0,,1747292400.0,1747292400.0,True,,,False,1747292400.0,2025-05-15,-279.0
2,False,68.42105263157895,True,False,True,True,0.21232537205256793,347.0,347.0,10262830.0,10.26283,528.2788696289062,0.6568500463472123,-0.612127117598498,-0.1204282093480119,8.09485759696648,2.3328119875984097,0.0,-0.04143646408839774,19.50309510762878,28.613020804595852,10.868169081145906,"fund_neg_eps,fund_low_adv20,fund_small_mcap",1,trend_break,True,False,False,False,False,False,False,False,False,4936.T,,347.0,-231.33333333333334,1.045039,-1.5,332.045,7936028672.0,,1749812340.0,1749812340.0,True,,,False,1749812340.0,2025-06-13,-258.0
6,True,36.88212927756655,False,False,True,True,0.3551005668870546,1567.0,1567.0,13892800.0,13.8928,1787.0,0.8768886401790711,-0.5015991471215352,0.11040642859420569,52.023991200129714,3.319973911941909,-0.04217603911980439,-0.04217603911980439,41.552804251877994,29.117810194556036,19.656622442301988,"fund_low_adv20,fund_small_mcap",0,,False,False,False,False,False,False,False,False,False,4937.T,,1567.0,23.36365,2.4703777,67.07,634.316,5583291392.0,,1747204200.0,1747204200.0,True,,,False,1747204200.0,2025-05-14,-280.0
4,False,54.41176470588235,True,False,True,True,0.2929123907351183,1462.0,1462.0,42433145.0,42.433145,1589.117431640625,0.9200075280091873,-0.09887087543833373,-0.03398912839079471,15.751114041729169,1.077367581513623,-0.0054421768707483276,-0.02885468348978104,11.6453402106043,25.247523984579274,17.471017615903946,fund_low_adv20,1,trend_break,True,False,False,False,False,False,False,False,False,4951.T,,1462.0,18.88889,0.9073053,77.4,1611.365,30511779840.0,,1754289000.0,1754634600.0,True,,,False,1754289000.0,2025-08-04,-222.0
6,True,50.0,False,False,True,False,0.33601521832129233,1419.0,1419.0,167428675.0,167.428675,1468.0,0.9666212534059946,-0.19934129818389312,0.07129938831042626,37.03344609344531,2.6098270678960755,-0.033378746594005415,-0.033378746594005415,9.115575391530266,23.459843198677692,23.339274504051964,fund_low_adv20,0,,False,False,False,False,False,False,False,False,False,4956.T,,1419.0,11.35836,1.001357,124.93,1417.077,88574042112.0,,1753682400.0,1754028000.0,True,,,False,1753682400.0,2025-07-28,-227.0
5,True,47.31182795698925,False,False,False,False,0.4261787922229714,3105.0,3105.0,231765600.0,231.7656,3140.0,0.9888535031847133,-0.1989825519432702,0.09546429530968958,60.485319591516706,1.9479974103548052,-0.011146496815286677,-0.011146496815286677,14.110357866444541,22.03653131522851,25.092978492805106,,0,,False,False,False,False,False,False,False,False,False,4958.T,,3105.0,17.337652,0.95285445,179.09,3258.63,126038818816.0,,1754287200.0,1754632800.0,True,,,True,1754287200.0,2025-08-04,-222.0
1,False,31.07142857142857,False,False,True,True,0.442524546867474,500.0,500.0,60913460.0,60.91346,1330.0,0.37593984962406013,-0.6240601503759399,-0.0020144463878801755,36.14574461210572,7.229148922421144,-0.2732558139534884,-0.36868686868686873,21.332288461281525,12.336050073862307,33.814126346115046,"fund_low_adv20,fund_small_mcap",4,trend_break;macd_sell_like;trailing_stop;di_bear,True,False,True,False,True,False,True,False,False,4960.T,,500.0,27.322405,2.2910979,18.3,218.236,8056505344.0,,1746772800.0,1746772800.0,True,,,False,1746772800.0,2025-05-09,-283.0
5,True,41.165755919854284,False,False,True,True,0.3484504898718624,22470.0,22470.0,1200792050.0,1200.79205,25680.0,0.875,-0.2907687554558195,0.3302494122949369,1107.9067141413207,4.930603979267115,-0.125,-0.125,23.0334226859441,19.45069498717648,31.599676526335703,,2,trailing_stop;ext_dev200;di_bear,False,False,False,False,True,True,True,False,False,4966.T,,22470.0,25.980783,3.0986245,864.87,7251.605,359892680704.0,,1754461800.0,1754980200.0,True,,,True,1754461800.0,2025-08-06,-220.0
4,True,31.698564593301427,False,False,False,False,0.32091104009893623,5536.0,5536.0,1143623045.0,1143.623045,6117.0,0.9050188000653915,-0.1918196721272839,0.007862294097907396,101.42887022419136,1.8321688985583697,-0.07145253270714524,-0.09498119993460852,17.785220166974305,11.722248929673672,28.637894719585628,,0,,False,False,False,False,False,False,False,False,False,4967.T,,5536.0,113.00265,1.9698894,48.99,2810.31,411539406848.0,1785997800.0,1785997800.0,1785997800.0,True,,,True,1785997800.0,2026-08-06,41.0
5,True,79.54971857410882,True,True,False,False,0.44768557522974006,1676.0,1676.0,181085260.0,181.08526,1676.0,1.0,-0.25300729931962396,0.36941987985109437,76.60537994926682,4.5707267272832235,0.0,0.0,37.19628519084567,38.314185218584484,8.075474030132765,fund_low_adv20,0,ext_dev200,False,False,False,False,False,True,False,False,False,4968.T,,1676.0,15.111351,0.53322387,110.91,3143.145,33249708032.0,,1753941600.0,1754287200.0,True,,,False,1753941600.0,2025-07-31,-224.0
3,True,34.4773790951638,False,False,False,False,0.3969648795361187,14160.0,14160.0,1181281750.0,1181.28175,18780.0,0.7539936102236422,-0.5767501509994439,0.5413162028610696,1074.683637865974,7.589573713742754,-0.2460063897763578,-0.2460063897763578,25.13010916993802,18.799858075548887,34.241891865644234,,3,macd_sell_like;trailing_stop;ext_dev200;di_bear,False,False,True,False,True,True,True,False,False,4970.T,,14160.0,41.74159,19.160225,339.23,739.031,112384212992.0,,1754546400.0,1754978400.0,True,,,True,1754546400.0,2025-08-07,-219.0
4,True,40.083507306889345,False,False,True,True,0.25753826164923044,9080.0,9080.0,3861672900.0,3861.6729,11540.0,0.7868284228769498,-0.4619711425776605,0.512304749804996,711.6322934957228,7.837360060525582,-0.21317157712305024,-0.21317157712305024,21.740150065713955,23.727558737795068,31.84375352214034,,3,macd_sell_like;trailing_stop;ext_dev200;di_bear,False,False,True,False,True,True,True,False,False,4971.T,,9080.0,33.345577,11.93341,272.3,760.889,165806571520.0,,1754460000.0,1754892000.0,True,,,True,1754460000.0,2025-08-06,-220.0
3,True,57.14285714285714,False,False,True,True,0.4187993089155972,3505.0,3505.0,276126975.0,276.126975,3565.0,0.9831697054698457,-0.1977539947215512,0.3062310367549528,118.73138881151641,3.387486128716588,-0.016830294530154277,-0.016830294530154277,15.11777641513339,19.820731982942753,20.078077630290895,,0,ext_dev200,False,False,False,False,False,True,False,False,False,4972.T,,3505.0,14.371233,1.4018537,243.89,2500.261,58166054912.0,,1747290780.0,1747290780.0,True,,,True,1747290780.0,2025-05-15,-279.0
5,True,44.751381215469614,False,False,True,True,0.5290747768123082,5100.0,5100.0,357224400.0,357.2244,5800.0,0.8793103448275862,-0.18563918968054893,0.27013836902750876,251.23623035503107,4.926200595196688,-0.12068965517241381,-0.12068965517241381,22.54474377875645,19.323040576176783,27.078086822612686,fund_small_mcap,3,macd_sell_like;trailing_stop;ext_dev200;di_bear,False,False,True,False,True,True,True,False,False,4973.T,,5100.0,16.492579,1.6383384,309.23,3112.91,29596121088.0,,1753336800.0,1753682400.0,True,,,False,1753336800.0,2025-07-24,-229.0
6,True,50.0,False,False,True,True,0.5434312163264383,1143.0,1143.0,355512345.0,355.512345,1150.0,0.9939130434782608,-0.33301019577350466,0.17207928711328035,1.6442148794640623,0.14385082060053037,-0.0008741258741258306,-0.006086956521739184,35.636150430120765,14.746121309908533,7.127276387847663,fund_neg_eps,0,,False,False,False,False,False,False,False,False,False,4974.T,,1143.0,-14.346680055227814,1.3276896,-79.67,860.894,137634676736.0,1778653800.0,1786084200.0,1786084200.0,True,,,False,1786084200.0,2026-08-07,42.0
4,True,33.536585365853654,False,False,True,True,0.414676881814327,6710.0,6710.0,810796400.0,810.7964,7710.0,0.8702983138780804,-0.22942867082711926,0.24164953618130625,317.50724275316435,4.731851605859379,-0.12970168612191957,-0.12970168612191957,16.336374584129082,16.87892961167283,30.26762828147206,,2,macd_sell_like;trailing_stop;ext_dev200,False,False,True,False,True,True,False,False,False,4975.T,,6710.0,18.33634,3.02744,365.94,2216.394,165198348288.0,,1754373600.0,1754978400.0,True,,,True,1754373600.0,2025-08-05,-221.0
2,False,35.840707964601776,False,False,True,False,0.50578434902448,1293.0,1293.0,1979130.0,1.97913,1595.0,0.8106583072100313,-0.20376175548589337,-0.08963651654227622,30.392475013664594,2.3505394442122656,-0.08943661971830985,-0.12160326086956519,18.06044756657796,24.93131676414816,27.204635016714647,"fund_low_adv20,fund_small_mcap",2,trend_break;trailing_stop,True,False,False,False,True,False,False,False,False,4976.T,,1293.0,8.131052,0.474845,159.02,2722.994,5135924224.0,,1747291500.0,1747291500.0,True,,,False,1747291500.0,2025-05-15,-279.0
5,True,61.184210526315795,True,False,True,True,0.47721583231178255,1254.0,1254.0,55695855.0,55.695855,1451.839599609375,0.8637317788668908,-0.20721269738772619,0.08560314739956287,30.143412319716948,2.4037808867397885,0.0,-0.06174270637582746,13.255675827619937,23.825792501570074,17.855757240353824,"fund_low_adv20,fund_small_mcap",0,,False,False,False,False,False,False,False,False,False,4977.T,,1254.0,6.9454446,0.9406943,180.55,1333.058,22839209984.0,,1754547000.0,1754979000.0,True,,,False,1754547000.0,2025-08-07,-219.0
1,False,30.0,True,False,True,False,0.36737034859084605,126.0,126.0,84655860.0,84.65586,226.0,0.5575221238938053,-0.4557522123893806,-0.25525312527706356,6.290152393480704,4.9921844392704005,-0.2544378698224852,-0.3114754098360656,47.80615267361541,8.233569000381216,33.68572395345449,"fund_neg_eps,fund_low_adv20,fund_small_mcap",3,trend_break;trailing_stop;di_bear,True,False,False,False,True,False,True,False,False,4978.T,,126.0,-20.19230769230769,1.3495855,-6.24,93.362,11973859328.0,,1754978400.0,1755496800.0,True,,,False,1754978400.0,2025-08-12,-216.0
5,True,22.5130890052356,False,False,True,True,0.45563760697394456,2608.0,2608.0,95338235.0,95.338235,3065.0,0.8508972267536705,-0.1938009787928222,0.08264497275203575,101.4723272529968,3.8908100940566257,-0.10684931506849316,-0.14910277324632948,16.077712060850065,14.236909526699144,23.05434495908355,"fund_low_adv20,fund_small_mcap",2,macd_sell_like;trailing_stop,False,False,True,False,True,False,False,False,False,4979.T,,2608.0,11.316497,1.3283412,230.46,1963.351,26306459648.0,,1754546400.0,1754978400.0,True,,,False,1754546400.0,2025-08-07,-219.0
5,True,40.67321178120618,False,False,True,False,0.45610663139912805,3686.0,3686.0,15310415845.0,15310.415845,4542.0,0.8115367679436372,-0.354271526501732,0.40919840453548706,301.84763747325644,8.189029774098113,-0.18846323205636284,-0.18846323205636284,33.341388937247835,28.473765500530156,24.850245526357163,,3,macd_sell_like;trailing_stop;ext_dev200;natr_spike,False,False,True,False,True,True,False,False,True,4980.T,,3686.0,23.046143,5.645806,159.94,652.874,617442377728.0,1785825000.0,1785825000.0,1785825000.0,True,,,True,1785825000.0,2026-08-04,39.0
4,False,52.597402597402585,True,False,True,False,0.4107932805366428,4685.0,4685.0,295180975.0,295.180975,5376.001953125,0.8714654572022004,-0.16488413070193841,-0.04742848223873719,80.58375538162672,1.7200374681243698,-0.00846560846560851,-0.043877551020408134,15.521410664077742,18.849196905009176,17.61262389974932,,1,trend_break,True,False,False,False,False,False,False,False,False,4985.T,,4685.0,19.52246,1.3391886,239.98,3498.387,102355517440.0,1778653800.0,1786084200.0,1786084200.0,True,,,True,1786084200.0,2026-08-07,42.0
4,False,46.51162790697675,True,False,True,True,0.41945817959215104,481.0,481.0,1951850.0,1.95185,571.6174926757812,0.841471799171865,-0.16377646568783477,-0.03696928910833752,10.883922166555442,2.2627696811965574,-0.08380952380952378,-0.11415966834762714,16.619771848414025,36.10519903836432,21.254242444001616,"fund_low_adv20,fund_small_mcap",2,trend_break;trailing_stop,True,False,False,False,True,False,False,False,False,4990.T,,481.0,8.1970005,0.5457481,58.68,881.359,5122936320.0,,1747285200.0,1747285200.0,True,,,False,1747285200.0,2025-05-15,-279.0
4,True,67.61452927761611,False,False,True,False,0.4122602629128979,1908.0,1908.0,167564910.0,167.56491,1964.0,0.9714867617107943,-0.22914291501965045,0.14433981935897777,67.42233225365342,3.53366521245563,-0.02851323828920571,-0.02851323828920571,16.703359593450998,34.201859950534526,17.600734642742907,fund_low_adv20,0,,False,False,False,False,False,False,False,False,False,4992.T,,1908.0,11.232119,0.8780092,169.87,2173.098,49188712448.0,,1751522400.0,1751868000.0,True,,,False,1751522400.0,2025-07-03,-244.0
2,False,43.96551724137931,True,False,True,False,0.5370600623131335,2182.0,2182.0,79419265.0,79.419265,2773.02490234375,0.7868663559983836,-0.2232309207971961,-0.14388319991838727,36.841362590239065,1.6884217502401038,-0.06512425021422452,-0.15936140424473266,45.2806494450653,15.435659595843717,32.94123826485809,"fund_low_adv20,fund_small_mcap",2,trend_break;di_bear,True,False,False,False,False,False,True,False,False,4994.T,,2182.0,8.698078,0.5131907,250.86,4251.831,13242701824.0,,1754287200.0,1754632800.0,True,,,False,1754287200.0,2025-08-04,-222.0
3,False,43.38842975206611,False,True,False,False,0.5145527831237581,734.0,734.0,428202280.0,428.20228,834.454345703125,0.8796167265226709,-0.20763094567610463,-0.0018393210705659468,24.379111516473152,3.32140483875656,-0.0613810741687979,-0.07948806799102259,15.100295810720375,25.24343092514719,19.2411432564357,,3,trend_break;macd_sell_like;vol_distribution,True,False,True,False,False,False,False,True,False,4996.T,,734.0,20.187017,0.59867,36.36,1226.051,88390017024.0,,1749189600.0,1749189600.0,True,,,True,1749189600.0,2025-06-06,-263.0
6,True,56.610169491525426,True,False,True,False,0.4845400401015693,1020.0,1020.0,170708270.0,170.70827,1066.40625,0.9564835164835165,-0.1613159410172571,0.052303923406912256,33.22704072023107,3.2575530117873592,-0.035004730368968784,-0.035004730368968784,14.461243192177355,27.939932236403624,21.48235971364526,fund_low_adv20,0,,False,False,False,False,False,False,False,False,False,4997.T,,1020.0,11.053316,1.4232869,92.28,716.651,79892094976.0,,1754456400.0,1754974800.0,True,,,False,1754456400.0,2025-08-06,-220.0
4,False,60.83916083916084,True,False,True,False,0.5174190177464036,1154.0,1154.0,21077825.0,21.077825,1230.835205078125,0.9375747421254107,-0.11694513201524703,0.011684810769075016,15.614130579938585,1.3530442443620958,-0.003454231433506094,-0.003454231433506094,10.696639363035237,21.689530463810787,19.724579770216376,"fund_low_adv20,fund_small_mcap",1,trend_break,True,False,False,False,False,False,False,False,False,4998.T,,1154.0,9.289222,0.7091636,124.23,1627.269,19016935424.0,,1747195200.0,1747195200.0,True,,,False,1747195200.0,2025-05-14,-280.0
4,True,39.583333333333336,False,False,True,True,0.4446305521327246,223.0,223.0,36051215.0,36.051215,320.0,0.696875,-0.4507462686567164,0.019731577382993803,9.892276519580593,4.435998439273808,-0.19784172661870503,-0.2566666666666667,21.269170940780704,18.696230932820317,31.660221850280895,"fund_low_adv20,fund_small_mcap",3,macd_sell_like;trailing_stop;di_bear,False,False,True,False,True,False,True,False,False,5010.T,,223.0,7.964286,0.65801316,28.0,338.899,4404083200.0,,1754978400.0,1755496800.0,True,,,False,1754978400.0,2025-08-12,-216.0
2,False,68.91025641025641,True,True,False,True,0.5333317663202184,2105.0,2105.0,106279615.0,106.279615,3002.864501953125,0.7009973305924608,-0.35195211148079397,-0.105073116046846,42.95461059320829,2.0405990780621512,0.0,-0.04708012675418738,26.527641637215055,33.66169290211495,22.277001479719292,fund_low_adv20,1,trend_break,True,False,False,False,False,False,False,False,False,5011.T,,2105.0,14.057699,0.7522029,149.74,2798.447,59898675200.0,,1754978400.0,1755496800.0,True,,,False,1754978400.0,2025-08-12,-216.0
5,True,41.83673469387755,False,False,True,True,0.44009424436009503,3155.0,3155.0,194151200.0,194.1512,3440.0,0.9171511627906976,-0.13383460054259577,0.16270900986474435,97.40123473347461,3.0872023687313663,-0.06656804733727806,-0.08284883720930236,11.542067364331452,21.671009382507986,29.351557960801205,fund_low_adv20,1,macd_sell_like,False,False,True,False,False,False,False,False,False,5013.T,,3155.0,8.716433,0.8620502,361.96,3659.88,40908738560.0,,1754287200.0,1754632800.0,True,,,False,1754287200.0,2025-08-04,-222.0
5,True,33.82352941176471,False,False,True,True,0.3856178265500345,997.0,997.0,11841710.0,11.84171,1030.0,0.9679611650485437,-0.11498602789104506,0.059760556704413714,10.663518134846349,1.0695604949695436,-0.0263671875,-0.03203883495145632,16.669458838451092,9.123710569922286,17.854690052501137,"fund_low_adv20,fund_small_mcap",0,,False,False,False,False,False,False,False,False,False,5015.T,,997.0,21.792349,3.2237515,45.75,309.267,22888841216.0,,1754978400.0,1755496800.0,True,,,False,1754978400.0,2025-08-12,-216.0
3,True,35.83509513742072,False,False,True,True,0.5074868954034468,3392.0,3392.0,85962280235.0,85962.280235,5720.0,0.593006993006993,,0.23486387098421457,272.14455082208855,8.023129446405912,-0.23723858781200813,-0.406993006993007,21.815153051965485,19.962446870334677,37.27074081763227,,3,macd_sell_like;trailing_stop;ext_dev200;di_bear,False,False,True,False,True,True,True,False,False,5016.T,,3392.0,30.100275,4.324115,112.69,784.438,3141419139072.0,1785997800.0,1785997800.0,1785997800.0,True,,,True,1785997800.0,2026-08-06,41.0
4,True,59.6469104665826,False,False,True,False,0.5690405495464153,1796.0,1796.0,57343170.0,57.34317,2180.0,0.8238532110091743,-0.2637614678899083,0.11695194140853693,67.37935035777089,3.7516342070028332,-0.12347486578818934,-0.12347486578818934,19.894139189748966,24.43045158264066,27.81300641478281,"fund_low_adv20,fund_small_mcap",2,macd_sell_like;trailing_stop,False,False,True,False,True,False,False,False,False,5018.T,,1796.0,10.808859,0.70202816,166.16,2558.302,16482214912.0,,1752130800.0,1752476400.0,True,,,False,1752130800.0,2025-07-10,-239.0
5,True,47.87234042553191,False,False,True,True,0.42725475398101304,1332.0,1332.0,7150715087.5,7150.7150875,1659.0,0.8028933092224232,-0.25396673924735946,0.0842201372286262,43.99775021805926,3.3031344007551997,-0.0672268907563025,-0.1971066907775768,18.06612777299393,20.467941987674745,27.879142698231234,,0,,False,False,False,False,False,False,False,False,False,5019.T,,1332.0,9.491912,0.84600437,140.33,1574.46,1613994262528.0,1786084200.0,1786084200.0,1786084200.0,True,,,True,1786084200.0,2026-08-07,42.0
3,True,31.59851301115242,False,False,True,True,0.4825652603742287,1208.5,1208.5,12421986935.0,12421.986935,1525.7022705078125,0.7920942528307077,-0.20790574716929233,0.047274955789695206,41.85031742492942,3.4629968907678466,-0.1280663780663781,-0.1927187708750835,20.234034651953305,17.542718771283344,33.396637626943736,,3,macd_sell_like;trailing_stop;di_bear,False,False,True,False,True,False,True,False,False,5020.T,,1208.5,12.583299,0.9646746,96.04,1252.754,3250735284224.0,1786084200.0,1786084200.0,1786084200.0,True,,,True,1786084200.0,2026-08-07,42.0
1,False,33.69863013698631,False,False,True,True,0.5797198761624246,3462.0,3462.0,2381675600.0,2381.6756,4843.03173828125,0.7148414850629564,-0.2851585149370436,-0.12728592434245256,107.72784877834366,3.111722957202301,-0.10473235065942588,-0.24673269119154895,41.796787448975586,14.418755064794691,31.660423444802678,,4,trend_break;macd_sell_like;trailing_stop;di_bear,True,False,True,False,True,False,True,False,False,5021.T,,3462.0,7.6422153,0.90681493,453.01,3817.758,549729304576.0,1778567400.0,1785997800.0,1785997800.0,True,,,True,1785997800.0,2026-08-06,41.0
3,False,,False,False,True,False,,1840.0,1840.0,0.0,0.0,1840.0,1.0,0.0,0.0,0.0,0.0,0.0,0.0,,,,"fund_low_adv20,fund_small_mcap",0,,False,False,False,False,False,False,False,False,False,5022.T,,1840.0,21.009363,389.83054,87.58,4.72,3508512000.0,,,,True,,,False,,,
2,False,35.21126760563381,False,True,False,True,0.3237358111581623,618.0,618.0,517355.0,0.517355,770.0,0.8025974025974026,-0.40518038852913973,-0.1152279576512023,10.912127521885049,1.76571642748949,-0.08444444444444443,-0.17709720372836213,22.595788664896666,19.364146577774218,48.31445690795105,"fund_low_adv20,fund_small_mcap",5,trend_break;macd_sell_like;trailing_stop;di_bear;vol_distribution,True,False,True,False,True,False,True,True,False,5025.T,,618.0,9.988687,1.4443841,61.87,427.864,1649688576.0,,1744612200.0,1744612200.0,True,,,False,1744612200.0,2025-04-14,-302.0
0,False,32.64248704663213,False,True,False,True,0.3611350523221504,556.0,556.0,16200990.0,16.20099,1435.0,0.38745644599303136,-0.6125435540069686,-0.28127302576300106,27.43920124138466,4.935108136939687,-0.13260530421216854,-0.17014925373134326,11.406706218019238,20.538702740930947,25.557815845138986,"fund_neg_eps,fund_low_adv20,fund_small_mcap",4,trend_break;macd_sell_like;trailing_stop;vol_distribution,True,False,True,False,True,False,False,True,False,5026.T,,556.0,-18.17587446878065,3.4141848,-30.59,162.85,4663783424.0,,1744628340.0,1744628340.0,True,,,False,1744628340.0,2025-04-14,-302.0
0,False,28.57142857142857,False,False,True,False,0.47853531472021765,434.0,434.0,243073710.0,243.07371,810.423095703125,0.5355227439853014,-0.6373368144926922,-0.25834533814303084,28.91935802586975,6.663446549739574,-0.19330855018587356,-0.19330855018587356,21.211033870571416,25.301786026141777,27.95033359559166,fund_small_mcap,4,trend_break;macd_sell_like;trailing_stop;di_bear,True,False,True,False,True,False,True,False,False,5027.T,,434.0,29.205923,1.4948094,14.86,290.338,26010488832.0,,1747204200.0,1747204200.0,True,,,False,1747204200.0,2025-05-14,-280.0
0,False,34.883720930232556,False,False,True,True,0.5397664439523188,345.0,345.0,7901055.0,7.901055,650.0,0.5307692307692308,-0.5,-0.18486928374818368,11.863092245770584,3.4385774625421988,-0.1309823677581864,-0.18439716312056742,8.50615736739179,22.012666425930387,22.99611727660813,"fund_low_adv20,fund_small_mcap",2,trend_break;trailing_stop,True,False,False,False,True,False,False,False,False,5028.T,,345.0,27.688604,2.7530622,12.46,125.315,3294419712.0,,1747209600.0,1747209600.0,True,,,False,1747209600.0,2025-05-14,-280.0
2,False,35.2,False,False,True,False,0.44504003984735796,667.0,667.0,13701990.0,13.70199,1719.0,0.38801628853984876,-0.6695753344968005,-0.25169686430695015,41.53320505741924,6.22686732495041,-0.19151515151515153,-0.19151515151515153,23.051872085996802,24.46464693065036,25.892343922121714,"fund_low_adv20,fund_small_mcap",4,trend_break;macd_sell_like;trailing_stop;di_bear,True,False,True,False,True,False,True,False,False,5029.T,,667.0,15.497211,2.2900345,43.04,291.262,2919995392.0,,1747133940.0,1747133940.0,True,,,False,1747133940.0,2025-05-13,-281.0
4,True,51.008878127522195,False,False,True,False,0.22347185099780412,462.0,462.0,656305365.0,656.305365,930.0,0.4967741935483871,-0.5408602150537634,0.4922721620181203,62.783539686393716,13.589510754630673,-0.5032258064516129,-0.5032258064516129,22.43364059184888,38.61834002001799,36.350412482730526,fund_small_mcap,3,macd_sell_like;trailing_stop;ext_dev200;natr_spike,False,False,True,False,True,True,False,False,True,5031.T,,462.0,63.374485,3.270287,7.29,141.272,6452292096.0,,1749639540.0,1749639540.0,True,,,False,1749639540.0,2025-06-11,-260.0
0,False,59.41499085923218,False,True,False,True,0.49942540334520497,2875.0,2875.0,2284979935.0,2284.979935,6615.1923828125,0.43460565220594105,-0.5877670909337038,-0.3502116167527235,102.71807894743414,3.572802745997709,-0.019440654843110527,-0.1888167477379209,13.262036382767834,20.898005433696465,20.679015368655378,,2,trend_break;vol_distribution,True,False,False,False,False,False,False,True,False,5032.T,,2875.0,12.080848,6.0785713,237.98,472.973,172340871168.0,,1749639540.0,1749639540.0,True,,,True,1749639540.0,2025-06-11,-260.0
2,False,58.14696485623003,False,False,True,False,0.09875423303309035,740.0,740.0,6940870.0,6.94087,1041.0,0.7108549471661864,-0.43330571665285833,-0.04668659177573953,27.899796530404576,3.7702427743789966,-0.038961038961038974,-0.04020752269779504,20.92712001476309,23.895538881168047,19.317175856129097,"fund_low_adv20,fund_small_mcap",1,trend_break,True,False,False,False,False,False,False,False,False,5033.T,,740.0,26.743765,2.3871584,27.67,309.992,4702271488.0,,1747204200.0,1747204200.0,True,,,False,1747204200.0,2025-05-14,-280.0
1,False,37.464387464387464,False,False,True,False,0.4659537755044004,2057.0,2057.0,94523590.0,94.52359,4145.0,0.4962605548854041,-0.5293124246079615,-0.27452277035665473,120.58679111883623,5.8622650033464385,-0.21876186859096092,-0.2547101449275362,22.898421967367433,18.423575451896205,27.06602159799802,"fund_low_adv20,fund_small_mcap",3,trend_break;trailing_stop;di_bear,True,False,False,False,True,False,True,False,False,5034.T,,2057.0,26.247288,3.3541563,78.37,613.269,7700319744.0,,1747133940.0,1747133940.0,True,,,False,1747133940.0,2025-05-13,-281.0
0,False,29.577464788732385,False,False,False,False,0.33489304526712854,372.0,372.0,1671230.0,1.67123,512.0610961914062,0.7264758107320616,-0.37914694890274914,-0.14459529898538814,8.627946458920638,2.319340445946408,-0.09927360774818406,-0.13888888888888884,20.177056515746536,11.569047146847616,39.912746832032205,"fund_neg_eps,fund_low_adv20,fund_small_mcap",4,trend_break;macd_sell_like;trailing_stop;di_bear,True,False,True,False,True,False,True,False,False,5035.T,,372.0,-13.048053314626447,0.8134419,-28.51,457.316,2488343808.0,,1747191600.0,1747191600.0,True,,,False,1747191600.0,2025-05-14,-280.0
3,False,13.752913752913742,False,False,True,True,0.3051447516856986,1551.0,1551.0,216565025.0,216.565025,1863.36328125,0.8323658706849384,-0.26369698608656644,-0.0010927592020950616,59.834427454937114,3.8577967411306973,-0.16702470461868957,-0.16702470461868957,21.293705813934764,23.4466033475224,31.944427583319822,,4,trend_break;macd_sell_like;trailing_stop;di_bear,True,False,True,False,True,False,True,False,False,5036.T,,1551.0,10.781315,2.4524143,143.86,632.438,69886451712.0,,1747117800.0,1747117800.0,True,,,True,1747117800.0,2025-05-13,-281.0
5,True,,False,False,True,False,0.49075023924552147,4240.0,4240.0,0.0,0.0,4240.0,1.0,0.0,0.0012752089925847088,0.0,0.0,0.0,0.0,,,,"fund_low_adv20,fund_small_mcap",0,,False,False,False,False,False,False,False,False,False,5037.T,,4240.0,8.278178,0.8249027,512.19,5140.0,848000000.0,,,,True,,,False,,,
1,False,37.323943661971825,False,False,True,False,0.37356595060898884,1798.0,1798.0,112404440.0,112.40444,2964.783203125,0.6064524374344931,-0.40636468860694785,-0.2664017078718669,74.87251859806751,4.1642112679681595,-0.10769230769230764,-0.21105748135146996,16.106151279608756,21.328637956110587,27.570834391101716,"fund_low_adv20,fund_small_mcap",2,trend_break;trailing_stop,True,False,False,False,True,False,False,False,False,5038.T,,1798.0,25.249264,8.696577,71.21,206.748,27179460608.0,,1747306740.0,1747306740.0,True,,,False,1747306740.0,2025-05-15,-279.0
3,False,43.66812227074236,False,False,True,False,0.46504391555437335,1365.0,1365.0,6781015.0,6.781015,1632.93212890625,0.8359196171333141,-0.1898009864707879,-0.027104261134610064,38.865892486911605,2.847318130909275,-0.05666897028334483,-0.14482887101928987,37.20407346848799,7.995888329061356,26.833961616424247,"fund_low_adv20,fund_small_mcap",2,trend_break;di_bear,True,False,False,False,False,False,True,False,False,5071.T,,1365.0,8.408279,1.4513649,162.34,940.494,11513675776.0,,1747204260.0,1747204260.0,True,,,False,1747204260.0,2025-05-14,-280.0
3,False,,False,False,True,False,,3500.0,3500.0,0.0,0.0,3500.0,1.0,0.0,0.0,0.0,0.0,0.0,0.0,,,,"fund_low_adv20,fund_small_mcap",0,,False,False,False,False,False,False,False,False,False,5072.T,,3500.0,12.738853,0.99377835,274.75,3521.912,0.0,,1754550000.0,1754982000.0,True,,,False,1754550000.0,2025-08-07,-219.0
3,True,22.679200940070515,False,False,True,False,0.4187528803364495,805.0,805.0,4871461095.0,4871.461095,1335.0,0.602996254681648,-0.39700374531835203,0.5554954397897667,121.96950081720938,15.151490784746507,-0.39700374531835203,-0.39700374531835203,26.052434721149222,18.071167077421194,26.458734203142214,,4,macd_sell_like;trailing_stop;ext_dev200;di_bear;natr_spike,False,False,True,False,True,True,True,False,True,5074.T,,805.0,61.45038,1.146531,13.1,702.118,56767774720.0,,1747288800.0,1747288800.0,True,,,True,1747288800.0,2025-05-15,-279.0
5,True,79.44162436548223,True,False,True,False,0.5222354331050401,2604.5,2604.5,5547586732.5,5547.5867325,2604.5,1.0,-0.1922563605134835,0.3110380845684859,78.20658062692351,3.002748344285794,0.0,0.0,26.497194088529305,32.66011345343486,12.691182644758769,,0,ext_dev200,False,False,False,False,False,True,False,False,False,5076.T,,2604.5,10.094179,1.0741992,258.02,2424.597,658139906048.0,1778653800.0,1786084200.0,1786084200.0,True,,,True,1786084200.0,2026-08-07,42.0
3,False,,False,False,True,False,0.351122461626894,2046.0,2046.0,0.0,0.0,2046.0,1.0,0.0,0.0,0.0,0.0,0.0,0.0,,,,"fund_low_adv20,fund_small_mcap",0,,False,False,False,False,False,False,False,False,False,5077.T,,2046.0,5.8207684,0.6153383,351.5,3325.0,818400000.0,,,,True,,,False,,,
2,False,59.047619047619044,True,False,True,True,0.4497748727461266,4950.0,4950.0,3399125.0,3.399125,6334.58056640625,0.7814250601296316,-0.29723497348885064,-0.060735696415901486,56.504655914886044,1.1415082003007282,-0.010000000000000009,-0.02941176470588236,18.486508839644504,40.837437412722664,27.276822405934816,"fund_low_adv20,fund_small_mcap",1,trend_break,True,False,False,False,False,False,False,False,False,5078.T,,4950.0,14.603924,0.79425484,338.95,6232.257,16770689024.0,,1744606800.0,1744606800.0,True,,,False,1744606800.0,2025-04-14,-302.0
5,False,54.98783454987834,True,True,False,False,0.4820842148593928,2556.0,2556.0,23189305.0,23.189305,2865.48681640625,0.8919950304310271,-0.1912496546498219,-0.04358022075457679,47.022060762536555,1.8396737387533864,0.0,-0.10800496956897288,35.81090696125213,28.546167841626314,25.32574319493276,"fund_low_adv20,fund_small_mcap",1,trend_break,True,False,False,False,False,False,False,False,False,5079.T,,2556.0,14.640014,0.72356874,174.59,3532.491,13174740992.0,,1741949940.0,1741949940.0,True,,,False,1741949940.0,2025-03-14,-323.0
4,True,62.851303014818605,False,False,True,True,0.42713486688961494,6859.0,6859.0,7669376065.0,7669.376065,7982.0,0.8593084439989978,-0.27073415184164373,0.11919174067505578,258.3345088125989,3.766358198171729,-0.04563795742312504,-0.04563795742312504,10.55019969752191,22.56893236030158,23.247737766543413,,1,macd_sell_like,False,False,True,False,False,False,False,False,False,5101.T,,6859.0,10.26443,1.0366153,668.23,6616.727,1081991233536.0,1786343400.0,1786343400.0,1786343400.0,True,,,True,1786343400.0,2026-08-10,43.0
1,False,44.444444444444436,False,False,True,False,0.2815434966800744,38.0,38.0,1686760.0,1.68676,64.0,0.59375,-0.40625,-0.18006257417197102,1.0905691917001554,2.869918925526725,-0.09523809523809523,-0.15555555555555556,47.56394405667742,2.853962811671022,19.443981029346165,"fund_neg_eps,fund_low_adv20,fund_small_mcap",4,trend_break;macd_sell_like;trailing_stop;di_bear,True,False,True,False,True,False,True,False,False,5103.T,,38.0,-5.0,2.3760395,-7.6,15.993,2882199040.0,,1747295400.0,1747295400.0,True,,,False,1747295400.0,2025-05-15,-279.0
3,False,53.20600272851296,True,False,True,True,0.4949187665938968,3658.0,3658.0,4719743065.0,4719.743065,4827.0,0.7578205925005179,-0.26600372902423863,-0.09361325644306628,114.68160878019042,3.135090453258349,-0.04937629937629939,-0.10409012980651478,24.710309208199686,19.352202626862248,27.850702159617054,,2,trend_break;di_bear,True,False,False,False,False,False,True,False,False,5105.T,,3658.0,8.858215,1.0573348,412.95,3459.642,563316260864.0,1778826600.0,1785997800.0,1785997800.0,True,,,True,1785997800.0,2026-08-06,41.0
3,False,61.083743842364534,False,False,True,True,0.4308730999469306,3417.0,3417.0,15183715790.0,15183.71579,3817.0,0.8952056588944197,-0.1535237097196751,-0.005488280951811753,69.62486554290933,2.037602152265418,-0.011570726063060421,-0.014421690222094052,12.371322623139488,24.263362476101914,19.535164568427138,,1,trend_break,True,False,False,False,False,False,False,False,False,5108.T,,3417.0,28.658894,1.1724399,119.23,2914.435,4289279557632.0,1778740200.0,1786084200.0,1786084200.0,True,,,True,1786084200.0,2026-08-07,42.0
2,False,58.31842576028623,True,False,True,False,0.581877272494688,2034.5,2034.5,5066031127.5,5066.0311275,2792.5,0.7285586392121755,-0.3170993733213966,-0.03623729150133559,60.55012204878677,2.9761672179300454,-0.022345026429601123,-0.06545705098759758,9.106436998265602,30.671374969009285,25.921207598491456,,1,trend_break,True,False,False,False,False,False,False,False,False,5110.T,,2034.5,10.620693,0.73683923,191.56,2761.118,534739386368.0,1778826600.0,1785997800.0,1785997800.0,True,,,True,1785997800.0,2026-08-06,41.0
4,True,77.22007722007721,False,False,True,True,0.5124210580023315,2512.0,2512.0,253071130.0,253.07113,2701.8525390625,0.9297324571501686,-0.14509087912409635,0.15845800888335226,69.70898695367886,2.7750392895572795,-0.01836654943337246,-0.03865288939915801,12.831073145862662,24.589755961908384,26.347613296235494,,0,,False,False,False,False,False,False,False,False,False,5121.T,,2512.0,12.038146,1.2245356,208.67,2051.39,46948179968.0,,1754546400.0,1754978400.0,True,,,True,1754546400.0,2025-08-07,-219.0
5,True,56.25,False,False,True,True,0.27049517638614295,5690.0,5690.0,153576700.0,153.5767,6130.0,0.9282218597063622,-0.1826382936936921,0.04541455561763863,162.72252566866752,2.8597983421558437,-0.03395585738539897,-0.07177814029363783,14.984724570389671,19.893872457284754,23.331879100231752,fund_low_adv20,0,,False,False,False,False,False,False,False,False,False,5122.T,,5690.0,20.137316,0.88031095,282.56,6463.625,97235337216.0,,1753945200.0,1754290800.0,True,,,False,1753945200.0,2025-07-31,-224.0
2,False,54.12844036697247,True,False,True,False,0.403649181085038,473.0,473.0,8482185.0,8.482185,1050.0,0.4504761904761905,-0.560952380952381,-0.2751235584843492,15.25344170678807,3.2248291134858498,-0.2296416938110749,-0.3104956268221575,39.7997972626195,17.208629034642247,34.83719018595286,"fund_low_adv20,fund_small_mcap",3,trend_break;trailing_stop;di_bear,True,False,False,False,True,False,True,False,False,5125.T,,473.0,8.062042,0.9620391,58.67,491.664,2113127552.0,,1747189800.0,1747189800.0,True,,,False,1747189800.0,2025-05-14,-280.0
3,False,48.173913043478265,True,False,True,False,0.2414350890193249,1439.0,1439.0,4203100.0,4.2031,2025.0,0.7106172839506173,-0.34617283950617284,-0.1614854352525742,46.242171441170264,3.213493498344007,-0.06740116655865203,-0.11500615006150061,37.3944353334547,34.24293974435718,32.367210474713104,"fund_low_adv20,fund_small_mcap",2,trend_break;natr_spike,True,False,False,False,False,False,False,False,True,5126.T,,1439.0,18.847414,1.6238016,76.35,886.192,2348016384.0,,1747133940.0,1747133940.0,True,,,False,1747133940.0,2025-05-13,-281.0
0,False,30.47619047619048,False,False,True,True,0.30500787650495254,249.0,249.0,42703050.0,42.70305,649.0,0.38366718027734975,-0.6673333333333333,-0.4205057193060032,19.57771930545816,7.862537873677976,-0.26764705882352946,-0.5211538461538461,31.404897965612705,12.695479168968928,30.790503037424017,"fund_neg_eps,fund_low_adv20,fund_small_mcap",3,trend_break;trailing_stop;di_bear,True,False,False,False,True,False,True,False,False,5129.T,,249.0,-1.2299333168683626,1.4667248,-202.45,169.766,3688815360.0,,1744354800.0,1744354800.0,True,,,False,1744354800.0,2025-04-11,-303.0
5,True,,False,False,True,False,0.49075023924552097,447.0,447.0,0.0,0.0,447.0,1.0,0.0,0.002666149526739492,0.0,0.0,0.0,0.0,,,,"fund_low_adv20,fund_small_mcap",0,,False,False,False,False,False,False,False,False,False,5130.T,,447.0,4.5247493,1.0642858,98.79,420.0,134100000.0,,,,True,,,False,,,
1,False,60.46511627906977,True,False,True,False,0.26186133254966115,126.0,126.0,6057780.0,6.05778,240.0,0.525,-0.5208333333333333,-0.24228756990799205,6.252411008329804,4.962230958991907,-0.03076923076923077,-0.16000000000000003,18.89989119951417,27.008338063052477,21.02196669039122,"fund_neg_eps,fund_low_adv20,fund_small_mcap",1,trend_break,True,False,False,False,False,False,False,False,False,5131.T,,126.0,-2.540322580645161,2.3377924,-49.6,53.897,1751021952.0,,1749725940.0,1749725940.0,True,,,False,1749725940.0,2025-06-12,-259.0
0,False,16.451233842538187,False,True,False,True,0.44354378837558367,1398.0,1398.0,132724025.0,132.724025,4475.0,0.3124022346368715,-0.6875977653631284,-0.5224879810771346,100.2000968792012,7.167388904091646,-0.369702434625789,-0.47125567322239037,49.51821130887982,6.4968130562674125,39.94776260394634,"fund_low_adv20,fund_small_mcap",4,trend_break;trailing_stop;di_bear;vol_distribution,True,False,False,False,True,False,True,True,False,5132.T,,1398.0,30.984043,6.7537537,45.12,206.996,10888215552.0,,1749639540.0,1749639540.0,True,,,False,1749639540.0,2025-06-11,-260.0
0,False,25.0,False,False,False,True,0.22907582017586747,275.0,275.0,34487810.0,34.48781,387.1106872558594,0.7103911337333856,-0.2896088662666144,-0.16064074400911765,11.885200560821442,4.321891113025979,-0.19590643274853803,-0.24450549450549453,19.461156786647123,14.094832467744881,33.329358911760295,"fund_low_adv20,fund_small_mcap",3,trend_break;macd_sell_like;trailing_stop,True,False,True,False,True,False,False,False,False,5133.T,,275.0,13.620604,1.4281188,20.19,192.561,4704214016.0,,1747306740.0,1747306740.0,True,,,False,1747306740.0,2025-05-15,-279.0
1,False,80.0,False,False,True,True,0.38592365782474136,520.0,520.0,3326595.0,3.326595,1479.0,0.3515889114266396,-0.7004732927653821,-0.28703640227599925,21.788095535423253,4.190018372196779,-0.024390243902439046,-0.2024539877300614,16.83728883467061,23.687868024796536,20.021552654433798,"fund_low_adv20,fund_small_mcap",1,trend_break,True,False,False,False,False,False,False,False,False,5134.T,,520.0,15.235863,2.2614398,34.13,229.942,2015145600.0,,1749725940.0,1749725940.0,True,,,False,1749725940.0,2025-06-12,-259.0
1,False,,False,False,True,False,0.4907502392455206,719.0,719.0,0.0,0.0,3595.0,0.2,-0.8,-0.36708860759493667,0.0006938485305939325,9.65018818628557e-05,0.0,0.0,100.0,0.0,100.0,fund_low_adv20,2,trend_break;di_bear,True,False,False,False,False,False,True,False,False,5135.T,,3595.0,231.48744,32.886612,15.53,109.315,107849998336.0,,1754737140.0,1755086400.0,True,,,False,1754737140.0,2025-08-09,-217.0
1,False,35.04672897196262,False,False,True,True,0.35090882049035654,1412.0,1412.0,57172630.0,57.17263,2745.0,0.5143897996357013,-0.5282331511839709,-0.18324849606663585,59.457961547466255,4.2109037923134744,-0.12406947890818854,-0.15751789976133657,13.715742100254287,16.653043571688826,23.545413073165662,"fund_low_adv20,fund_small_mcap",3,trend_break;macd_sell_like;trailing_stop,True,False,True,False,True,False,False,False,False,5136.T,,1412.0,17.065506,4.4957128,82.74,314.077,8358194176.0,,1750071540.0,1750071540.0,True,,,False,1750071540.0,2025-06-16,-257.0
2,False,37.037037037037045,True,False,True,False,0.36753094272844705,193.0,193.0,139692880.0,139.69288,540.0,0.3574074074074074,-0.6444444444444444,-0.4782867260464676,15.41928232723404,7.989265454525409,-0.34576271186440677,-0.4186746987951807,28.159974517508694,22.577632244356746,26.19035675725635,"fund_low_adv20,fund_small_mcap",3,trend_break;trailing_stop;di_bear,True,False,False,False,True,False,True,False,False,5137.T,,193.0,13.562896,5.377393,14.23,35.891,7263140352.0,,1747189800.0,1747189800.0,True,,,False,1747189800.0,2025-05-14,-280.0
0,False,29.702970297029694,False,False,True,False,0.34906293986878983,400.0,400.0,2082995.0,2.082995,1465.0,0.27303754266211605,-0.7276450511945393,-0.5303924158375157,14.433298471172796,3.608324617793199,-0.295774647887324,-0.3640699523052464,42.88090449737099,14.914673483453647,47.63428624897236,"fund_low_adv20,fund_small_mcap",3,trend_break;trailing_stop;di_bear,True,False,False,False,True,False,True,False,False,5138.T,,400.0,26.666666,1.5326375,15.0,260.988,1966383232.0,,1747204260.0,1747204260.0,True,,,False,1747204260.0,2025-05-14,-280.0
1,False,86.82634730538922,True,True,False,True,0.4481185755482586,990.0,990.0,28330405.0,28.330405,1293.0,0.765661252900232,-0.3410672853828306,-0.03584889122622481,29.575706633772928,2.987445114522518,0.0,0.0,16.3802388734779,34.07672496561286,14.388585007794106,"fund_low_adv20,fund_small_mcap",2,trend_break;rsi_reversal,True,False,False,True,False,False,False,False,False,5139.T,,990.0,24.780975,2.986155,39.95,331.53,20555405312.0,,1747191600.0,1747191600.0,True,,,False,1747191600.0,2025-05-14,-280.0
1,False,26.41509433962264,False,False,False,True,0.36174374814025345,1124.0,1124.0,74862185.0,74.862185,1763.0091552734375,0.6375463205270031,-0.3624536794729969,-0.1511085542506836,48.55679418330849,4.319999482500755,-0.0979133226324238,-0.2868020304568528,35.80916693294875,14.995658587508595,35.0037860694838,"fund_low_adv20,fund_small_mcap",4,trend_break;macd_sell_like;trailing_stop;di_bear,True,False,True,False,True,False,True,False,False,5142.T,,1124.0,7.2581687,0.35489723,154.86,3167.114,15360495616.0,,1754456400.0,1754974800.0,True,,,False,1754456400.0,2025-08-06,-220.0
2,False,45.702005730659025,False,False,True,True,0.6325415139989439,3045.0,3045.0,386824070.0,386.82407,4438.1953125,0.6860896796100611,-0.33576605074204924,-0.06140253592014944,94.34710856144311,3.098427210556424,-0.06451612903225812,-0.24405394159811944,36.334310888355475,20.18319509348416,24.305845002186828,,2,trend_break;di_bear,True,False,False,False,False,False,True,False,False,5161.T,,3045.0,10.360667,1.2567521,293.9,2422.912,110396596224.0,,1747204200.0,1747204200.0,True,,,True,1747204200.0,2025-05-14,-280.0
6,True,83.66336633663366,True,False,True,False,0.36195006815237746,735.0,735.0,21589805.0,21.589805,913.6642456054688,0.8044530619811316,-0.3443981168344247,0.06523695526767348,35.007398451046946,4.762911353883938,0.0,-0.19554693801886835,19.512373297711935,22.69107744396879,12.012433873401674,"fund_low_adv20,fund_small_mcap",1,rsi_reversal,False,False,False,True,False,False,False,False,False,5162.T,,735.0,20.952108,0.65653664,35.08,1119.511,3298441216.0,,1747195200.0,1747195200.0,True,,,False,1747195200.0,2025-05-14,-280.0
5,True,22.41379310344827,False,False,True,True,0.40004837734679743,4050.0,4050.0,70295850.0,70.29585,4375.0,0.9257142857142857,-0.10057142857142853,0.06077550509290908,64.5878505514188,1.5947617420103408,-0.05041031652989447,-0.05484247374562423,17.408619905577137,15.283680945928655,23.181001995125573,fund_low_adv20,1,macd_sell_like,False,False,True,False,False,False,False,False,False,5184.T,,4050.0,9.679038,0.87133914,418.43,4648.018,53436579840.0,,1754546400.0,1754978400.0,True,,,False,1754546400.0,2025-08-07,-219.0
5,False,53.142857142857146,True,False,False,True,0.5533630942548057,1770.0,1770.0,77341520.0,77.34152,2067.676513671875,0.8560333245052693,-0.31460800406562317,-0.03554812167355581,31.088876786471438,1.7564337167497988,-0.024793388429752095,-0.04530744336569581,28.029487631281295,17.7216786930845,23.97049382091612,"fund_low_adv20,fund_small_mcap",2,trend_break;di_bear,True,False,False,False,False,False,True,False,False,5185.T,,1770.0,24.032585,0.6216533,73.65,2847.246,25173592064.0,1778826600.0,1785997800.0,1785997800.0,True,,,False,1785997800.0,2026-08-06,41.0
4,True,58.87850467289719,False,False,True,True,0.3722222885717026,5800.0,5800.0,444407550.0,444.40755,6100.0,0.9508196721311475,-0.10031678042115022,0.33971227540471016,187.14240966486855,3.2265932700839404,-0.049180327868852514,-0.049180327868852514,42.45237398484124,27.130306399057158,19.529622898860346,,1,macd_sell_like;ext_dev200,False,False,True,False,False,True,False,False,False,5186.T,,5800.0,38.120277,0.9652559,152.15,6008.769,159074189312.0,1778221800.0,1785479400.0,1785479400.0,True,,,True,1785479400.0,2026-07-31,37.0
5,True,40.79601990049751,False,False,True,False,0.4194090203261813,1092.0,1092.0,20947955.0,20.947955,1235.0,0.8842105263157894,-0.13522267206477734,0.02354724847330858,31.068061804192002,2.845060604779487,-0.045454545454545414,-0.11578947368421055,17.16574961983737,18.73113182033271,21.17825200484725,"fund_low_adv20,fund_small_mcap",0,,False,False,False,False,False,False,False,False,False,5187.T,,1092.0,13.524895,0.5596212,80.74,1951.32,8881243136.0,,1754288100.0,1754633700.0,True,,,False,1754288100.0,2025-08-04,-222.0
4,True,41.96078431372548,False,False,True,False,0.40645107290839033,2912.0,2912.0,24449335.0,24.449335,3850.0,0.7563636363636363,-0.2727272727272727,0.11390386155515264,130.8968973601799,4.495085760995189,-0.08857589984350545,-0.24363636363636365,17.636313470451803,18.388936652138597,26.53205238357491,"fund_low_adv20,fund_small_mcap",2,macd_sell_like;trailing_stop,False,False,True,False,True,False,False,False,False,5189.T,,2912.0,8.456267,0.56280494,344.36,5174.084,5633677312.0,,1747110600.0,1747110600.0,True,,,False,1747110600.0,2025-05-13,-281.0
6,True,50.0,False,False,True,False,0.39627156356013654,3925.0,3925.0,274728225.0,274.728225,4189.3251953125,0.9369050663318623,-0.23797776546969818,0.02653765994148327,70.1824326778339,1.7880874567600995,-0.04151404151404148,-0.04151404151404148,16.396363705289403,19.143207257306376,24.996867160077635,,0,,False,False,False,False,False,False,False,False,False,5192.T,,3925.0,14.906384,1.0780764,263.31,3640.744,109553049600.0,,1754456400.0,1754888400.0,True,,,True,1754456400.0,2025-08-06,-220.0
0,False,33.04347826086956,False,False,True,False,0.4312347844048585,611.0,611.0,33111145.0,33.111145,959.7893676757812,0.6365980084563689,-0.3964049029905351,-0.19283441611757435,19.91665329679875,3.259681390638093,-0.12464183381088823,-0.2013071895424836,21.612400771834135,17.47012429288952,31.072544222504465,"fund_low_adv20,fund_small_mcap",3,trend_break;trailing_stop;di_bear,True,False,False,False,True,False,True,False,False,5194.T,,611.0,23.392036,0.5716157,26.12,1068.9,6633015296.0,,1754546400.0,1754978400.0,True,,,False,1754546400.0,2025-08-07,-219.0
4,True,55.131264916467785,False,False,True,False,0.35477111537793427,2190.0,2190.0,129994935.0,129.994935,2297.8017578125,0.953084830992937,-0.18495867300747204,0.09170802820320834,56.28098557896358,2.5699080173042734,-0.023193577163247103,-0.023193577163247103,14.91414942340585,28.166600351477506,24.191730730534346,fund_low_adv20,1,macd_sell_like,False,False,True,False,False,False,False,False,False,5195.T,,2190.0,8.536348,0.96478665,256.55,2269.932,89247776768.0,,1754542800.0,1754974800.0,True,,,False,1754542800.0,2025-08-07,-219.0
6,True,41.75824175824176,False,False,True,True,0.3331087351878153,1930.0,1930.0,1290870.0,1.29087,2064.674072265625,0.9347722364150951,-0.09132190875511703,0.0025485628760579804,11.452729705451857,0.5934056842203035,-0.025252525252525304,-0.04785397138628511,17.21325350563868,33.07311105417719,26.74272440309906,"fund_low_adv20,fund_small_mcap",0,,False,False,False,False,False,False,False,False,False,5199.T,,1930.0,38.484547,0.60458183,50.15,3192.289,2446122496.0,,1747285200.0,1747285200.0,True,,,False,1747285200.0,2025-05-15,-279.0
4,True,59.73677142089713,False,False,True,False,0.3741309373296627,6941.0,6941.0,16318642520.0,16318.64252,8221.0,0.844301179905121,-0.23376623376623373,0.26805893113405577,344.20899094755333,4.959069167952072,-0.155698820094879,-0.155698820094879,36.25635288020768,34.46076707169505,21.146397381479805,,3,macd_sell_like;trailing_stop;ext_dev200;natr_spike,False,False,True,False,True,True,False,False,True,5201.T,,6941.0,21.334604,0.9861896,325.34,7038.2,1474225373184.0,1785825000.0,1785825000.0,1785825000.0,True,,,True,1785825000.0,2026-08-04,39.0
0,False,21.42857142857143,False,True,False,True,0.47787322885650724,470.0,470.0,704240900.0,704.2409,699.0,0.6723891273247496,-0.42060085836909866,-0.10971359296863159,2.9785736884016907,0.6337390826386575,-0.024896265560165998,-0.04665314401622722,24.86571380379935,10.638786803580151,28.60498810001093,,4,trend_break;macd_sell_like;di_bear;vol_distribution,True,False,True,False,False,False,True,True,False,5202.T,,470.0,15.334421,0.4422064,30.65,1062.852,66872696832.0,1778481000.0,1786084200.0,1786084200.0,True,,,True,1786084200.0,2026-08-07,42.0
2,False,32.369942196531795,True,False,True,True,0.5772163598258503,2755.0,2755.0,50791270.0,50.79127,3919.8857421875,0.702826608018061,-0.2987040488415065,-0.12244965829970633,67.44747200511698,2.4481841018191277,-0.057475196715703,-0.21509971509971515,25.722736612887672,18.020668947181978,29.20435793161009,"fund_low_adv20,fund_small_mcap",2,trend_break;di_bear,True,False,False,False,False,False,True,False,False,5204.T,,2755.0,4.414922,0.30603093,624.02,9002.358,11488746496.0,,1753761600.0,1754280000.0,True,,,False,1753761600.0,2025-07-29,-226.0
5,True,45.97249508840865,False,False,True,True,0.46642780808079914,2198.0,2198.0,497070985.0,497.070985,2741.0,0.8018971178402043,-0.20175118569865014,0.14557680350300295,84.58189110779915,3.8481297137306254,-0.08531002913025387,-0.19810288215979566,16.681623353466268,18.297686158676512,31.100527550504363,,2,macd_sell_like;trailing_stop,False,False,True,False,True,False,False,False,False,5208.T,,2198.0,14.603682,1.4212867,150.51,1546.486,72042274816.0,,1754463600.0,1754982000.0,True,,,True,1754463600.0,2025-08-06,-220.0
4,False,46.64948453608247,True,False,True,True,0.3781097573808559,2542.0,2542.0,344495860.0,344.49586,3919.667236328125,0.6485244401464295,-0.35453704422876997,-0.10389786529844869,97.17041494234633,3.8225969686210197,-0.1429534726904923,-0.21300309597523215,26.354977876983348,25.605120650559183,23.94199711770509,fund_small_mcap,2,trend_break;trailing_stop,True,False,False,False,True,False,False,False,False,5210.T,,2542.0,7.945985,0.45763758,319.91,5554.614,25981335552.0,,1754379000.0,1754983800.0,True,,,False,1754379000.0,2025-08-05,-221.0
2,False,38.456809099292954,False,False,False,False,0.3272324384367364,5831.0,5831.0,5540487805.0,5540.487805,8196.0,0.711444607125427,-0.288555392874573,-0.02130025043749384,372.36145446612,6.38589357684994,-0.19058856191005003,-0.288555392874573,22.194110114497,12.561197379178282,29.895509954608546,,5,trend_break;macd_sell_like;trailing_stop;di_bear;natr_spike,True,False,True,False,True,False,True,False,True,5214.T,,5831.0,15.255612,0.8730622,382.22,6678.791,429649952768.0,1777530600.0,1785306600.0,1785306600.0,True,,,True,1785306600.0,2026-07-29,35.0
3,False,50.94339622641509,True,True,False,False,0.4210246870719734,135.0,135.0,59538685.0,59.538685,253.0,0.5335968379446641,-0.6666666666666667,-0.21052631578947367,9.18838150272969,6.806208520540512,-0.07534246575342463,-0.28191489361702127,41.01668119959485,43.934274670603344,16.45637710482677,"fund_neg_eps,fund_low_adv20,fund_small_mcap",1,trend_break,True,False,False,False,False,False,False,False,False,5216.T,,135.0,-2.1024762498053264,10.325837,-64.21,13.074,6812632576.0,,1754979000.0,1755497400.0,True,,,False,1754979000.0,2025-08-12,-216.0
5,True,51.90217391304348,False,False,True,False,0.4450700880046448,1418.0,1418.0,191489460.0,191.48946,1682.0,0.8430439952437574,-0.316274281295164,0.20192660781508653,82.22734843881938,5.798825700904047,-0.1569560047562426,-0.1569560047562426,40.89599891552509,26.58219888091678,21.607079296740352,fund_low_adv20,3,macd_sell_like;trailing_stop;ext_dev200;natr_spike,False,False,True,False,True,True,False,False,True,5218.T,,1418.0,19.957775,0.65327495,71.05,2170.602,33655425024.0,,1749794400.0,1749794400.0,True,,,False,1749794400.0,2025-06-13,-258.0
4,True,59.39685314685315,False,False,True,False,0.3839209429737836,5266.0,5266.0,1989048900.0,1989.0489,5550.0,0.9488288288288288,-0.2031451449060646,0.30282354935691624,265.76130903360684,5.046739632237122,-0.051171171171171204,-0.051171171171171204,35.273593508502685,34.53529331488559,25.22850319740151,,1,macd_sell_like;ext_dev200,False,False,True,False,False,True,False,False,False,5232.T,,5266.0,15.054747,0.8544945,349.79,6162.708,166886195200.0,1778653800.0,1785825000.0,1785825000.0,True,,,True,1785825000.0,2026-08-04,39.0
5,False,52.46679316888046,False,False,True,True,0.4508875966486541,4130.0,4130.0,2933545205.0,2933.545205,4755.0703125,0.8685465678905248,-0.3091436936559495,0.05380209577915562,138.13041636612473,3.344562139615611,-0.08830022075055188,-0.08830022075055188,25.37793798984483,30.897377621557315,27.069740996735632,,3,trend_break;macd_sell_like;trailing_stop,True,False,True,False,True,False,False,False,False,5233.T,,4130.0,54.56467,0.67725545,75.69,6098.142,460919734272.0,1778567400.0,1785997800.0,1785997800.0,True,,,True,1785997800.0,2026-08-06,41.0
5,True,51.533742331288344,False,False,True,True,0.45946055066893454,1113.0,1113.0,8543540.0,8.54354,1249.0,0.8911128903122498,-0.11689351481184951,0.04934298634126,24.102049896766655,2.165503135378855,-0.036363636363636376,-0.10888710968775017,21.768886448988162,11.163167703505295,21.414823325785353,"fund_low_adv20,fund_small_mcap",1,di_bear,False,False,False,False,False,False,True,False,False,5237.T,,1113.0,21.5865,0.6040502,51.56,1842.562,13246821376.0,,1747101600.0,1747101600.0,True,,,False,1747101600.0,2025-05-13,-281.0
2,False,41.66666666666667,True,False,True,True,0.45740916099164775,125.0,125.0,11280275.0,11.280275,367.0,0.3405994550408719,-0.662125340599455,-0.43933617403005154,6.869660395429345,5.4957283163434765,-0.17218543046357615,-0.4444444444444444,34.011549924041816,17.790626042554727,31.758901185915327,"fund_neg_eps,fund_low_adv20,fund_small_mcap",3,trend_break;trailing_stop;di_bear,True,False,False,False,True,False,True,False,False,5240.T,,125.0,-4.562043795620438,1.4208583,-27.4,87.975,1533159936.0,,1747292400.0,1747292400.0,True,,,False,1747292400.0,2025-05-15,-279.0
0,False,21.89349112426035,False,False,True,False,0.34324381988949226,880.0,880.0,3011005.0,3.011005,2504.0,0.3514376996805112,-0.6513578274760383,-0.25332926058384564,23.930098432428437,2.7193293673214134,-0.1562799616490892,-0.19854280510018218,25.954663151383944,14.980340909485538,37.21869910417938,"fund_neg_eps,fund_low_adv20,fund_small_mcap",3,trend_break;trailing_stop;di_bear,True,False,False,False,True,False,True,False,False,5242.T,,880.0,-13.229104028863501,1.5024422,-66.52,585.713,902815744.0,,1747290600.0,1747290600.0,True,,,False,1747290600.0,2025-05-15,-279.0
1,False,15.116279069767444,False,False,False,True,0.3946642034770826,1676.0,1676.0,430480325.0,430.480325,3110.0,0.5389067524115756,-0.5977999312478515,-0.11814768921546193,124.03904583760023,7.400897723007173,-0.27035263387026554,-0.4431893687707641,23.99279709048723,11.11208192188482,30.486652585146718,,4,trend_break;macd_sell_like;trailing_stop;di_bear,True,False,True,False,True,False,True,False,False,5243.T,,1676.0,62.28168,5.911921,26.91,283.495,32376424448.0,,1744093800.0,1744093800.0,True,,,True,1744093800.0,2025-04-08,-306.0
1,False,39.130434782608695,False,False,True,False,0.37315821094572266,164.0,164.0,131506470.0,131.50647,313.8954162597656,0.5224670113190855,-0.47753298868091454,-0.32580047811673796,9.149862871733442,5.579184677886245,-0.3080168776371308,-0.3948339483394834,37.831560221357094,15.226709690849797,35.525895180938946,"fund_low_adv20,fund_small_mcap",3,trend_break;trailing_stop;di_bear,True,False,False,False,True,False,True,False,False,5244.T,,164.0,5.9056535,1.3454092,27.77,121.896,6758145024.0,,1747204200.0,1747204200.0,True,,,False,1747204200.0,2025-05-14,-280.0
0,False,29.714285714285722,False,False,True,True,0.472395376063921,565.0,565.0,217645840.0,217.64584,1409.0,0.40099361249112847,-0.6401703335699077,-0.22657832776652242,26.784152354913605,4.740557938922762,-0.14909638554216864,-0.22814207650273222,10.340805646181408,19.575944588136323,25.750732993482888,"fund_neg_eps,fund_small_mcap",3,trend_break;macd_sell_like;trailing_stop,True,False,True,False,True,False,False,False,False,5246.T,,565.0,-20.07818052594172,4.2430477,-28.14,133.159,15351340032.0,,1744614000.0,1744614000.0,True,,,False,1744614000.0,2025-04-14,-302.0
0,False,24.57142857142857,False,False,True,True,0.28442669367609563,541.0,541.0,4695485.0,4.695485,1336.0,0.40494011976047906,-0.6332480818414322,-0.28070467010137945,24.997201750144068,4.620554852152323,-0.20558002936857567,-0.28815789473684206,29.451222607919775,15.783529402171,35.29227128738383,"fund_low_adv20,fund_small_mcap",3,trend_break;trailing_stop;di_bear,True,False,False,False,True,False,True,False,False,5247.T,,541.0,23.959255,2.1019504,22.58,257.38,1523911552.0,,1747292400.0,1747292400.0,True,,,False,1747292400.0,2025-05-15,-279.0
2,False,41.6184971098266,False,False,True,False,0.2883614264789559,473.0,473.0,32885550.0,32.88555,930.0,0.5086021505376344,-0.543010752688172,-0.15999964482014584,23.86030044292787,5.044460981591516,-0.08863198458574184,-0.1687170474516696,19.491913378640476,23.27176017463209,22.177356299386865,"fund_low_adv20,fund_small_mcap",2,trend_break;trailing_stop,True,False,False,False,True,False,False,False,False,5248.T,,473.0,29.955667,5.224557,15.79,90.534,8004005888.0,,1749812340.0,1749812340.0,True,,,False,1749812340.0,2025-06-13,-258.0
5,True,,False,False,True,True,0.49053649120881265,1253.0,1253.0,0.0,0.0,1253.0,1.0,0.0,0.0042639138240574415,0.0,0.0,0.0,0.0,,,,"fund_low_adv20,fund_small_mcap",0,,False,False,False,False,False,False,False,False,False,5249.T,,1253.0,12.194647,1.2957735,102.75,966.99,1290589952.0,,,,True,,,False,,,
6,True,36.33540372670808,False,False,True,True,0.3975838358701094,1117.0,1117.0,4209410.0,4.20941,1535.0,0.7276872964169381,-0.42591892504021067,0.023692313214199956,44.423744971892766,3.9770586366958605,-0.09627831715210355,-0.17564575645756453,23.217930411958374,24.281961370324176,23.786665694249088,"fund_low_adv20,fund_small_mcap",1,trailing_stop,False,False,False,False,True,False,False,False,False,5250.T,,1117.0,37.508392,2.8592346,29.78,390.664,3922869248.0,,1744353000.0,1744353000.0,True,,,False,1744353000.0,2025-04-11,-303.0
5,True,,False,False,True,False,0.4907502392455209,2240.0,2240.0,0.0,0.0,2240.0,1.0,0.0,0.024726091630641323,0.0,0.0,0.0,0.0,,,,"fund_low_adv20,fund_small_mcap",0,,False,False,False,False,False,False,False,False,False,5251.T,,2240.0,5.30504,0.40809715,422.24,5488.889,201600000.0,,,,True,,,False,,,
3,True,39.743589743589745,False,False,True,True,0.5270572675051366,768.0,768.0,3360150.0,3.36015,969.2189331054688,0.79239062895651,-0.2107046469378513,0.19982064153128198,31.23298869135266,4.066795402519877,-0.03638644918444167,-0.20760937104348998,27.422988708498707,10.634435742793983,34.05662619576626,"fund_low_adv20,fund_small_mcap",1,ext_dev200;di_bear,False,False,False,False,False,True,True,False,False,5252.T,,768.0,36.764004,2.6427898,20.89,290.602,3187888128.0,,1747288800.0,1747288800.0,True,,,False,1747288800.0,2025-05-15,-279.0
1,False,26.526315789473685,False,False,True,True,0.2763167894150604,1520.0,1520.0,2914514650.0,2914.51465,2314.0,0.6568712186689715,-0.5625368731563423,-0.1050031501533859,84.38994151492875,5.55196983650847,-0.13636363636363635,-0.13636363636363635,19.047234108782046,20.32745502499221,21.74091257178149,,3,trend_break;macd_sell_like;trailing_stop,True,False,True,False,True,False,False,False,False,5253.T,,1520.0,33.830402,4.9986515,44.93,304.082,99788021760.0,,1747117800.0,1747117800.0,True,,,True,1747117800.0,2025-05-13,-281.0
1,False,41.75531914893617,False,False,True,False,0.5748608615010663,3300.0,3300.0,128691475.0,128.691475,5450.0,0.6055045871559633,-0.6414492753623189,-0.17274158452575528,201.15539431805342,6.095618009637983,-0.19902912621359226,-0.2525481313703284,27.324581706270216,11.632698521850667,31.662300975642932,"fund_low_adv20,fund_small_mcap",4,trend_break;trailing_stop;di_bear;natr_spike,True,False,False,False,True,False,True,False,True,5254.T,,3300.0,17.006804,3.1742244,194.04,1039.624,22581932032.0,,1747206300.0,1747206300.0,True,,,False,1747206300.0,2025-05-14,-280.0
0,False,28.888888888888886,False,False,True,False,0.29308123448122003,83.0,83.0,77014305.0,77.014305,329.0,0.25227963525835867,-0.8144578313253013,-0.46346035747761727,6.4795565951077565,7.806694692900912,-0.2314814814814815,-0.24545454545454548,15.416189697863151,16.587845212355166,26.043684367361454,"fund_neg_eps,fund_low_adv20,fund_small_mcap",3,trend_break;macd_sell_like;trailing_stop,True,False,True,False,True,False,False,False,False,5255.T,,83.0,-11.096256684491978,7.2211585,-7.48,11.494,5366566400.0,,1747292400.0,1747292400.0,True,,,False,1747292400.0,2025-05-15,-279.0
4,False,54.0822235089751,False,False,True,False,0.36863655102281073,2362.0,2362.0,26654020.0,26.65402,3515.0,0.671977240398293,-0.49563046192259674,-0.017946793671120287,173.87300195921875,7.361261725623149,-0.1360643745427944,-0.1360643745427944,27.73445920455264,28.54430761660986,21.779773112254546,"fund_low_adv20,fund_small_mcap",4,trend_break;macd_sell_like;trailing_stop;natr_spike,True,False,True,False,True,False,False,False,True,5256.T,,2362.0,17.271133,2.3901777,136.76,988.211,3011172096.0,,1747033200.0,1747033200.0,True,,,False,1747033200.0,2025-05-12,-282.0
3,False,45.64564564564565,False,False,True,False,0.4004669472961154,2457.0,2457.0,9735945.0,9.735945,2925.22119140625,0.8399364831685905,-0.25039870885181403,-0.04097018702413191,46.75129155140488,1.9027794689216475,-0.05061823802163834,-0.061855670103092786,21.53506786292792,24.597575392560028,29.517147777953163,"fund_low_adv20,fund_small_mcap",3,trend_break;macd_sell_like;di_bear,True,False,True,False,False,False,True,False,False,5257.T,,2457.0,14.807449,1.4665565,165.93,1675.353,3428785152.0,,1746149400.0,1746149400.0,True,,,False,1746149400.0,2025-05-02,-288.0
1,False,29.787234042553195,False,False,True,False,0.3453571236493213,324.0,324.0,76016465.0,76.016465,537.0,0.6033519553072626,-0.45437616387337054,-0.184392699811202,15.9367325055169,4.918744600468179,-0.1518324607329843,-0.1518324607329843,24.49625110937249,20.39344004807522,22.056522189594247,"fund_neg_eps,fund_low_adv20,fund_small_mcap",3,trend_break;trailing_stop;di_bear,True,False,False,False,True,False,True,False,False,5258.T,,324.0,-167.87564766839378,1.4645524,-1.93,221.228,9614765056.0,,1747204200.0,1747204200.0,True,,,False,1747204200.0,2025-05-14,-280.0
5,True,45.45454545454546,True,False,True,True,0.665234290452356,6870.0,6870.0,50390650.0,50.39065,8810.6435546875,0.7797387282050441,-0.24750105269294875,0.02267970747225667,146.60445235500032,2.1339803836244586,-0.031029619181946355,-0.18845381375533687,29.332366632274585,18.672238485099317,19.261904516129903,fund_low_adv20,1,di_bear,False,False,False,False,False,False,True,False,False,5261.T,,6870.0,14.09173,2.0852666,487.52,3294.543,38177062912.0,,1754546400.0,1754978400.0,True,,,False,1754546400.0,2025-08-07,-219.0
2,False,49.78354978354978,True,False,True,True,0.553948077968628,1080.0,1080.0,330286370.0,330.28637,2404.424072265625,0.44917201273165785,-0.5895066883646793,-0.2547915663227843,35.5456556353528,3.291264410680815,-0.05096660808435849,-0.1500978351575819,19.050110549789153,27.654813847712727,21.583043942087,,1,trend_break,True,False,False,False,False,False,False,False,False,5262.T,,1080.0,14.919188,1.0535568,72.39,1025.099,55015673856.0,,1754542800.0,1754974800.0,True,,,True,1754542800.0,2025-08-07,-219.0
4,False,46.7032967032967,True,False,True,True,0.46273385532640937,923.0,923.0,10146200.0,10.1462,1225.920654296875,0.7529035396906542,-0.369095263026771,-0.020261633166200665,30.103779014906614,3.2615145194915076,-0.023280423280423235,-0.08974358974358976,30.529799131574485,14.42422220691458,23.663009071996708,"fund_low_adv20,fund_small_mcap",2,trend_break;di_bear,True,False,False,False,False,False,True,False,False,5268.T,,923.0,26.691729,0.95639735,34.58,965.08,12157154304.0,,1747108800.0,1747108800.0,True,,,False,1747108800.0,2025-05-13,-281.0
4,False,45.45454545454545,False,False,True,False,0.36835774581265507,319.0,319.0,56735110.0,56.73511,374.0712585449219,0.8527786958048037,-0.24864828784217352,-0.021928845065042113,6.698428857613659,2.0998209584995795,-0.04491017964071853,-0.04491017964071853,16.021174820838688,21.14662901034364,19.066600581070066,"fund_low_adv20,fund_small_mcap",2,trend_break;macd_sell_like,True,False,True,False,False,False,False,False,False,5269.T,,319.0,25.35771,0.37909937,12.58,841.468,17311703040.0,,1754542800.0,1754974800.0,True,,,False,1754542800.0,2025-08-07,-219.0
2,False,29.629629629629633,False,False,True,True,0.3084714563132179,2200.0,2200.0,1564820.0,1.56482,2590.0,0.8494208494208494,,-0.049390523472953474,15.687482389865137,0.7130673813575062,-0.05902480752780159,-0.07172995780590719,8.991338647177605,33.395374225571324,41.97973679473323,"fund_neg_eps,fund_low_adv20,fund_small_mcap",1,trend_break,True,False,False,False,False,False,False,False,False,5271.T,,2200.0,-12.88659793814433,0.73413646,-170.72,2996.718,2904917504.0,,1744353000.0,1744353000.0,True,,,False,1744353000.0,2025-04-11,-303.0
0,False,27.058823529411754,False,False,True,False,0.42632531183113115,1402.0,1402.0,123648405.0,123.648405,2278.271728515625,0.6153787462891676,-0.38462125371083244,-0.261730824015183,60.11653067647549,4.2879123164390505,-0.1466828971393792,-0.26210526315789473,54.56845690052959,6.430383640702754,37.172228610995234,fund_low_adv20,4,trend_break;macd_sell_like;trailing_stop;di_bear,True,False,True,False,True,False,True,False,False,5273.T,,1402.0,7.156713,0.96944314,195.9,1446.191,98493472768.0,,1754546400.0,1754978400.0,True,,,False,1754546400.0,2025-08-07,-219.0
1,False,58.44155844155844,True,False,True,True,0.3808667691092356,1128.0,1128.0,4851620.0,4.85162,1508.62060546875,0.7477028988673493,-0.27748567396683443,-0.12255428951629721,24.918071606895957,2.2090489013205636,-0.045685279187817285,-0.19658119658119655,15.788205371864194,25.027953199614235,26.24956757887753,"fund_low_adv20,fund_small_mcap",1,trend_break,True,False,False,False,False,False,False,False,False,5279.T,,1128.0,5.681761,0.3814544,198.53,2957.103,3289938432.0,,1745825400.0,1745825400.0,True,,,False,1745825400.0,2025-04-28,-292.0
3,False,38.095238095238095,True,False,True,True,0.4949277379330494,2135.0,2135.0,28523105.0,28.523105,3046.34130859375,0.7008407081560921,-0.307694120139954,-0.13802637612517987,52.05753517491844,2.4382920456636272,-0.04001798561151082,-0.1816788041395171,44.36237979749142,12.64285558405116,29.33572755690312,"fund_low_adv20,fund_small_mcap",2,trend_break;di_bear,True,False,False,False,False,False,True,False,False,5280.T,,2135.0,5.653532,0.5108521,377.64,4179.292,14931775488.0,,1745994600.0,1745994600.0,True,,,False,1745994600.0,2025-04-30,-290.0
3,False,53.246753246753244,True,False,True,False,0.48994757791231647,377.0,377.0,30195970.0,30.19597,497.367431640625,0.7579909258562049,-0.26613610626653905,-0.012929533521209513,10.503612603794345,2.786104138937492,-0.062189054726368154,-0.1772235413218599,26.311857239546413,23.202878965687077,29.608396344334704,"fund_low_adv20,fund_small_mcap",2,trend_break;di_bear,True,False,False,False,False,False,True,False,False,5282.T,,377.0,6.3468013,0.46301925,59.4,814.221,11549357056.0,,1747290600.0,1747290600.0,True,,,False,1747290600.0,2025-05-15,-279.0
0,False,9.80926430517711,False,True,False,True,0.4606635673887132,2925.0,2925.0,8167265.0,8.167265,3790.0,0.7717678100263852,-0.22823218997361483,-0.13784082920553142,54.63981986210924,1.8680280294738203,-0.11363636363636365,-0.15217391304347827,40.901353986838515,14.149381833201744,46.24988397053518,"fund_low_adv20,fund_small_mcap",4,trend_break;trailing_stop;di_bear;vol_distribution,True,False,False,False,True,False,True,True,False,5283.T,,2925.0,7.7434216,0.30576503,377.74,9566.169,4832169984.0,,1746772200.0,1746772200.0,True,,,False,1746772200.0,2025-05-09,-283.0
2,False,26.5,False,False,True,True,0.5349167877428188,2150.0,2150.0,10519055.0,10.519055,2454.55078125,0.8759240250491355,-0.1375203902190606,-0.05384961914489905,40.417440528642175,1.8798809548205662,-0.04316866933689367,-0.05866900175131351,23.38463996058546,12.144802221953164,28.44380216327216,"fund_low_adv20,fund_small_mcap",2,trend_break;di_bear,True,False,False,False,False,False,True,False,False,5284.T,,2150.0,5.912929,0.9456606,363.61,2273.543,13026476032.0,,1746701940.0,1746701940.0,True,,,False,1746701940.0,2025-05-08,-284.0
1,False,34.418604651162795,True,False,True,False,0.5360903431448079,1211.0,1211.0,80609355.0,80.609355,2115.039794921875,0.5725660589968861,-0.4302707670592505,-0.30867672524310685,37.27545239166822,3.0780720389486556,-0.10096510764662214,-0.25568531038721576,49.78714906040029,12.559942120386793,37.251965664694154,"fund_low_adv20,fund_small_mcap",3,trend_break;trailing_stop;di_bear,True,False,False,False,True,False,True,False,False,5285.T,,1211.0,5.667353,1.1551365,213.68,1048.361,11738494976.0,,1746680400.0,1746680400.0,True,,,False,1746680400.0,2025-05-08,-284.0
1,False,29.665071770334933,False,False,True,True,0.5140368509263608,821.0,821.0,21734310.0,21.73431,1667.579833984375,0.4923302520625784,-0.5076697479374216,-0.2825871380475409,32.92635198892081,4.010517903644435,-0.18308457711442783,-0.3623365661016599,46.95547610735203,8.653858377240084,35.57563887321087,"fund_low_adv20,fund_small_mcap",3,trend_break;trailing_stop;di_bear,True,False,False,False,True,False,True,False,False,5287.T,,821.0,7.543183,0.7973227,108.84,1029.696,2423502592.0,,1746756000.0,1746756000.0,True,,,False,1746756000.0,2025-05-09,-283.0
5,True,25.25773195876289,False,False,True,False,0.3595711108877632,1475.0,1475.0,348475600.0,348.4756,1697.0,0.869180907483795,-0.13806201700467535,0.07402847577016747,54.13076870556499,3.669882624106101,-0.13081909251620505,-0.13081909251620505,18.350958136083943,24.11726006816619,28.794580405024732,,2,macd_sell_like;trailing_stop,False,False,True,False,True,False,False,False,False,5288.T,,1475.0,10.732738,1.0763054,137.43,1370.429,56180985856.0,,1754546400.0,1754978400.0,True,,,True,1754546400.0,2025-08-07,-219.0
3,False,45.63318777292577,True,False,True,False,0.6142355196730137,1539.0,1539.0,122436305.0,122.436305,2091.6328125,0.7357888013625719,-0.3136128661688685,-0.0013105732824811867,67.67271145506093,4.397187229048793,-0.18181818181818177,-0.26421119863742815,41.94397557995585,16.57025706356835,29.192572169168717,fund_low_adv20,3,trend_break;trailing_stop;di_bear,True,False,False,False,True,False,True,False,False,5290.T,,1539.0,7.501828,1.7099886,205.15,900.006,75898060800.0,,1754461800.0,1754980200.0,True,,,False,1754461800.0,2025-08-06,-220.0
4,True,62.836767036450084,False,False,True,False,0.5838629069623993,1796.5,1796.5,4847656802.5,4847.6568025,1899.5,0.9457752040010529,-0.20263157894736838,0.6453418171039726,74.17526573385553,4.128876467233817,-0.05422479599894714,-0.05422479599894714,64.35520339047652,34.259105160062056,11.000816789507251,,1,macd_sell_like;ext_dev200,False,False,True,False,False,True,False,False,False,5301.T,,1796.5,19.103573,1.2108284,94.04,1483.695,383563857920.0,1785911400.0,1785911400.0,1785911400.0,True,,,True,1785911400.0,2026-08-05,40.0
6,True,41.66666666666667,False,False,True,True,0.27997186252600514,4630.0,4630.0,309096100.0,309.0961,5050.0,0.9168316831683169,-0.2101927512052496,0.030049008968269675,96.6232147545559,2.0868944871394364,-0.0608519269776876,-0.0608519269776876,18.71390431409553,16.09875630912179,26.18868216618137,,1,macd_sell_like,False,False,True,False,False,False,False,False,False,5302.T,,4630.0,10.592299,0.95187557,437.11,4864.081,50705182720.0,,1754546400.0,1754978400.0,True,,,True,1754546400.0,2025-08-07,-219.0
4,True,34.915773353751916,False,False,True,True,0.4392507151083369,2431.0,2431.0,170205270.0,170.20527,2971.073486328125,0.8182227774528767,-0.21734841675547567,0.0035508272567754684,98.41197667222156,4.048209653320508,-0.08505833646970262,-0.18177722254712325,15.728191119215108,18.270244833282124,23.63316652989266,"fund_neg_eps,fund_low_adv20",2,macd_sell_like;trailing_stop,False,False,True,False,True,False,False,False,False,5304.T,,2431.0,-653.494623655914,0.627934,-3.72,3871.426,48460148736.0,,1754546400.0,1754978400.0,True,,,False,1754546400.0,2025-08-07,-219.0
4,True,59.13705583756345,False,False,True,False,0.4298120721072112,7780.0,7780.0,1567906300.0,1567.9063,8810.0,0.8830874006810443,-0.410260639692003,0.48156858728170593,422.03546697484745,5.424620398134286,-0.1169125993189557,-0.1169125993189557,33.99616497277669,35.167121358569744,19.692667844343266,,1,trailing_stop;ext_dev200,False,False,False,False,True,True,False,False,False,5310.T,,7780.0,29.829,1.7031538,260.82,4567.996,163163832320.0,,1754375400.0,1754980200.0,True,,,True,1754375400.0,2025-08-05,-221.0
4,True,59.168704156479215,False,False,True,False,0.3305163118896679,3775.0,3775.0,2181613675.0,2181.613675,4420.0,0.8540723981900452,-0.1459276018099548,0.3045043479967928,223.04557201482982,5.908491973902777,-0.1459276018099548,-0.1459276018099548,34.58362411359639,29.716409522754685,11.581805511262505,,3,macd_sell_like;trailing_stop;ext_dev200;natr_spike,False,False,True,False,True,True,False,False,True,5331.T,,3775.0,14.821359,1.245091,254.7,3031.907,207607709696.0,,1754287800.0,1754633400.0,True,,,True,1754287800.0,2025-08-04,-222.0
4,True,66.12343966712899,False,False,True,True,0.39626963053737757,7500.0,7500.0,11402780830.0,11402.78083,8026.0,0.9344629952653875,-0.3413251812879483,0.5203619266702182,354.28586145795805,4.723811486106108,-0.06553700473461255,-0.06553700473461255,33.00204930277622,36.66458079732368,19.75371158934519,,1,macd_sell_like;ext_dev200,False,False,True,False,False,True,False,False,False,5332.T,,7500.0,30.913813,2.3344646,242.61,3212.728,1233102307328.0,1777530600.0,1785393000.0,1785393000.0,True,,,True,1785393000.0,2026-07-30,36.0
5,True,54.24099017109574,False,False,True,False,0.35194181112985207,5933.0,5933.0,11221353045.0,11221.353045,6575.0,0.9023574144486692,-0.17331590128578822,0.6204156877142426,276.2628168788972,4.656376485401941,-0.09764258555133076,-0.09764258555133076,38.293217156089625,31.70627227227618,23.151296025686058,,2,macd_sell_like;trailing_stop;ext_dev200,False,False,True,False,True,True,False,False,False,5333.T,,5933.0,28.81496,2.1086512,205.9,2813.647,1669331288064.0,1777530600.0,1785393000.0,1785393000.0,True,,,True,1785393000.0,2026-07-30,36.0
4,True,56.20993589743589,False,False,True,True,0.2639705317551473,9918.0,9918.0,11110976100.0,11110.9761,10260.0,0.9666666666666667,-0.12077119012871906,0.40854576879090443,392.0478659082183,3.952892376570057,-0.033333333333333326,-0.033333333333333326,32.49264072587252,30.5286578368377,19.338693507807005,,1,macd_sell_like;ext_dev200,False,False,True,False,False,True,False,False,False,5334.T,,9918.0,17.38597,2.5364444,570.46,3910.198,1937089757184.0,1785479400.0,1785479400.0,1785479400.0,True,,,True,1785479400.0,2026-07-31,37.0
3,True,53.34323922734027,False,False,True,False,0.4426469819998445,743.0,743.0,22181320.0,22.18132,931.0,0.7980665950590763,-0.46294307196562834,0.1812776240897962,58.18047399059803,7.830481021614808,-0.16516853932584274,-0.16516853932584274,17.98906410703828,20.70396880662789,30.346898170455788,"fund_low_adv20,fund_small_mcap",2,macd_sell_like;trailing_stop;ext_dev200,False,False,True,False,True,True,False,False,False,5337.T,,743.0,32.220295,2.9007347,23.06,256.142,23817920512.0,,1754546400.0,1754892000.0,True,,,False,1754546400.0,2025-08-07,-219.0
0,False,17.307692307692307,False,False,True,True,0.457081810392931,188.0,188.0,74812160.0,74.81216,440.0,0.42727272727272725,-0.615909090909091,-0.328751227349817,22.577024900220245,12.009055797989491,-0.367003367003367,-0.5627906976744186,30.59030522434472,16.969041559374894,35.48147407169032,"fund_neg_eps,fund_low_adv20,fund_small_mcap",3,trend_break;trailing_stop;di_bear,True,False,False,False,True,False,True,False,False,5341.T,,188.0,-3.2758320264854506,1.1274228,-57.39,166.752,1401011328.0,,1752130800.0,1752476400.0,True,,,False,1752130800.0,2025-07-10,-239.0
5,True,44.709757101687934,False,False,False,False,0.3215254980880319,64680.0,64680.0,12091795250.0,12091.79525,79210.0,0.8165635652064134,-0.3299014615006015,0.24823636344838684,5244.322595463318,8.10810543516283,-0.18343643479358662,-0.18343643479358662,19.327342382676147,21.64020206317225,26.73318799232073,,3,macd_sell_like;trailing_stop;ext_dev200;natr_spike,False,False,True,False,True,True,False,False,True,5344.T,,64680.0,43.943203,5.4198895,1471.9,11933.822,798143807488.0,1778221800.0,1784788200.0,1784788200.0,True,,,True,1784788200.0,2026-07-23,31.0
2,False,36.15023474178405,False,False,True,True,0.568184737476206,1854.0,1854.0,187707340.0,187.70734,2450.611572265625,0.7565458438955917,-0.24467834031783164,-0.06489610996827189,38.56559583205542,2.0801292250299577,-0.04629629629629628,-0.15159756726737206,29.842005926318144,18.955145978523497,28.626810198170773,fund_low_adv20,2,trend_break;di_bear,True,False,False,False,False,False,True,False,False,5351.T,,1854.0,3.2439241,0.7911379,571.53,2343.46,84603805696.0,,1754289000.0,1754634600.0,True,,,False,1754289000.0,2025-08-04,-222.0
7,True,54.166666666666664,True,False,True,True,0.426398553087593,659.0,659.0,5056080.0,5.05608,670.0,0.9835820895522388,-0.04855144967555647,0.0690541177834132,8.168611873238007,1.2395465665004564,0.0,-0.016417910447761197,13.742848144660629,22.332989524172365,13.639588841747887,"fund_low_adv20,fund_small_mcap",0,,False,False,False,False,False,False,False,False,False,5355.T,,659.0,10.2616005,0.7089345,64.22,929.564,4379282432.0,,1746673200.0,1746673200.0,True,,,False,1746673200.0,2025-05-08,-284.0
4,False,64.42048517520215,False,False,True,False,0.4302546756768433,1322.0,1322.0,18066775.0,18.066775,1397.74169921875,0.9458113761211496,-0.18002812153393366,0.08526194877028304,40.726371489830385,3.080663501500029,-0.046176046176046204,-0.046176046176046204,43.276973912178136,40.258722842949,12.76523476521586,"fund_low_adv20,fund_small_mcap",1,trend_break,True,False,False,False,False,False,False,False,False,5356.T,,1322.0,10.8449545,0.8601725,121.9,1536.901,13566792704.0,,1747288800.0,1747288800.0,True,,,False,1747288800.0,2025-05-15,-279.0
3,False,60.19900497512438,True,False,True,False,0.4624668048885088,1721.0,1721.0,52803520.0,52.80352,1964.4224853515625,0.8760844537431578,-0.15089548585497548,-0.010714456532879502,28.373116977021194,1.6486413118548051,-0.01148765077541647,-0.07373519913885895,16.616482460331607,28.638856823180404,20.09089117728357,fund_low_adv20,1,trend_break,True,False,False,False,False,False,False,False,False,5357.T,,1721.0,12.816503,0.92094976,134.28,1868.723,31711344640.0,,1754550000.0,1754982000.0,True,,,False,1754550000.0,2025-08-07,-219.0
4,True,61.81818181818182,False,False,True,False,0.3961872343651334,673.0,673.0,114331045.0,114.331045,719.0,0.9360222531293463,-0.15514598669012136,0.18605608886734815,24.276154837207624,3.607155250699498,-0.06397774687065372,-0.06397774687065372,47.34866824682734,25.518884458404372,19.797209397754013,"fund_low_adv20,fund_small_mcap",1,macd_sell_like;ext_dev200,False,False,True,False,False,True,False,False,False,5363.T,,673.0,7.9957232,0.63389266,84.17,1061.694,29902573568.0,,1754978400.0,1755496800.0,True,,,False,1754978400.0,2025-08-12,-216.0
4,True,66.79596586501164,False,False,True,False,0.2508303503187346,1179.0,1179.0,1525413040.0,1525.41304,1449.0,0.8136645962732919,-0.200778068733112,0.7189729939538363,132.29571615890669,11.221010700500992,-0.1863354037267081,-0.1863354037267081,41.15533739282863,41.92638087348798,15.919449911063118,fund_small_mcap,2,trailing_stop;ext_dev200;natr_spike,False,False,False,False,True,True,False,False,True,5367.T,,1179.0,18.149632,0.9970503,64.96,1182.488,14095244288.0,,1753855200.0,1754287200.0,True,,,False,1753855200.0,2025-07-30,-225.0
2,False,52.032520325203244,True,False,True,False,0.443579363024626,926.0,926.0,31598785.0,31.598785,1310.8043212890625,0.7064364870947016,-0.3088213204019441,-0.11890935116581935,21.650705869499635,2.3380891867710187,-0.05702647657841142,-0.23534269199009084,45.203626403675514,10.370958829849304,32.170472609408435,"fund_low_adv20,fund_small_mcap",2,trend_break;di_bear,True,False,False,False,False,False,True,False,False,5368.T,,926.0,6.8108263,0.5422892,135.96,1707.576,8025880064.0,,1754535600.0,1754881200.0,True,,,False,1754535600.0,2025-08-07,-219.0
1,False,36.787564766839374,False,False,True,False,0.39659144812688474,1130.0,1130.0,2269180.0,2.26918,1923.0,0.5876235049401977,-0.5166678601903809,-0.2774497172142809,29.99122540178529,2.654090743520822,-0.07905460472697634,-0.2946317103620475,48.54342421946755,14.309322897267634,45.15553938504029,"fund_low_adv20,fund_small_mcap",2,trend_break;di_bear,True,False,False,False,False,False,True,False,False,5380.T,,1130.0,89.75377,0.24160436,12.59,4677.068,799520192.0,,1754305140.0,1754740800.0,True,,,False,1754305140.0,2025-08-04,-222.0
3,True,52.71493212669682,False,False,True,True,0.4932996727790649,965.0,965.0,367342850.0,367.34285,1310.0,0.7366412213740458,-0.482853873848474,0.4101085138442715,83.8254968635585,8.686579985860984,-0.26335877862595425,-0.26335877862595425,15.250222590597243,23.181091246325597,26.62272195578063,fund_small_mcap,2,macd_sell_like;trailing_stop;ext_dev200,False,False,True,False,True,True,False,False,False,5381.T,,965.0,26.61335,1.5026075,36.26,642.217,13444204544.0,,1747292400.0,1747292400.0,True,,,False,1747292400.0,2025-05-15,-279.0
4,True,62.62626262626262,False,False,True,False,0.33410375595596553,3750.0,3750.0,2107964550.0,2107.96455,4275.0,0.8771929824561403,-0.42340717861669497,0.40501646185685214,205.8382469602932,5.4890199189411515,-0.1228070175438597,-0.1228070175438597,34.33499713009839,34.54170861455619,22.973777056704346,,2,macd_sell_like;trailing_stop;ext_dev200,False,False,True,False,True,True,False,False,False,5384.T,,3750.0,30.72008,3.3168845,122.07,1130.579,278187212800.0,1778740200.0,1785911400.0,1785911400.0,True,,,True,1785911400.0,2026-08-05,40.0
5,True,37.93103448275862,False,False,True,True,0.473645482647838,1215.0,1215.0,3579215.0,3.579215,1336.523681640625,0.9090748010604265,-0.09316982807799423,0.015776912812227373,14.306361090250407,1.1774782790329552,-0.024879614767255198,-0.07604562737642584,39.46869851590651,12.058207055981535,24.81998420398433,"fund_low_adv20,fund_small_mcap",2,macd_sell_like;di_bear,False,False,True,False,False,False,True,False,False,5388.T,,1215.0,11.032416,0.66445255,110.13,1828.573,14796697600.0,,1753768800.0,1754287200.0,True,,,False,1753768800.0,2025-07-29,-226.0
5,True,59.9290780141844,False,False,True,True,0.34462342961486064,1408.0,1408.0,26443450.0,26.44345,1586.2734375,0.8876149387075644,-0.19382716961431812,0.07252591863566016,31.801062854901122,2.2585982141265,-0.034955448937628475,-0.034955448937628475,14.39562412724846,27.72867545506534,19.663419545430877,"fund_low_adv20,fund_small_mcap",1,macd_sell_like,False,False,True,False,False,False,False,False,False,5391.T,,1408.0,6.2149634,0.4535869,226.55,3104.146,7785820160.0,,1754287200.0,1754632800.0,True,,,False,1754287200.0,2025-08-04,-222.0
4,True,66.24649859943978,False,False,False,True,0.4021945648454344,3560.0,3560.0,2423365240.0,2423.36524,3780.0,0.9417989417989417,-0.1751490474818217,0.4306849056095432,141.99524347197453,3.988630434606026,-0.00808024519364725,-0.05820105820105825,21.61395881875888,31.93744942232068,18.277630834169774,,0,ext_dev200,False,False,False,False,False,True,False,False,False,5393.T,,3560.0,21.517075,2.8222923,165.45,1261.386,673156497408.0,1778481000.0,1785997800.0,1785997800.0,True,,,True,1785997800.0,2026-08-06,41.0
2,False,47.82608071985592,False,False,True,True,0.4754882085364396,542.2999877929688,542.2999877929688,18035524826.163635,18035.524826163637,683.9722290039062,0.7928684306126581,-0.2165352098838258,-0.09079828204992302,11.154118598994252,2.0568170477725523,-0.04288737882107996,-0.10125958592796802,19.550837357232258,21.706994355988428,28.899271096282014,,1,trend_break,True,False,False,False,False,False,False,False,False,5401.T,,542.3,164.33333,0.51247543,3.3,1058.197,2834219139072.0,1778653800.0,1785479400.0,1785479400.0,True,,,True,1785479400.0,2026-07-31,37.0
3,False,43.518518518518526,False,False,True,True,0.5851211167737325,1902.0,1902.0,3754340715.0,3754.340715,2301.673095703125,0.8263554036195435,-0.21633802780051625,-0.014184152798733196,45.689556639809275,2.402184891682927,-0.039393939393939426,-0.06070535185455905,10.951280441559376,18.613529494848994,24.9851324871733,,2,trend_break;macd_sell_like,True,False,True,False,False,False,False,False,False,5406.T,,1902.0,7.9959645,0.5963205,237.87,3189.56,752151625728.0,1778481000.0,1785997800.0,1785997800.0,True,,,True,1785997800.0,2026-08-06,41.0
3,False,27.067669172932327,False,False,True,False,0.43001753008858296,606.0,606.0,274872050.0,274.87205,684.0569458007812,0.8858911582143135,-0.34013220501004426,-0.024429117015759783,18.208401502956026,3.00468671665941,-0.10619469026548678,-0.10619469026548678,18.22815987578486,16.907997683433944,28.42700703370194,,2,trend_break;trailing_stop,True,False,False,False,True,False,False,False,False,5408.T,,606.0,13.336268,0.30100927,45.44,2013.227,32854564864.0,,1754287200.0,1754632800.0,True,,,True,1754287200.0,2025-08-04,-222.0
1,False,33.40248962655602,True,False,True,True,0.5906872259573634,2553.0,2553.0,430434695.0,430.434695,4178.541015625,0.6109788058687126,-0.39452550769767225,-0.29986089413582906,72.93877406714431,2.8569829246825034,-0.10483870967741937,-0.3146308724832215,61.895930763427785,10.084410013154358,39.62929908357787,,3,trend_break;trailing_stop;di_bear,True,False,False,False,True,False,True,False,False,5410.T,,2553.0,4.6360865,0.25965035,550.68,9832.453,37335060480.0,,1753849800.0,1754281800.0,True,,,True,1753849800.0,2025-07-30,-225.0
1,False,36.74588665447897,False,False,True,True,0.559215173682343,1582.5,1582.5,8779291012.5,8779.2910125,2309.126953125,0.6853239480221573,-0.31922322509268164,-0.1453230427041342,37.2998346545623,2.357019567428897,-0.06939135548368125,-0.18370143202851563,21.88154902795763,16.527997293765424,31.116937511295497,,2,trend_break;di_bear,True,False,False,False,False,False,True,False,False,5411.T,,1582.5,15.002844,0.38429943,105.48,4117.883,1006685716480.0,1778221800.0,1785738600.0,1785738600.0,True,,,True,1785738600.0,2026-08-03,38.0
5,True,31.5,False,False,True,True,0.4041852929370357,1671.0,1671.0,715140450.0,715.14045,1902.0,0.8785488958990536,-0.30693866034355677,0.07790679365177167,49.34987920029477,2.953314135265995,-0.0938177874186551,-0.1214511041009464,8.381241863691649,23.59496071952884,21.06220791193552,,2,macd_sell_like;trailing_stop,False,False,True,False,True,False,False,False,False,5423.T,,1671.0,14.836189,0.7747075,112.63,2156.943,170806804480.0,1777012200.0,1784788200.0,1784788200.0,True,,,True,1784788200.0,2026-07-23,31.0
1,False,21.559633027522935,True,False,True,True,0.5247748558185013,1717.0,1717.0,267925995.0,267.925995,2618.26416015625,0.6557779868542885,-0.34422201314571155,-0.23530544219070304,43.50937286563277,2.5340345291574122,-0.08572949946751862,-0.29225061830173127,48.085534109155745,14.449424571608716,38.40573927153784,,3,trend_break;trailing_stop;di_bear,True,False,False,False,True,False,True,False,False,5440.T,,1717.0,7.5638766,0.35253808,227.0,4870.396,74618978304.0,,1753761600.0,1754280000.0,True,,,True,1753761600.0,2025-07-29,-226.0
5,True,44.67455621301775,False,False,True,True,0.3657454955750855,11335.0,11335.0,1913678275.0,1913.678275,12795.326171875,0.8858703441976418,-0.1177151617678156,0.05223426458249936,328.4086648932326,2.8972974406107856,-0.05344467640918582,-0.0902889245585875,24.884818236809434,13.267762356043988,25.072895495198328,,2,macd_sell_like;di_bear,False,False,True,False,False,False,True,False,False,5444.T,,11335.0,11.059723,1.2502142,1024.89,9066.446,676959682560.0,1777530600.0,1785393000.0,1785393000.0,True,,,True,1785393000.0,2026-07-30,36.0
3,False,42.433234421364986,False,False,True,True,0.5041314825102796,1798.0,1798.0,343523865.0,343.523865,2145.0205078125,0.838220424211052,-0.17809643610451353,-0.06417061118491818,40.13935199545446,2.23244449362928,-0.04564755838641188,-0.1502835538752363,19.12206470607836,19.15344002465463,26.36956751477035,,1,trend_break,True,False,False,False,False,False,False,False,False,5445.T,,1798.0,5.6972656,0.7173956,315.59,2506.288,45506863104.0,,1753763400.0,1754281800.0,True,,,True,1753763400.0,2025-07-29,-226.0
3,False,53.70370370370371,False,False,True,False,0.3092600287769334,1234.0,1234.0,1325910.0,1.32591,1390.52880859375,0.8874321713966872,-0.2189378387869233,-0.01363172518697775,12.984320149653282,1.052213950539164,-0.033672670321065024,-0.035937499999999956,18.700009852981044,27.467706415095183,31.91207625335844,"fund_neg_eps,fund_low_adv20,fund_small_mcap",1,trend_break,True,False,False,False,False,False,False,False,False,5446.T,,1234.0,-14.022727272727273,0.2657807,-88.0,4642.926,4760663552.0,,1746770400.0,1746770400.0,True,,,False,1746770400.0,2025-05-09,-283.0
1,False,46.868008948545864,False,False,True,False,0.22229337191137244,2321.0,2321.0,183572700.0,183.5727,3595.0,0.6456189151599444,-0.3738525730180806,-0.13281785625549936,104.67593834221483,4.509949950116968,-0.133955223880597,-0.16118539934947596,15.311493086999196,23.462963956686085,26.228757123407743,"fund_neg_eps,fund_low_adv20",2,trend_break;trailing_stop,True,False,False,False,True,False,False,False,False,5449.T,,2321.0,-3.316377561226531,0.6235268,-699.86,3722.374,69440929792.0,,1753675200.0,1754020800.0,True,,,False,1753675200.0,2025-07-28,-227.0
3,False,67.23404255319149,False,False,True,True,0.513378472252692,1274.0,1274.0,611996390.0,611.99639,1573.0086669921875,0.809912892874307,-0.24348795720531768,-0.02562785824521252,27.804255025774015,2.182437600139248,-0.005464480874316946,-0.13339846028591373,28.292917176765258,19.547106994293532,18.521696584998466,,1,trend_break,True,False,False,False,False,False,False,False,False,5451.T,,1274.0,10.590191,0.90055,120.3,1414.691,182493708288.0,,1754550000.0,1754982000.0,True,,,True,1754550000.0,2025-08-07,-219.0
5,True,50.68493150684931,False,False,True,True,0.4042001568552126,1225.0,1225.0,4271945.0,4.271945,1250.0,0.98,-0.12635985710528452,0.21029027537525624,28.175949862152187,2.3000775397675257,-0.020000000000000018,-0.020000000000000018,34.00055829823965,22.874668251515196,17.959988462310513,"fund_low_adv20,fund_small_mcap",1,macd_sell_like;ext_dev200,False,False,True,False,False,True,False,False,False,5458.T,,1225.0,10.156703,0.7222349,120.61,1696.124,3677620224.0,,1747112400.0,1747112400.0,True,,,False,1747112400.0,2025-05-13,-281.0
1,False,55.55555555555556,False,True,False,True,0.3279384538070285,2042.0,2042.0,231837880.0,231.83788,2550.0,0.8007843137254902,-0.31684580310474086,-0.0612058643203528,57.48299082298872,2.8150338307046385,-0.04086425551902306,-0.1992156862745098,24.36483176145948,17.83358840354658,29.524371991267696,,3,trend_break;di_bear;vol_distribution,True,False,False,False,False,False,True,True,False,5461.T,,2042.0,43.456055,0.7379802,46.99,2767.012,55320477696.0,,1746684000.0,1746684000.0,True,,,True,1746684000.0,2025-05-08,-284.0
5,True,7.666666666666671,False,False,True,False,0.30950943119459673,1578.0,1578.0,1611737050.0,1611.73705,1922.5,0.8208062418725618,-0.1791937581274382,0.10356132025860099,50.190335112503504,3.18062960155282,-0.1791937581274382,-0.1791937581274382,28.5957930120784,23.35303909918989,35.71512218142363,,3,macd_sell_like;trailing_stop;di_bear,False,False,True,False,True,False,True,False,False,5463.T,,1578.0,13.384224,1.0047691,117.9,1570.51,348937715712.0,1786084200.0,1786084200.0,1786084200.0,True,,,True,1786084200.0,2026-08-07,42.0
4,False,53.38345864661654,False,False,True,False,0.4014479836120178,936.0,936.0,23482560.0,23.48256,1036.43017578125,0.9030999114768664,-0.2592029573463692,-0.024199027677708096,19.607059135831108,2.094771275195631,-0.03105590062111796,-0.04878048780487809,12.340484846263326,21.046759490484924,21.22052751124265,fund_low_adv20,1,trend_break,True,False,False,False,False,False,False,False,False,5464.T,,936.0,10.594228,0.60770303,88.35,1540.226,35545755648.0,,1753761600.0,1754280000.0,True,,,False,1753761600.0,2025-07-29,-226.0
4,True,75.9301442672741,False,False,True,False,0.48331440902401385,2180.0,2180.0,2729870217.5,2729.8702175,2351.267822265625,0.9271593730651256,-0.3728823113387797,0.2901173989451895,81.03685694857326,3.7172870159895988,-0.02176351806147636,-0.02176351806147636,27.560308745829243,29.45878075315432,14.625803644813484,,0,ext_dev200,False,False,False,False,False,True,False,False,False,5471.T,,2180.0,13.487595,0.921949,161.63,2364.556,435681296384.0,1785220200.0,1785220200.0,1785220200.0,True,,,True,1785220200.0,2026-07-28,34.0
3,False,49.714285714285715,False,False,True,True,0.43724799303276735,4405.0,4405.0,369708975.0,369.708975,5189.56689453125,0.8488184254146479,-0.2669433007131382,-0.011023671406164559,106.47011960855586,2.4170288219876475,-0.04550379198266519,-0.10010214504596526,14.673663701594599,20.15678314247367,24.600675355244253,,2,trend_break;macd_sell_like,True,False,True,False,False,False,False,False,False,5480.T,,4405.0,6.567863,0.6035703,670.69,7298.239,61027147776.0,,1753682400.0,1754028000.0,True,,,True,1753682400.0,2025-07-28,-227.0
4,True,55.074875207986686,False,False,False,True,0.5338701217334486,2929.0,2929.0,597640555.0,597.640555,3416.501708984375,0.8573096838493036,-0.220547733666543,0.0283773404638612,89.17202163624589,3.044452770100577,-0.021056149732620266,-0.04150858498573429,10.106303767629297,24.594145237212086,22.26346580628638,,0,,False,False,False,False,False,False,False,False,False,5482.T,,2929.0,17.158758,0.7964737,170.7,3677.46,187511963648.0,,1753762800.0,1754281200.0,True,,,True,1753762800.0,2025-07-29,-226.0
4,True,66.66666666666666,False,False,True,False,0.38746517416673404,4480.0,4480.0,58399165.0,58.399165,4480.0,1.0,-0.10307840968354698,0.9339824356807658,60.52373815345823,1.350976298068264,0.0,0.0,76.84671179493735,84.76880837970656,1.9215825044976258,fund_low_adv20,1,macd_sell_like;ext_dev200,False,False,True,False,False,True,False,False,False,5484.T,,4480.0,26.070765,1.1293522,171.84,3966.876,33276360704.0,,1747206000.0,1747206000.0,True,,,False,1747206000.0,2025-05-14,-280.0
2,False,35.5,False,False,False,True,0.4178245942360648,842.0,842.0,33963835.0,33.963835,1127.9228515625,0.7465049571729007,-0.25349504282709934,-0.04795946413922014,29.609141740355216,3.516525147310596,-0.12836438923395443,-0.17207472959685344,17.394896872459775,17.642508189470384,32.36392254823384,"fund_low_adv20,fund_small_mcap",3,trend_break;macd_sell_like;trailing_stop,True,False,True,False,True,False,False,False,False,5491.T,,842.0,26.003706,0.18620554,32.38,4521.885,5435897856.0,,1754366400.0,1754971200.0,True,,,False,1754366400.0,2025-08-05,-221.0
5,True,,False,False,True,False,0.3971744003998558,1274.0,1274.0,0.0,0.0,1274.0,1.0,0.0,0.006311166578462979,0.0,0.0,0.0,0.0,,,,"fund_low_adv20,fund_small_mcap",0,,False,False,False,False,False,False,False,False,False,5525.T,,1274.0,6.6489224,0.8323392,191.61,1530.626,3764669952.0,,,,True,,,False,,,
3,False,37.5,True,False,True,False,0.5785139909520723,599.0,599.0,26104190.0,26.10419,875.5155029296875,0.684168353382208,-0.33524877851678625,-0.14802798250390548,14.22690280477757,2.3751089824336513,-0.095166163141994,-0.1872455902306649,53.871810348488545,12.557201763620704,31.37758606177052,"fund_low_adv20,fund_small_mcap",3,trend_break;trailing_stop;di_bear,True,False,False,False,True,False,True,False,False,5527.T,,599.0,6.8511953,0.9037785,87.43,662.773,7460696576.0,,1744614000.0,1744614000.0,True,,,False,1744614000.0,2025-04-14,-302.0
3,False,,False,False,True,False,0.35112246162689403,1500.0,1500.0,0.0,0.0,1500.0,1.0,0.0,0.0,0.0,0.0,0.0,0.0,,,,"fund_low_adv20,fund_small_mcap",0,,False,False,False,False,False,False,False,False,False,5528.T,,1500.0,7.2780204,0.93869746,206.1,1597.959,1500000000.0,,,,True,,,False,,,
1,False,,False,False,True,False,0.49943098433224004,1210.0,1210.0,0.0,0.0,5270.0,0.22960151802656548,-0.8,-0.45446839974391573,0.006420500296570945,0.0005306198592207392,0.0,0.0,100.0,0.0,100.0,"fund_neg_eps,fund_low_adv20,fund_small_mcap",2,trend_break;di_bear,True,False,False,False,False,False,True,False,False,5531.T,,6050.0,-37.03703703703704,1.1050228,-163.35,5475.0,1210000000.0,,,,True,,,False,,,
6,True,46.7680608365019,False,False,True,True,0.46376935461561136,3420.0,3420.0,187329800.0,187.3298,4270.0,0.8009367681498829,-0.3713872832369942,0.14429492026740376,180.415805773898,5.275315958301111,-0.1534653465346535,-0.1990632318501171,22.632796974479586,19.824260745254506,33.91877246586736,"fund_low_adv20,fund_small_mcap",2,trailing_stop;di_bear,False,False,False,False,True,False,True,False,False,5532.T,,3420.0,30.026339,4.855651,113.9,704.334,22179485696.0,,1745303400.0,1745303400.0,True,,,False,1745303400.0,2025-04-22,-296.0
3,False,47.78761061946903,False,False,True,True,0.5194902103117969,1870.0,1870.0,2044755.0,2.044755,2075.0,0.9012048192771084,-0.11084337349397588,-0.0383663094653679,28.470089562027397,1.5224646824613581,-0.0405336069779374,-0.06965174129353235,16.161131424366246,24.989536548459213,29.011748978918426,"fund_low_adv20,fund_small_mcap",1,trend_break,True,False,False,False,False,False,False,False,False,5533.T,,1870.0,8.673067,1.1872405,215.61,1575.081,6568935936.0,,1747029600.0,1747029600.0,True,,,False,1747029600.0,2025-05-12,-282.0
5,True,,False,False,True,False,0.49075023924552147,850.0,850.0,0.0,0.0,850.0,1.0,0.0,7.059321834468335e-05,0.0,0.0,0.0,0.0,,,,"fund_low_adv20,fund_small_mcap",0,,False,False,False,False,False,False,False,False,False,5534.T,,850.0,13.07089,0.16635561,65.03,5109.536,3297999872.0,,,,True,,,False,,,
1,False,25.925925925925924,True,False,True,True,0.5575570662359218,252.0,252.0,77083055.0,77.083055,1323.4000244140625,0.1904186151965453,-0.8384306447742671,-0.4582233629559793,10.799024429752695,4.285327154663768,-0.12195121951219512,-0.3381941157358199,35.75471985267382,15.24031565517684,33.01101438476908,"fund_low_adv20,fund_small_mcap",3,trend_break;trailing_stop;di_bear,True,False,False,False,True,False,True,False,False,5535.T,,252.0,10.880829,1.0702546,23.16,235.458,16204730368.0,,1747031400.0,1747031400.0,True,,,False,1747031400.0,2025-05-12,-282.0
5,True,,False,False,True,False,0.490750239245521,352.0,352.0,0.0,0.0,352.0,1.0,0.0,0.045441045441045436,0.0,0.0,0.0,0.0,,,,"fund_low_adv20,fund_small_mcap",0,,False,False,False,False,False,False,False,False,False,5536.T,,352.0,6.640257,0.5682002,53.01,619.5,1408000000.0,,,,True,,,False,,,
3,True,36.750189825360664,False,False,True,False,0.5463783258324932,2273.0,2273.0,231986225.0,231.986225,3810.0,0.5965879265091864,-0.75,0.2967591717685316,166.90987673457016,7.343153397913338,-0.20828979449669105,-0.3560906515580736,17.763397723045138,18.81358252689836,25.120777162407254,fund_small_mcap,3,cross_sma25_down;macd_sell_like;trailing_stop;ext_dev200,False,True,True,False,True,True,False,False,False,5537.T,,2273.0,20.019377,9.020772,113.54,251.974,18601322496.0,,,,True,,,False,,,
2,False,47.559055118110244,False,False,True,True,0.48736851590165425,2134.0,2134.0,816585005.0,816.585005,3714.35791015625,0.5745272942504968,-0.42547270574950324,-0.10506346343436679,101.16255661231816,4.7405134307553025,-0.11231281198003329,-0.3096625215235269,20.622094524161348,20.280497805558184,31.758671826206402,,3,trend_break;trailing_stop;di_bear,True,False,False,False,True,False,True,False,False,5541.T,,2134.0,14.613436,0.59121025,146.03,3609.545,37105287168.0,1778567400.0,1785997800.0,1785997800.0,True,,,True,1785997800.0,2026-08-06,41.0
6,True,44.6969696969697,False,False,True,False,0.42856419568995646,800.0,800.0,6495185.0,6.495185,869.0,0.9205983889528193,-0.13317192744778028,0.025766350422308015,20.773437764526665,2.596679720565833,-0.05882352941176472,-0.06651108518086346,12.331243371119452,21.227884210788005,23.0625306327867,"fund_low_adv20,fund_small_mcap",1,macd_sell_like,False,False,True,False,False,False,False,False,False,5542.T,,800.0,13.293453,1.9625256,60.18,407.638,5324825600.0,,1754541000.0,1754973000.0,True,,,False,1754541000.0,2025-08-07,-219.0
5,True,42.24598930481283,False,False,True,False,0.4193691296447468,443.0,443.0,681810220.0,681.81022,547.0,0.8098720292504571,-0.20170304365269254,0.1577389157253597,23.48877694620708,5.302206985599792,-0.1901279707495429,-0.1901279707495429,20.52169203416703,17.561864062979783,31.18050903326849,,3,macd_sell_like;trailing_stop;di_bear,False,False,True,False,True,False,True,False,False,5563.T,,443.0,41.324627,0.771206,10.72,574.425,55280713728.0,,1754366400.0,1754971200.0,True,,,True,1754366400.0,2025-08-05,-221.0
1,False,36.47798742138365,False,False,True,True,0.5015301521579972,625.0,625.0,13895845.0,13.895845,852.0,0.7335680751173709,-0.28286384976525825,-0.11553071506677914,17.82767232074088,2.852427571318541,-0.08088235294117652,-0.09682080924855496,21.822386058327275,13.670161446341481,25.116903032658993,"fund_low_adv20,fund_small_mcap",3,trend_break;trailing_stop;di_bear,True,False,False,False,True,False,True,False,False,5570.T,,625.0,15.984655,2.3427718,39.1,266.778,8270000128.0,,1747047540.0,1747047540.0,True,,,False,1747047540.0,2025-05-12,-282.0
1,False,53.59116022099448,False,False,True,False,0.34937610839075706,986.0,986.0,16897875.0,16.897875,1418.14794921875,0.6952730147395284,-0.3160093059864679,-0.1584429403826203,25.175024870988068,2.5532479585180594,-0.09541284403669725,-0.1209676752348603,24.89110905682289,14.011646557622425,33.822590576863085,"fund_low_adv20,fund_small_mcap",4,trend_break;macd_sell_like;trailing_stop;di_bear,True,False,True,False,True,False,True,False,False,5571.T,,986.0,19.371315,1.3185661,50.9,747.782,4736438272.0,,1747290600.0,1747290600.0,True,,,False,1747290600.0,2025-05-15,-279.0
3,False,64.87495334079881,False,False,True,False,0.35055460446271436,3020.0,3020.0,594645405.0,594.645405,3540.0,0.8531073446327684,-0.46327683615819204,0.2643124777594037,272.2805410017646,9.015911953700815,-0.10914454277286134,-0.10914454277286134,39.5070488312988,42.81171233739001,11.642123460496933,fund_small_mcap,3,trend_break;trailing_stop;ext_dev200;natr_spike,True,False,False,False,True,True,False,False,True,5572.T,,3020.0,87.15728,3.8705194,34.65,780.257,13032037376.0,,1749639540.0,1749639540.0,True,,,False,1749639540.0,2025-06-11,-260.0
5,True,,False,False,True,True,0.4905364912088132,1700.0,1700.0,0.0,0.0,1700.0,1.0,0.0,0.004039783599895985,0.0,0.0,0.0,0.0,,,,"fund_neg_eps,fund_low_adv20,fund_small_mcap",0,,False,False,False,False,False,False,False,False,False,5573.T,,1700.0,,0.96491235,,1761.818,935000000.0,,,,True,,,False,,,
0,False,29.511677282377917,False,False,True,True,0.3321860221214332,2169.0,2169.0,284694275.0,284.694275,4140.0,0.5239130434782608,-0.47608695652173916,-0.24175553345417233,135.82902766240252,6.26228804344871,-0.197558268590455,-0.32218749999999996,15.282263206196607,25.084238926669716,35.12310990007814,fund_small_mcap,3,trend_break;macd_sell_like;trailing_stop,True,False,True,False,True,False,False,False,False,5574.T,,2169.0,41.92925,4.4037747,51.73,492.532,21551491072.0,,1744612200.0,1744612200.0,True,,,False,1744612200.0,2025-04-14,-302.0
1,False,25.766871165644176,False,False,True,True,0.33923281555256957,644.0,644.0,4213710.0,4.21371,1185.0,0.5434599156118144,-0.4995780590717299,-0.1136191590392952,26.73985502545131,4.152151401467594,-0.125,-0.31707317073170727,24.624092817038512,19.815469956008652,27.28234047986747,"fund_low_adv20,fund_small_mcap",3,trend_break;trailing_stop;di_bear,True,False,False,False,True,False,True,False,False,5575.T,,644.0,12.1877365,3.006999,52.84,214.167,3171293696.0,,1744612200.0,1744612200.0,True,,,False,1744612200.0,2025-04-14,-302.0
4,False,33.0246913580247,False,False,True,True,0.3491842942565348,2791.0,2791.0,14950800.0,14.9508,3084.25048828125,0.9049200156097994,-0.1868364746867156,0.012215432337574494,51.87840983814324,1.8587749852433981,-0.052292020373514436,-0.08939641109298535,21.550139160115393,18.855193334178825,24.030843543859586,"fund_low_adv20,fund_small_mcap",3,trend_break;macd_sell_like;di_bear,True,False,True,False,False,False,True,False,False,5576.T,,2791.0,10.761105,1.1392409,259.36,2449.877,6491394560.0,,1745391600.0,1745391600.0,True,,,False,1745391600.0,2025-04-23,-295.0
0,False,31.679389312977108,False,False,True,True,0.5176948603901114,828.0,828.0,24297760.0,24.29776,1343.0,0.616530156366344,-0.4102755026061057,-0.20094540708973507,42.523128494398534,5.135643537970838,-0.12933753943217663,-0.2679045092838196,16.7298257762023,21.979141597345027,23.702009125342858,"fund_low_adv20,fund_small_mcap",2,trend_break;trailing_stop,True,False,False,False,True,False,False,False,False,5578.T,,828.0,12.212389,3.4046192,67.8,243.199,8120029696.0,,1744354800.0,1744354800.0,True,,,False,1744354800.0,2025-04-11,-303.0
1,False,55.13307984790874,True,False,True,True,0.5347827181992793,1468.0,1468.0,2398135.0,2.398135,1933.0,0.7594412829798242,-0.2710812209001552,-0.07392220441842567,30.873591515110714,2.1031056890402393,-0.015425888665325238,-0.09661538461538466,10.92534467936438,27.14778395344965,21.881940561770193,"fund_low_adv20,fund_small_mcap",1,trend_break,True,False,False,False,False,False,False,False,False,5580.T,,1468.0,36.61761,2.639419,40.09,556.183,2470497280.0,,1744612200.0,1744612200.0,True,,,False,1744612200.0,2025-04-14,-302.0
2,False,,False,False,True,True,0.5072880752845433,193.0,193.0,0.0,0.0,226.0,0.8539823008849557,-0.14601769911504425,-0.09850997244149662,0.01417890692185067,0.007346583897331953,0.0,0.0,100.0,0.0,100.0,"fund_low_adv20,fund_small_mcap",2,trend_break;di_bear,True,False,False,False,False,False,True,False,False,5581.T,,193.0,10.639471,1.1273233,18.14,171.202,729848832.0,,,,True,,,False,,,
1,False,44.97991967871486,False,False,True,False,0.2222269531009521,1906.0,1906.0,122913650.0,122.91365,3150.0,0.6050793650793651,-0.3949206349206349,-0.23703235206994,110.99152726798941,5.823270056033023,-0.20251046025104602,-0.254595228783731,18.33431867555752,18.613063289311285,28.106739662205175,"fund_low_adv20,fund_small_mcap",3,trend_break;macd_sell_like;trailing_stop,True,False,True,False,True,False,False,False,False,5582.T,,1906.0,22.476414,2.1906989,84.8,870.042,9121811456.0,,1747276260.0,1747276260.0,True,,,False,1747276260.0,2025-05-15,-279.0
3,False,,False,False,True,False,,1182.0,1182.0,0.0,0.0,1182.0,1.0,0.0,0.0,0.0,0.0,0.0,0.0,,,,"fund_low_adv20,fund_small_mcap",0,,False,False,False,False,False,False,False,False,False,5584.T,,1182.0,26.110006,2.7735085,45.27,426.175,1212022784.0,,,,True,,,False,,,
1,False,40.98360655737705,False,False,True,False,0.2677074312723456,772.0,772.0,65119780.0,65.11978,1311.0,0.5888634630053394,-0.44404332129963897,-0.13638321316903734,33.76060246673386,4.373135034551018,-0.13646532438478742,-0.16899892357373525,12.996875759913394,21.531004603701373,32.2538308194885,"fund_low_adv20,fund_small_mcap",3,trend_break;macd_sell_like;trailing_stop,True,False,True,False,True,False,False,False,False,5586.T,,772.0,80.166145,4.547034,9.63,169.781,12311866368.0,,1747033200.0,1747033200.0,True,,,False,1747033200.0,2025-05-12,-282.0
0,False,26.19047619047619,False,False,True,True,0.4626919215603989,778.0,778.0,4572275.0,4.572275,1340.0,0.5805970149253732,-0.526865671641791,-0.15976369703973303,22.44120359204321,2.884473469414294,-0.056969696969697003,-0.08578143360752055,20.85087922491049,12.723314633241822,29.906160275869176,"fund_low_adv20,fund_small_mcap",3,trend_break;macd_sell_like;di_bear,True,False,True,False,False,False,True,False,False,5587.T,,778.0,9.9019985,1.6847193,78.57,461.798,2683756800.0,,1747290600.0,1747290600.0,True,,,False,1747290600.0,2025-05-15,-279.0
0,False,56.83760683760684,False,False,True,True,0.2600239922957638,727.0,727.0,32735620.0,32.73562,1768.542236328125,0.41107302108283755,-0.6421211312793353,-0.30520260749787864,39.36865313382635,5.415220513593721,-0.03708609271523178,-0.2693467336683417,18.058702833211964,23.12019104540758,21.448884865080327,"fund_low_adv20,fund_small_mcap",1,trend_break,True,False,False,False,False,False,False,False,False,5588.T,,727.0,42.047424,5.163022,17.29,140.809,8044069376.0,,1747278000.0,1747278000.0,True,,,False,1747278000.0,2025-05-15,-279.0
6,True,40.43392504930966,False,False,True,False,0.35463359628522007,2753.0,2753.0,31332585.0,31.332585,2859.0,0.962924099335432,-0.12734079794205488,0.08423518905564875,45.4851314855732,1.6522023786986269,-0.03707590066456801,-0.03707590066456801,25.355652578783545,33.170747070371355,23.050177072822084,"fund_low_adv20,fund_small_mcap",1,natr_spike,False,False,False,False,False,False,False,False,True,5589.T,,2753.0,13.970365,1.520263,197.06,1810.871,19944314880.0,,1747206000.0,1747206000.0,True,,,False,1747206000.0,2025-05-14,-280.0
0,False,33.33333333333333,False,False,False,False,0.5095887307079772,682.0,682.0,332879155.0,332.879155,1325.0,0.5147169811320754,-0.4976525821596244,-0.29045917279191824,46.370192559863895,6.799148469188254,-0.14213836477987418,-0.21609195402298853,28.227983796042643,13.41876441251573,29.992515013951564,fund_small_mcap,3,trend_break;trailing_stop;di_bear,True,False,False,False,True,False,True,False,False,5590.T,,682.0,23.533472,1.4715942,28.98,463.443,11519486976.0,,1747290600.0,1747290600.0,True,,,False,1747290600.0,2025-05-15,-279.0
0,False,33.014354066985646,False,False,True,False,0.25484860927378167,721.0,721.0,50390405.0,50.390405,1890.0,0.3814814814814815,-0.6185185185185185,-0.39261193715513243,43.624272920084756,6.050523289886929,-0.29452054794520544,-0.3703056768558952,30.500267579509906,15.256771367943193,33.38432592723511,"fund_low_adv20,fund_small_mcap",4,trend_break;macd_sell_like;trailing_stop;di_bear,True,False,True,False,True,False,True,False,False,5591.T,,721.0,26.161104,5.74136,27.56,125.58,4403618304.0,,1747117800.0,1747117800.0,True,,,False,1747117800.0,2025-05-13,-281.0
1,False,25.238744884038198,False,False,True,False,0.4838918826117243,2606.0,2606.0,217182980.0,217.18298,4531.28955078125,0.5751122215420318,-0.47326090149428657,-0.12476238077877044,111.77486736878215,4.289135355670842,-0.13277870216306153,-0.14836601307189545,19.65947872367839,22.303008342786754,30.80674246936452,fund_small_mcap,2,trend_break;trailing_stop,True,False,False,False,True,False,False,False,False,5592.T,,2606.0,10.040068,2.616295,259.56,996.065,29861064704.0,,1747220340.0,1747220340.0,True,,,False,1747220340.0,2025-05-14,-280.0
3,False,,False,False,True,False,,500.0,500.0,0.0,0.0,500.0,1.0,0.0,0.0,0.0,0.0,0.0,0.0,,,,"fund_neg_eps,fund_low_adv20,fund_small_mcap",0,,False,False,False,False,False,False,False,False,False,5594.T,,500.0,,0.8695652,,575.0,500000000.0,,,,True,,,False,,,
0,False,19.565217391304344,False,False,True,True,0.39131326106014086,1519.0,1519.0,423857395.0,423.857395,2900.0,0.5237931034482759,-0.6089655172413793,-0.16856872307700732,163.55114589061142,10.767027379237092,-0.31514878268710556,-0.4197860962566845,34.416192865629064,22.117524370255357,23.15836390139018,"fund_neg_eps,fund_small_mcap",4,trend_break;macd_sell_like;trailing_stop;di_bear,True,False,True,False,True,False,True,False,False,5597.T,,1519.0,-9.458870415343421,43.72859,-160.59,34.737,6124913152.0,,1747117800.0,1747117800.0,True,,,False,1747117800.0,2025-05-13,-281.0
3,False,,False,False,True,False,,3200.0,3200.0,0.0,0.0,3200.0,1.0,0.0,0.0,2.3018304014959993e-17,7.193220004674997e-19,0.0,0.0,96.54134061141153,1.7293296942943495,98.27067030570564,"fund_low_adv20,fund_small_mcap",1,di_bear,False,False,False,False,False,False,True,False,False,5598.T,,3200.0,54.054054,7.130633,59.2,448.768,1233600000.0,,,,True,,,False,,,
2,False,43.604651162790695,True,False,True,False,0.5191665700334954,935.0,935.0,75775655.0,75.775655,2412.65185546875,0.3875403730051804,-0.6456181615834982,-0.39706447023419555,58.223283799610186,6.227089176428897,-0.14377289377289382,-0.43773175290329547,33.34081542814748,22.021642670315973,29.920114013831427,"fund_low_adv20,fund_small_mcap",3,trend_break;trailing_stop;di_bear,True,False,False,False,True,False,True,False,False,5599.T,,935.0,12.824029,2.4181702,72.91,386.656,5209075712.0,,1747220340.0,1747220340.0,True,,,False,1747220340.0,2025-05-14,-280.0
2,False,51.86915887850467,True,False,True,True,0.5322478706991527,1380.0,1380.0,401224055.0,401.224055,1953.5419921875,0.7064091816397199,-0.31304266539093906,-0.14449546065736651,36.636389053358535,2.6548108009680096,-0.007194244604316502,-0.13749999999999996,21.29219197298798,19.836369476431585,22.11316296401124,,2,trend_break;di_bear,True,False,False,False,False,False,True,False,False,5602.T,,1380.0,12.490949,0.88748777,110.48,1554.951,83755761664.0,,1753941600.0,1754287200.0,True,,,True,1753941600.0,2025-07-31,-224.0
1,False,26.08695652173914,False,False,True,True,0.3547034051628474,1186.0,1186.0,16143010.0,16.14301,1583.251708984375,0.7490912488961062,-0.26290936976243173,-0.06720302437719738,34.150972590427834,2.8795086501203904,-0.08839354342813222,-0.25090875110389377,27.27465763144607,11.151858765237845,27.805625936670648,"fund_low_adv20,fund_small_mcap",3,trend_break;trailing_stop;di_bear,True,False,False,False,True,False,True,False,False,5603.T,,1186.0,8.262506,0.2508411,143.54,4728.093,3892803072.0,,1753770600.0,1754289000.0,True,,,False,1753770600.0,2025-07-29,-226.0
6,True,40.6015037593985,False,False,True,False,0.3375323323566055,862.0,862.0,7500355.0,7.500355,929.0,0.9278794402583423,-0.23770963059151828,0.01794600306719496,19.5082512996524,2.2631382018158237,-0.06304347826086953,-0.07212055974165765,16.28687951391353,17.425196982413958,23.6077190303268,"fund_low_adv20,fund_small_mcap",1,macd_sell_like,False,False,True,False,False,False,False,False,False,5609.T,,862.0,2462.8572,0.35377848,0.35,2436.553,4155821824.0,,1745562600.0,1745562600.0,True,,,False,1745562600.0,2025-04-25,-293.0
2,False,40.34334763948498,False,False,True,True,0.469392747305991,1510.0,1510.0,15449920.0,15.44992,2690.1806640625,0.5613005922508254,-0.4386994077491746,-0.13548661629963277,40.2043549761775,2.6625400646475166,-0.05031446540880502,-0.14496036240090604,12.470125354945495,19.520352658330008,14.375107409143384,"fund_low_adv20,fund_small_mcap",1,trend_break,True,False,False,False,False,False,False,False,False,5612.T,,1510.0,53.206486,0.4907591,28.38,3076.866,4851644928.0,,1753682400.0,1754028000.0,True,,,False,1753682400.0,2025-07-28,-227.0
1,False,41.52249134948097,False,False,True,False,0.1483067088067725,663.0,663.0,7815010.0,7.81501,1518.0,0.4367588932806324,-0.5632411067193677,-0.2829835670215699,23.188991658611812,3.49758546887056,-0.16393442622950816,-0.1875,23.443153913369528,20.912787514154623,25.574669546965044,"fund_neg_eps,fund_low_adv20,fund_small_mcap",5,trend_break;macd_sell_like;trailing_stop;di_bear;natr_spike,True,False,True,False,True,False,True,False,True,5616.T,,663.0,-394.64285714285717,4.9076214,-1.68,135.096,1604758400.0,,1747278000.0,1747278000.0,True,,,False,1747278000.0,2025-05-15,-279.0
3,False,,False,False,True,False,,1437.0,1437.0,0.0,0.0,1437.0,1.0,0.0,0.0,0.0,0.0,0.0,0.0,,,,"fund_low_adv20,fund_small_mcap",0,,False,False,False,False,False,False,False,False,False,5617.T,,1437.0,8.5909,0.68266034,167.27,2105.0,287400000.0,,,,True,,,False,,,
1,False,61.11111111111111,True,False,True,False,0.31462646274555806,294.0,294.0,1529650.0,1.52965,621.0,0.47342995169082125,-0.6317460317460317,-0.1696439919223871,7.345340674962504,2.498415195565477,-0.0725552050473186,-0.14534883720930236,11.211107377729647,27.696756079719552,24.711381522119517,"fund_neg_eps,fund_low_adv20,fund_small_mcap",1,trend_break,True,False,False,False,False,False,False,False,False,5618.T,,294.0,-16.44295302013423,6.1970406,-17.88,47.442,2509819136.0,,1747204200.0,1747204200.0,True,,,False,1747204200.0,2025-05-14,-280.0
2,False,46.41638225255973,False,True,False,False,0.3759523243197688,839.0,839.0,1660385.0,1.660385,1160.0,0.7232758620689655,-0.41702921068986953,-0.1041110517885745,26.179264267590685,3.120293714849903,-0.05518018018018023,-0.0594170403587444,12.409321186963933,22.859523841169032,25.748162697663208,"fund_neg_eps,fund_low_adv20,fund_small_mcap",3,trend_break;cross_sma25_down;natr_spike,True,True,False,False,False,False,False,False,True,5619.T,,839.0,-129.07692307692307,1.5142053,-6.5,554.086,2943612928.0,,1747306740.0,1747306740.0,True,,,False,1747306740.0,2025-05-15,-279.0
3,False,,False,False,True,False,,2200.0,2200.0,0.0,0.0,2200.0,1.0,0.0,0.0,0.0,0.0,0.0,0.0,,,,"fund_low_adv20,fund_small_mcap",0,,False,False,False,False,False,False,False,False,False,5620.T,,2200.0,21.097046,2.7851734,104.28,789.897,3422980096.0,,,,True,,,False,,,
1,False,46.015424164524426,False,False,True,False,0.46289844025518956,1347.0,1347.0,124522660.0,124.52266,2610.057861328125,0.5160805129870112,-0.5092062827495462,-0.27494148531592,55.467114215889595,4.117825851216748,-0.13929712460063903,-0.13929712460063903,22.886455699472815,16.797608052651245,26.788433098353682,"fund_low_adv20,fund_small_mcap",3,trend_break;trailing_stop;di_bear,True,False,False,False,True,False,True,False,False,5621.T,,1347.0,12.720748,2.451989,105.89,549.35,12921982976.0,,1747306740.0,1747306740.0,True,,,False,1747306740.0,2025-05-15,-279.0
3,False,,False,False,True,False,,1200.0,1200.0,0.0,0.0,1200.0,1.0,0.0,0.0,0.0,0.0,0.0,0.0,,,,"fund_low_adv20,fund_small_mcap",0,,False,False,False,False,False,False,False,False,False,5622.T,,1200.0,6.277464,1.5725805,191.16,763.077,780000000.0,,,,True,,,False,,,
1,False,39.68304278922346,False,False,True,False,0.34032100420117756,7091.0,7091.0,10252021110.0,10252.02111,10340.75390625,0.6857333676332986,-0.3142666323667014,-0.2132461130777903,417.9967902346868,5.894750955220516,-0.13975494358849938,-0.3082776989370457,25.305924000354732,17.211511515938117,27.10142695744749,,4,trend_break;macd_sell_like;trailing_stop;di_bear,True,False,True,False,True,False,True,False,False,5631.T,,7091.0,27.16338,2.4571693,261.05,2885.841,521974022144.0,1778653800.0,1785738600.0,1785738600.0,True,,,True,1785738600.0,2026-08-03,38.0
5,True,50.263157894736835,False,False,True,False,0.2908468102968384,2107.0,2107.0,284210110.0,284.21011,2169.0,0.9714153988012909,-0.16290018124296834,0.15495664558877675,72.25133346254026,3.429109324278133,-0.028584601198709092,-0.028584601198709092,31.48083891611449,30.94692172400068,20.654483126777716,,1,macd_sell_like,False,False,True,False,False,False,False,False,False,5632.T,,2107.0,10.430177,0.65446144,202.01,3219.441,31860271104.0,,1754460000.0,1754978400.0,True,,,True,1754460000.0,2025-08-06,-220.0
4,True,57.14285714285714,False,False,True,False,0.37652013610216367,7640.0,7640.0,468264950.0,468.26495,7660.0,0.9973890339425587,-0.17281880408385464,0.5406729213420214,99.7608755901123,1.3057706229072292,-0.0026109660574412663,-0.0026109660574412663,64.83418975108195,60.63040050482863,9.059481943038783,fund_small_mcap,1,macd_sell_like;ext_dev200,False,False,True,False,False,True,False,False,False,5644.T,,7640.0,8.135276,0.84004515,939.12,9094.749,21870569472.0,,1747112400.0,1747112400.0,True,,,False,1747112400.0,2025-05-13,-281.0
3,False,54.34782608695652,False,False,True,True,0.4688345626403754,350.0,350.0,9235790.0,9.23579,408.3600158691406,0.8570868508148894,-0.1527084274801379,-0.04134031403669469,8.186850012153808,2.3391000034725167,-0.04109589041095896,-0.09326424870466321,18.493999528029295,17.933227398959158,26.137850197355167,"fund_low_adv20,fund_small_mcap",2,trend_break;macd_sell_like,True,False,True,False,False,False,False,False,False,5658.T,,350.0,15.74449,0.29451612,22.23,1188.39,15725975552.0,,1753765200.0,1754283600.0,True,,,False,1753765200.0,2025-07-29,-226.0
5,True,54.75638051044084,False,False,True,True,0.21051167549567587,1422.0,1422.0,85650340.0,85.65034,1535.0,0.9263843648208469,-0.216652067631545,0.17404323707112912,53.72022578147358,3.7777936555185363,-0.025359835503769745,-0.07361563517915315,16.23188523705584,23.34385018044245,19.85255506790826,fund_low_adv20,0,,False,False,False,False,False,False,False,False,False,5659.T,,1422.0,20.317188,1.0212231,69.99,1392.448,43673628672.0,,1753339200.0,1753684800.0,True,,,False,1753339200.0,2025-07-24,-229.0
5,True,50.331125827814574,False,False,True,True,0.4275885278824457,1758.0,1758.0,39193355.0,39.193355,1850.0,0.9502702702702702,-0.11447826964466168,0.24112539924889398,44.52626139702599,2.532779374119795,-0.04972972972972978,-0.04972972972972978,37.5357479762632,25.49036651807016,15.405041460310212,"fund_low_adv20,fund_small_mcap",1,macd_sell_like;ext_dev200,False,False,True,False,False,True,False,False,False,5660.T,,1758.0,9.266775,0.40926522,189.71,4295.503,10389197824.0,,1747031400.0,1747031400.0,True,,,False,1747031400.0,2025-05-12,-282.0
5,True,61.5819209039548,False,False,True,False,0.2837245523349829,2647.0,2647.0,5212960.0,5.21296,2742.860595703125,0.9650508684789533,-0.11347517351732661,0.12345277809031807,79.16578627266533,2.9907739430549802,-0.03182150694952446,-0.03182150694952446,26.96086199137757,27.55849967019844,14.134999273162904,"fund_low_adv20,fund_small_mcap",0,,False,False,False,False,False,False,False,False,False,5695.T,,2647.0,18.962677,0.6035823,139.59,4385.483,7701642240.0,,1747292400.0,1747292400.0,True,,,False,1747292400.0,2025-05-15,-279.0
6,True,21.951219512195124,False,False,True,True,0.5540301892585412,686.0,686.0,2588970.0,2.58897,804.1185913085938,0.8531079960278349,-0.19166151979869872,0.02433403545961821,10.037676300046133,1.4632181195402527,-0.04456824512534818,-0.04806324300819975,27.863214518868133,20.65713258221267,19.86982451568387,"fund_low_adv20,fund_small_mcap",1,macd_sell_like,False,False,True,False,False,False,False,False,False,5697.T,,686.0,6.7786565,0.4011297,101.2,1710.17,4146479104.0,,1747119600.0,1747119600.0,True,,,False,1747119600.0,2025-05-13,-281.0
4,True,45.42682926829268,False,False,True,False,0.39914847394333636,822.0,822.0,248621155.0,248.621155,1213.0,0.6776586974443528,-0.3380049464138499,0.11960119315163631,54.00492646553825,6.569942392401247,-0.2962328767123288,-0.3223413025556472,16.086913784024283,25.180569747055632,25.357909677016522,fund_small_mcap,2,macd_sell_like;trailing_stop,False,False,True,False,True,False,False,False,False,5698.T,,822.0,13.96297,1.2790171,58.87,642.681,23427434496.0,,1754550000.0,1754982000.0,True,,,False,1754550000.0,2025-08-07,-219.0
1,False,21.482889733840295,False,True,False,True,0.24419125478046488,1452.0,1452.0,32375640.0,32.37564,2445.0,0.5938650306748466,-0.40613496932515336,-0.03537386351642324,89.24608878695355,6.146424847586332,-0.2758104738154613,-0.40613496932515336,28.36238496131162,15.861253618039955,37.56005230358133,"fund_low_adv20,fund_small_mcap",5,trend_break;macd_sell_like;trailing_stop;di_bear;vol_distribution,True,False,True,False,True,False,True,True,False,5699.T,,1452.0,7.9762692,0.91586816,182.04,1585.381,4772590592.0,,1754551800.0,1754983800.0,True,,,False,1754551800.0,2025-08-07,-219.0
5,True,48.19444444444444,False,False,True,False,0.4186474405912857,1831.0,1831.0,712016020.0,712.01602,2067.0,0.8858248669569424,-0.25167943279532,0.4115328165524097,87.61865802641357,4.785289897674144,-0.1141751330430576,-0.1141751330430576,36.40408379330511,28.29600369898342,20.758514743603733,,3,cross_sma25_down;macd_sell_like;trailing_stop;ext_dev200,False,True,True,False,True,True,False,False,False,5702.T,,1831.0,20.008741,0.9476436,91.51,1932.161,72456830976.0,,1754546400.0,1754978400.0,True,,,True,1754546400.0,2025-08-07,-219.0
4,True,50.0,False,False,True,True,0.39188361846689446,3065.0,3065.0,1124805325.0,1124.805325,3290.0,0.9316109422492401,-0.1987401700856707,0.20563851651647025,128.0669682392796,4.178367642390851,-0.06838905775075987,-0.06838905775075987,17.50932153777409,21.191622959126512,20.93278506149921,,1,macd_sell_like;ext_dev200,False,False,True,False,False,True,False,False,False,5703.T,,3065.0,12.10649,0.7590679,253.17,4037.847,188776873984.0,1778826600.0,1785393000.0,1785393000.0,True,,,True,1785393000.0,2026-07-30,36.0
3,False,47.56097560975609,False,False,True,False,0.4003260287334876,390.0,390.0,2872910.0,2.87291,475.0,0.8210526315789474,-0.40766073871409025,-0.0564097601103275,10.138641217902045,2.5996515943338574,-0.04645476772616142,-0.04645476772616142,9.656102968023323,23.028448101323274,25.135552374812132,"fund_neg_eps,fund_low_adv20,fund_small_mcap",2,trend_break;macd_sell_like,True,False,True,False,False,False,False,False,False,5704.T,,390.0,-1.7123287671232876,1.2548383,-227.76,310.797,2165845504.0,,1754978400.0,1755496800.0,True,,,False,1754978400.0,2025-08-12,-216.0
3,True,35.75418994413407,False,False,True,True,0.3228533898942023,36980.0,36980.0,116823115850.0,116823.11585,54900.0,0.6735883424408015,-0.32641165755919854,0.5113095477203937,3704.202500919195,10.016772582258504,-0.31315007429420505,-0.32641165755919854,29.470183359057984,22.2876705677677,32.938808973910994,,4,macd_sell_like;trailing_stop;ext_dev200;di_bear;natr_spike,False,False,True,False,True,True,True,False,True,5706.T,,36980.0,23.196878,5.134635,1594.18,7202.07,2115711008768.0,1786084200.0,1786084200.0,1786084200.0,True,,,True,1786084200.0,2026-08-07,42.0
1,False,27.77777777777777,False,False,True,True,0.5492117273665045,823.0,823.0,419810445.0,419.810445,2187.0,0.3763145861911294,-0.6236854138088705,-0.21533855805350566,56.8136396765225,6.903236898726914,-0.3048986486486487,-0.411722659042173,31.634193344567606,13.07105934935891,40.754184435708304,fund_small_mcap,4,trend_break;macd_sell_like;trailing_stop;di_bear,True,False,True,False,True,False,True,False,False,5707.T,,823.0,8.1011915,0.8289427,101.59,992.831,11329158144.0,1778740200.0,1786602600.0,1786602600.0,True,,,False,1786602600.0,2026-08-13,46.0
4,True,38.507953922106424,False,False,True,True,0.40915624454438254,4471.0,4471.0,6812825185.0,6812.825185,6100.0,0.7329508196721312,-0.28068366116688936,0.11818302292748228,230.2290288147782,5.149385569554422,-0.17661141804788216,-0.26704918032786884,11.664843044618188,23.274155883606074,37.17368718686153,,2,macd_sell_like;trailing_stop,False,False,True,False,True,False,False,False,False,5711.T,,4471.0,14.38916,0.79371464,310.72,5633.007,584258813952.0,1785997800.0,1785997800.0,1785997800.0,True,,,True,1785997800.0,2026-08-06,41.0
3,True,32.34755299659774,False,False,True,True,0.4823655073838439,7844.0,7844.0,27722029775.0,27722.029775,12825.5693359375,0.6115907835780012,-0.3982333417063981,0.09050939428525218,541.5018150751754,6.903388769443847,-0.25754850922858497,-0.28820326678765884,17.904761794038368,18.029145811713352,38.06478243974394,,1,trailing_stop,False,False,False,False,True,False,False,False,False,5713.T,,7844.0,12.070292,1.0228245,649.86,7668.96,2122192125952.0,1786343400.0,1786343400.0,1786343400.0,True,,,True,1786343400.0,2026-08-10,43.0
2,True,34.42666666666666,False,False,True,False,0.45742721097373107,8997.0,8997.0,5671835270.0,5671.83527,11640.0,0.7729381443298969,-0.263736291116341,0.1813991463160749,496.16976658802406,5.514835685095299,-0.22706185567010306,-0.22706185567010306,15.603369497827192,20.849394864148763,33.889097194007824,,2,macd_sell_like;trailing_stop;ext_dev200,False,False,True,False,True,True,False,False,False,5714.T,,8997.0,8.571102,1.1681327,1049.69,7702.036,532157333504.0,1786084200.0,1786084200.0,1786084200.0,True,,,True,1786084200.0,2026-08-07,42.0
2,False,41.54929577464789,False,False,True,True,0.48755383858142,3625.0,3625.0,1101565425.0,1101.565425,6526.50341796875,0.5554275801066251,-0.4445724198933749,-0.07645287811902202,169.4449235863359,4.674342719623059,-0.15005861664712783,-0.26017717281848685,22.739170002403885,17.231099581860857,30.209520547858766,,4,trend_break;macd_sell_like;trailing_stop;di_bear,True,False,True,False,True,False,True,False,False,5715.T,,3625.0,9.2002735,0.79892164,394.01,4537.366,117565104128.0,1786602600.0,1786602600.0,1786602600.0,True,,,True,1786602600.0,2026-08-13,46.0
1,False,32.25806451612904,True,False,True,True,0.3008582946375099,67.0,67.0,163748165.0,163.748165,422.0,0.15876777251184834,-0.8436018957345972,-0.5465313028764806,5.42887394826929,8.102796937715357,-0.2637362637362637,-0.43220338983050843,23.783863486030306,15.666948442038485,30.87386320624815,"fund_neg_eps,fund_low_adv20,fund_small_mcap",3,trend_break;trailing_stop;di_bear,True,False,False,False,True,False,True,False,False,5721.T,,67.0,-4.18227215980025,3.1422942,-16.02,21.322,11734582272.0,,1754893800.0,1755239400.0,True,,,False,1754893800.0,2025-08-11,-217.0
1,False,22.565864833906076,False,False,False,True,0.44917383753207063,2250.0,2250.0,169176710.0,169.17671,4814.27880859375,0.46735972083370564,-0.5326402791662943,-0.14355270180684698,133.6515933602763,5.94007081601228,-0.2857142857142857,-0.4231309106625951,24.052058157428117,14.811044805552331,41.07683844064162,"fund_low_adv20,fund_small_mcap",4,trend_break;macd_sell_like;trailing_stop;di_bear,True,False,True,False,True,False,True,False,False,5724.T,,2250.0,17.070024,2.0793788,131.81,1082.054,11328396288.0,,1754546400.0,1754978400.0,True,,,False,1754546400.0,2025-08-07,-219.0
3,True,56.774580335731414,False,False,True,False,0.4788614737813223,2570.0,2570.0,1944393955.0,1944.393955,3359.103271484375,0.7650851409710684,-0.5345486958377547,0.057703071753230084,183.74435399205518,7.149585758445727,-0.11986301369863017,-0.11986301369863017,14.022838627539794,24.024329286514078,24.558159021110704,,1,trailing_stop,False,False,False,False,True,False,False,False,False,5726.T,,2570.0,36.73528,2.1342766,69.96,1204.155,94571864064.0,,1754373600.0,1754892000.0,True,,,True,1754373600.0,2025-08-05,-221.0
0,False,23.449612403100772,False,False,False,True,0.6259702348767919,1379.0,1379.0,47949135.0,47.949135,4031.22265625,0.3420798396888351,-0.6579201603111648,-0.48575212918843713,84.45828822552991,6.124603932235672,-0.2447973713033954,-0.5703686812150772,55.63682620102178,7.247873235003345,39.89985161207993,"fund_low_adv20,fund_small_mcap",3,trend_break;trailing_stop;di_bear,True,False,False,False,True,False,True,False,False,5729.T,,1379.0,3.2061567,0.86971986,430.11,1585.568,13518325760.0,,1747108800.0,1747108800.0,True,,,False,1747108800.0,2025-05-13,-281.0
5,True,45.42566709021601,False,False,True,False,0.18808602884196568,2961.0,2961.0,2713676930.0,2713.67693,3575.0,0.8282517482517483,-0.3687315739959063,0.32151903329615106,171.83362120424476,5.803229355091009,-0.1717482517482517,-0.1717482517482517,17.3032290816897,27.055733946419274,28.54691132497347,,2,macd_sell_like;trailing_stop;ext_dev200,False,False,True,False,True,True,False,False,False,5741.T,,2961.0,13.784275,1.5452104,214.81,1916.244,536146247680.0,1778740200.0,1785997800.0,1785997800.0,True,,,True,1785997800.0,2026-08-06,41.0
3,False,36.73469387755102,True,False,True,False,0.5673224445957743,684.0,684.0,3330735.0,3.330735,800.5298461914062,0.8544341016817704,-0.15056258897133945,-0.09796166272673545,10.263176501258016,1.5004644007687158,-0.06043956043956045,-0.13290759623187387,55.142472876775,9.948129367972589,32.51311410677782,"fund_low_adv20,fund_small_mcap",2,trend_break;di_bear,True,False,False,False,False,False,True,False,False,5742.T,,684.0,154.05405,0.90522534,4.44,755.613,3726810880.0,,1746788340.0,1746788340.0,True,,,False,1746788340.0,2025-05-09,-283.0
2,False,43.93939393939394,False,False,True,True,0.40014438402876573,2267.0,2267.0,21797130.0,21.79713,2987.132080078125,0.7589219154784442,-0.2414128537829049,-0.054654929854140444,75.18362441832251,3.3164368953825547,-0.07582551977170815,-0.2014011038061463,7.470636437448592,23.48209742698038,24.925775214597724,"fund_low_adv20,fund_small_mcap",1,trend_break,True,False,False,False,False,False,False,False,False,5753.T,,2267.0,6.5274982,1.1103846,347.3,2041.635,4844583424.0,,1747031400.0,1747031400.0,True,,,False,1747031400.0,2025-05-12,-282.0
4,True,59.74025974025973,False,False,False,False,0.39748292888304804,4740.0,4740.0,52767175.0,52.767175,4930.0,0.9614604462474645,-0.17473071670720575,0.13040664242808697,143.79755529311348,3.033703698166951,-0.03853955375253548,-0.03853955375253548,11.818093892065491,23.336938547004472,19.910491135617207,fund_low_adv20,1,macd_sell_like,False,False,True,False,False,False,False,False,False,5757.T,,4740.0,10.9643545,0.712648,432.31,6651.25,39134355456.0,,1754978400.0,1755496800.0,True,,,False,1754978400.0,2025-08-12,-216.0
4,True,38.888888888888886,False,False,True,True,0.572802143230603,41040.0,41040.0,266290233300.0,266290.2333,60140.0,0.6824077153308946,-0.3175922846691054,0.9157860409455356,4214.075291724253,10.268214648450908,-0.3175922846691054,-0.3175922846691054,20.757599091213397,23.580850946573978,37.005351084835375,,4,macd_sell_like;trailing_stop;ext_dev200;di_bear;natr_spike,False,False,True,False,True,True,True,False,True,5801.T,,41040.0,39.755882,6.9228387,1032.3,5928.204,2887156236288.0,1785997800.0,1785997800.0,1785997800.0,True,,,True,1785997800.0,2026-08-06,41.0
4,True,49.34810951760104,False,False,False,False,0.29177611426762523,10630.0,10630.0,85844143675.0,85844.143675,13965.0,0.7611886860007161,-0.2388113139992839,0.4284007926103368,971.4000616628077,9.138288444617194,-0.2388113139992839,-0.2388113139992839,27.138971793115672,26.463932094456432,29.112580762601343,,3,macd_sell_like;trailing_stop;ext_dev200;di_bear,False,False,True,False,True,True,True,False,False,5802.T,,10630.0,22.408195,3.0219605,474.38,3517.584,8290548318208.0,1778567400.0,1785393000.0,1785393000.0,True,,,True,1785393000.0,2026-07-30,36.0
3,True,45.55716353111433,False,False,True,False,0.35082612241974326,4194.0,4194.0,376569741250.0,376569.74125,7855.0,0.5339274347549332,-0.4660725652450668,0.158096216308109,466.1894016423612,11.115627125473562,-0.3400472069236822,-0.4660725652450668,16.544459625357664,21.037795126832517,30.137962835009187,,2,macd_sell_like;trailing_stop,False,False,True,False,True,False,False,False,False,5803.T,,4194.0,44.17992,12.39164,94.93,338.454,6943834898432.0,1778740200.0,1785997800.0,1785997800.0,True,,,True,1785997800.0,2026-08-06,41.0
4,True,44.28969359331476,False,False,True,True,0.32584230166061257,12300.0,12300.0,9003931800.0,9003.9318,19030.0,0.6463478717813977,-0.35365212821860226,0.08113005183045074,1096.605902032285,8.915495138473863,-0.27604473219540904,-0.35365212821860226,18.361189740482324,22.807269894596395,32.79636207872017,,2,macd_sell_like;trailing_stop,False,False,True,False,True,False,False,False,False,5805.T,,12300.0,19.314112,3.702249,636.84,3322.305,364279070720.0,1778740200.0,1785997800.0,1785997800.0,True,,,True,1785997800.0,2026-08-06,41.0
4,True,50.488599348534194,False,False,True,True,0.31638203394835124,1671.0,1671.0,53964750.0,53.96475,2227.0,0.7503367759317467,-0.25819488100583743,0.12862152794245407,80.0098352852859,4.788140950645476,-0.10016155088852985,-0.24966322406825325,13.423111900411024,22.414425378632423,29.056884924052817,"fund_low_adv20,fund_small_mcap",2,macd_sell_like;trailing_stop,False,False,True,False,True,False,False,False,False,5816.T,,1671.0,13.446528,0.7143226,124.27,2339.279,20363913216.0,,1753941600.0,1754287200.0,True,,,False,1753941600.0,2025-07-31,-224.0
1,False,28.817204301075265,False,False,True,True,0.47472037787160964,886.0,886.0,143248045.0,143.248045,2151.0,0.4119014411901441,-0.588098558809856,-0.06425172634326981,78.49235336226452,8.859182095063716,-0.28317152103559873,-0.503641456582633,23.34793173057677,16.25728504034899,32.9686693729485,"fund_low_adv20,fund_small_mcap",3,trend_break;trailing_stop;di_bear,True,False,False,False,True,False,True,False,False,5817.T,,886.0,12.445568,0.93319446,71.19,949.427,4984458752.0,,1744606800.0,1744606800.0,True,,,False,1744606800.0,2025-04-14,-302.0
3,False,41.869918699187,False,False,True,True,0.3967090199578524,1741.0,1741.0,12219915.0,12.219915,2137.0,0.8146934955545156,-0.20121665886757134,-0.05323669421792043,36.691382190749714,2.107488925373332,-0.03331482509716821,-0.11624365482233501,17.246365712697834,14.929484928784944,26.193176157848512,"fund_low_adv20,fund_small_mcap",1,trend_break,True,False,False,False,False,False,False,False,False,5819.T,,1741.0,9.904426,0.62416667,175.78,2789.319,11910697984.0,,1753686000.0,1754031600.0,True,,,False,1753686000.0,2025-07-28,-227.0
0,False,30.714285714285708,False,False,True,True,0.46238530459188265,666.0,666.0,23048050.0,23.04805,1106.134521484375,0.6020967495944911,-0.6378920981331767,-0.08301771060235641,24.343870798307076,3.6552358556016626,-0.1897810218978102,-0.2880868601382117,23.627841702190565,15.74862318837269,32.61336288244255,"fund_low_adv20,fund_small_mcap",4,trend_break;macd_sell_like;trailing_stop;di_bear,True,False,True,False,True,False,True,False,False,5820.T,,666.0,9.952182,0.33494958,66.92,1988.359,2614418944.0,,1747119600.0,1747119600.0,True,,,False,1747119600.0,2025-05-13,-281.0
4,True,48.666666666666664,False,False,False,True,0.4243709487921324,3575.0,3575.0,414225875.0,414.225875,4566.39306640625,0.7828936204157133,-0.25323993129578115,0.14340538275012626,239.82885663757418,6.708499486365711,-0.11728395061728392,-0.2142857142857143,13.3379375324345,19.398045644486217,28.82974073013384,,1,trailing_stop,False,False,False,False,True,False,False,False,False,5821.T,,3575.0,33.71369,1.3105559,106.04,2727.85,55575425024.0,,1753855200.0,1754287200.0,True,,,True,1753855200.0,2025-07-30,-225.0
6,True,37.37574552683897,False,False,True,True,0.3628760795679957,3040.0,3040.0,2110120282.5,2110.1202825,3598.455078125,0.8448069891104527,-0.22792299375437264,0.1448069523520965,102.78233548532963,3.3809978778068954,-0.04761904761904767,-0.06719852715556918,14.702364477038424,24.391833505306636,28.80140625816729,,0,,False,False,False,False,False,False,False,False,False,5830.T,,3040.0,11.967562,0.9979401,254.02,3046.275,872781250560.0,1786084200.0,1786084200.0,1786084200.0,True,,,True,1786084200.0,2026-08-07,42.0
5,True,46.72995780590717,True,False,True,True,0.3128752578776767,2973.0,2973.0,5170981862.5,5170.9818625,3098.35400390625,0.9595417425677601,-0.20165389920839083,0.2269442227204388,91.28066681000882,3.070321789774935,-0.010319573901464762,-0.010319573901464762,14.524933365914778,34.516553935571004,20.466140028008468,,0,ext_dev200,False,False,False,False,False,True,False,False,False,5831.T,,2973.0,17.722801,1.2804164,167.75,2321.901,1577326870528.0,1778567400.0,1785997800.0,1785997800.0,True,,,True,1785997800.0,2026-08-06,41.0
5,True,39.82102908277405,True,False,True,True,0.4132342457039415,3069.0,3069.0,1136992735.0,1136.992735,3392.321533203125,0.9046901863403745,-0.2085383688705874,0.2002958129713972,94.23616400616982,3.070582079054083,-0.028797468354430422,-0.028797468354430422,12.368216539818738,31.275017478261812,25.245997451877205,,0,ext_dev200,False,False,False,False,False,True,False,False,False,5832.T,,3069.0,13.776541,0.87895054,222.77,3491.664,545564557312.0,1777617000.0,1785306600.0,1785306600.0,True,,,True,1785306600.0,2026-07-29,35.0
2,False,46.365914786967416,True,False,True,True,0.5361316963940835,2252.0,2252.0,222951940.0,222.95194,3396.976806640625,0.662942412676368,-0.3570753866406804,-0.14270511784981343,72.07536546589317,3.2005046832101764,-0.05258729490954983,-0.21615036547163247,37.526063022779454,18.44655990170026,28.93880603399247,,2,trend_break;di_bear,True,False,False,False,False,False,True,False,False,5834.T,,2252.0,6.2091594,1.3046587,362.69,1726.122,35674951680.0,,1745807400.0,1745807400.0,True,,,True,1745807400.0,2025-04-28,-292.0
1,False,36.28724216959511,False,False,True,False,0.29102958738233453,4762.0,4762.0,17177166670.0,17177.16667,9087.0,0.5240453394959833,-0.5050071530758227,-0.32911907784162875,322.2693426934716,6.76752084614598,-0.2962908231121619,-0.2991905813097866,22.9992223712839,23.369670816535617,32.49531107702844,,3,trend_break;trailing_stop;di_bear,True,False,False,False,True,False,True,False,False,5838.T,,4762.0,11.385807,2.2333372,418.24,2132.235,831013519360.0,1785997800.0,1785997800.0,1785997800.0,True,,,True,1785997800.0,2026-08-06,41.0
6,True,,False,False,True,False,0.4907502392455208,1010.0,1010.0,35350.0,0.03535,1010.0,1.0,0.0,0.005375273740792386,1.7314133681515402e-13,1.7142706615361787e-14,0.0,0.0,99.5746204649613,99.78731023248068,0.21268976751943705,"fund_low_adv20,fund_small_mcap",0,,False,False,False,False,False,False,False,False,False,5840.T,,1010.0,14.064894,4.3332205,71.81,233.083,671649984.0,,,,True,,,False,,,
1,False,38.27160493827161,False,False,True,False,0.4088551171956746,3170.0,3170.0,232041400.0,232.0414,4011.2646484375,0.7902744590125221,-0.4768420321714021,-0.08289412962611209,129.31332084363837,4.079284569199949,-0.09169054441260749,-0.14784946236559138,11.41488825418809,19.865037959299315,24.97105224565451,,3,trend_break;macd_sell_like;trailing_stop,True,False,True,False,True,False,False,False,False,5842.T,,3170.0,18.385338,1.5764227,172.42,2010.882,107951841280.0,,1747031400.0,1747031400.0,True,,,True,1747031400.0,2025-05-12,-282.0
0,False,16.35514018691589,False,False,True,True,0.5996726318478187,2076.0,2076.0,49754270.0,49.75427,3353.467041015625,0.6190608032250904,-0.38213199215684623,-0.21162074078027704,64.11345558387987,3.088316742961458,-0.141439205955335,-0.16959999999999997,36.02479525893318,12.291256277936643,32.357173738259135,"fund_low_adv20,fund_small_mcap",3,trend_break;trailing_stop;di_bear,True,False,False,False,True,False,True,False,False,5843.T,,2076.0,8.906431,2.0628412,233.09,1006.379,5957491200.0,,1747202400.0,1747202400.0,True,,,False,1747202400.0,2025-05-14,-280.0
4,True,49.95178399228544,False,False,True,True,0.17126652806188958,4494.0,4494.0,5454128595.0,5454.128595,4690.0,0.9582089552238806,-0.15575041607079232,0.2580967484590573,158.14011839840322,3.518916742287566,-0.04179104477611939,-0.04179104477611939,13.312593262439144,24.99099622923539,19.672240651936985,,0,ext_dev200,False,False,False,False,False,True,False,False,False,5844.T,,4494.0,13.271514,1.1235017,338.62,3999.994,1272401887232.0,1778740200.0,1785393000.0,1785393000.0,True,,,True,1785393000.0,2026-07-30,36.0
6,True,36.11111111111111,False,False,True,False,0.3113669004061147,1000.0,1000.0,52353355.0,52.353355,1040.0,0.9615384615384616,-0.16473073521036774,0.06428653395560979,16.615126115428634,1.6615126115428633,-0.038461538461538436,-0.038461538461538436,16.93828550767642,23.72327962300944,25.853392419700285,"fund_low_adv20,fund_small_mcap",0,,False,False,False,False,False,False,False,False,False,5845.T,,1000.0,15.625,3.2400837,64.0,308.634,26227611648.0,,1747306740.0,1747306740.0,True,,,False,1747306740.0,2025-05-15,-279.0
4,False,47.2318339100346,False,False,True,False,0.5169740467713589,2634.0,2634.0,407834860.0,407.83486,3035.0,0.8678747940691928,-0.20757825370675453,-0.01483268400547022,76.4357940402989,2.901890434331773,-0.059285714285714275,-0.059285714285714275,12.528748878255197,23.39242592771831,23.893942467223468,,2,trend_break;macd_sell_like,True,False,True,False,False,False,False,False,False,5851.T,,2634.0,7.606122,0.45799544,346.3,5751.149,83786145792.0,1778567400.0,1785911400.0,1785911400.0,True,,,True,1785911400.0,2026-08-05,40.0
1,False,55.092592592592595,True,False,True,False,0.4252366955313314,689.0,689.0,232503785.0,232.503785,928.3475952148438,0.7421789031947107,-0.30629431980058974,-0.15010600753482772,28.385550281855902,4.119818618556735,-0.22757847533632292,-0.23614190687361414,28.0368070040374,19.938849985029535,34.78609190104224,fund_small_mcap,3,trend_break;trailing_stop;di_bear,True,False,False,False,True,False,True,False,False,5852.T,,689.0,4.812461,0.3071784,143.17,2242.996,17183873024.0,,1754546400.0,1754978400.0,True,,,False,1754546400.0,2025-08-07,-219.0
1,False,31.25,True,False,True,False,0.29125142337995313,6.0,6.0,83678950.0,83.67895,68.0,0.08823529411764706,-0.9117647058823529,-0.7937080969571945,2.909997085584656,48.49995142641093,-0.7272727272727273,-0.8604651162790697,18.192744243805347,20.32452125159712,29.158728195322563,"fund_neg_eps,fund_low_adv20,fund_small_mcap",3,trend_break;trailing_stop;natr_spike,True,False,False,False,True,False,False,False,True,5856.T,,6.0,-0.19569471624266144,0.2629503,-30.66,22.818,653582400.0,,1747204200.0,1747204200.0,True,,,False,1747204200.0,2025-05-14,-280.0
1,False,29.743589743589737,False,False,True,True,0.46451808358896224,3030.0,3030.0,2323863200.0,2323.8632,4624.24365234375,0.6552422899395182,-0.34475771006048184,-0.0166261607439544,151.71777899848345,5.007187425692523,-0.22802547770700632,-0.256441717791411,21.899704802179727,14.022071748278961,33.51007502491066,,3,trend_break;trailing_stop;di_bear,True,False,False,False,True,False,True,False,False,5857.T,,3030.0,10.551241,1.1294999,287.17,2682.603,260411899904.0,1777617000.0,1785306600.0,1785306600.0,True,,,True,1785306600.0,2026-07-29,35.0
2,False,39.03614457831325,True,False,True,False,0.5055825020747814,1089.0,1089.0,10967885.0,10.967885,2433.8291015625,0.4474430843566092,-0.5718680496789836,-0.34556114942463556,54.20567857267643,4.977564607224649,-0.14588235294117646,-0.30168330158936907,34.82524546762461,19.008366631646393,29.53042016052215,"fund_low_adv20,fund_small_mcap",3,trend_break;trailing_stop;di_bear,True,False,False,False,True,False,True,False,False,5858.T,,1089.0,8.902878,0.64232177,122.32,1695.412,2312465408.0,,1747119600.0,1747119600.0,True,,,False,1747119600.0,2025-05-13,-281.0
3,False,,False,False,True,False,,300.0,300.0,0.0,0.0,300.0,1.0,0.0,0.0,0.0,0.0,0.0,0.0,,,,"fund_neg_eps,fund_low_adv20,fund_small_mcap",0,,False,False,False,False,False,False,False,False,False,5866.T,,300.0,-3.1357792411414236,3.1612556,-95.67,94.899,177030000.0,,,,True,,,False,,,
2,False,28.48837209302326,False,False,True,True,0.3989629726626267,1108.0,1108.0,1787930.0,1.78793,1368.1568603515625,0.8098486599813471,-0.19015134001865286,-0.09761231140037774,21.35302181644266,1.9271680339749693,-0.11923688394276633,-0.14108527131782944,14.959113661609301,30.7552325466318,41.52884387189803,"fund_low_adv20,fund_small_mcap",2,trend_break;trailing_stop,True,False,False,False,True,False,False,False,False,5867.T,,1108.0,15.427458,2.0443408,71.82,541.984,3467460608.0,,1746766800.0,1746766800.0,True,,,False,1746766800.0,2025-05-09,-283.0
4,False,65.83850931677019,True,False,True,False,0.41106167015614625,1000.0,1000.0,10665615.0,10.665615,1223.0,0.8176614881439084,-0.24693376941946032,-0.023286626302472357,29.451716699717696,2.94517166997177,-0.07063197026022305,-0.09828674481514876,36.77434112214842,37.336565728121904,18.879288266527084,"fund_low_adv20,fund_small_mcap",1,trend_break,True,False,False,False,False,False,False,False,False,5868.T,,1000.0,11.910434,1.2946476,83.96,772.411,3727899904.0,,1747296000.0,1747296000.0,True,,,False,1747296000.0,2025-05-15,-279.0
2,False,28.85444707087126,False,False,True,False,0.39953714162272563,1205.0,1205.0,37939660.0,37.93966,1316.313720703125,0.9154352652013189,-0.10127807574011605,-0.003476951691279928,22.865928765095987,1.8975874493855591,-0.07290751558981912,-0.07774328433620303,37.05612368266476,7.646835561617723,33.91513862588783,"fund_low_adv20,fund_small_mcap",2,trend_break;di_bear,True,False,False,False,False,False,True,False,False,5869.T,,1205.0,12.505189,1.664482,96.36,723.949,12120187904.0,,1747278000.0,1747278000.0,True,,,False,1747278000.0,2025-05-15,-279.0
3,False,45.522388059701484,True,False,True,False,0.5246319012400761,771.0,771.0,30341245.0,30.341245,1140.2911376953125,0.6761431133791836,-0.33964232895651714,-0.21151812531659075,26.461706913147168,3.4321280042992437,-0.20679012345679015,-0.2880788528704502,49.467993479707374,8.370484713285824,28.3488414725586,"fund_low_adv20,fund_small_mcap",3,trend_break;trailing_stop;di_bear,True,False,False,False,True,False,True,False,False,5870.T,,771.0,8.18993,1.6409317,94.14,469.855,4111049216.0,,1747306740.0,1747306740.0,True,,,False,1747306740.0,2025-05-15,-279.0
3,False,50.34722222222223,False,True,False,False,0.1789131611373398,1350.0,1350.0,8885485.0,8.885485,1859.170166015625,0.7261304127384831,-0.32331899864108193,-0.0883647371177736,45.34190376512625,3.3586595381574997,-0.0439093484419264,-0.08288043478260865,25.142981400614516,36.331863278047315,7.345701022540011,"fund_neg_eps,fund_low_adv20,fund_small_mcap",2,trend_break;vol_distribution,True,False,False,False,False,False,False,True,False,5871.T,,1350.0,-199.1150442477876,0.63895136,-6.78,2112.837,7234208768.0,,1747204200.0,1747204200.0,True,,,False,1747204200.0,2025-05-14,-280.0
4,True,60.34482758620689,False,False,True,False,0.456922240304083,560.0,560.0,17794875.0,17.794875,620.0,0.9032258064516129,-0.3935483870967742,0.18927528537297578,19.759210161990637,3.5284303860697563,-0.061976549413735316,-0.061976549413735316,29.15456340166622,30.69826678866841,18.421739263691773,"fund_low_adv20,fund_small_mcap",1,macd_sell_like;ext_dev200,False,False,True,False,False,True,False,False,False,5884.T,,560.0,142.85715,4.2595916,3.92,131.468,6797312512.0,,1747290600.0,1747290600.0,True,,,False,1747290600.0,2025-05-15,-279.0
0,False,34.84327912124215,False,False,False,True,0.2400664394290447,2517.0,2517.0,142141560.0,142.14156,3543.50146484375,0.7103143670101422,-0.3305439466033979,-0.1312514936071557,149.9838294289987,5.958833111998358,-0.23298887526339518,-0.23298887526339518,19.00418396607896,16.98781676480274,32.64037935687346,"fund_low_adv20,fund_small_mcap",3,trend_break;macd_sell_like;trailing_stop,True,False,True,False,True,False,False,False,False,5885.T,,2517.0,21.76018,4.1224585,115.67,610.558,13723418624.0,,1744612200.0,1744612200.0,True,,,False,1744612200.0,2025-04-14,-302.0
3,False,,False,False,True,False,,430.0,430.0,0.0,0.0,430.0,1.0,0.0,0.0,0.0,0.0,0.0,0.0,,,,"fund_low_adv20,fund_small_mcap",0,,False,False,False,False,False,False,False,False,False,5886.T,,430.0,12.576777,1.1604623,34.19,370.542,1020046016.0,,,,True,,,False,,,
3,False,,False,False,True,False,,1700.0,1700.0,0.0,0.0,1700.0,1.0,0.0,0.0,0.0,0.0,0.0,0.0,,,,"fund_low_adv20,fund_small_mcap",0,,False,False,False,False,False,False,False,False,False,5887.T,,1700.0,11.286682,1.1111112,150.62,1530.0,510000000.0,,,,True,,,False,,,
2,False,44.1908713692946,True,False,True,False,0.4798541799668412,2838.0,2838.0,29263460.0,29.26346,4585.7265625,0.6188768478277535,-0.4046744909902159,-0.20477003348776968,81.26065571523222,2.8633071076544123,-0.11173708920187797,-0.2957816377171216,43.78447678962304,16.965780768205494,27.699701743898785,"fund_low_adv20,fund_small_mcap",3,trend_break;trailing_stop;di_bear,True,False,False,False,True,False,True,False,False,5888.T,,2838.0,8.425365,1.2367803,336.84,2294.668,7828685312.0,,1749812340.0,1749812340.0,True,,,False,1749812340.0,2025-06-13,-258.0
8,True,49.81203007518797,True,False,False,True,0.22587696181183142,2175.0,2175.0,173694975.0,173.694975,2424.283935546875,0.897172137350883,-0.4710000522432298,0.06289522184340313,69.20499689104541,3.1818389375193297,-0.015837104072398245,-0.046052631578947345,20.012238523310078,26.3260624555541,17.585849159258206,fund_low_adv20,0,,False,False,False,False,False,False,False,False,False,5889.T,,2175.0,14.0940895,2.8861465,154.32,753.6,52635389952.0,,1749725940.0,1749725940.0,True,,,False,1749725940.0,2025-06-12,-259.0
3,False,,False,False,True,False,,3500.0,3500.0,0.0,0.0,3500.0,1.0,0.0,0.0,0.0,0.0,0.0,0.0,,,,"fund_low_adv20,fund_small_mcap",0,,False,False,False,False,False,False,False,False,False,5890.T,,3500.0,7.320644,0.9701375,478.1,3607.736,5646199808.0,,,,True,,,False,,,
1,False,67.95580110497238,False,False,True,False,0.13157196097969306,1610.0,1610.0,39875270.0,39.87527,2101.790771484375,0.7660134499795852,-0.38528610101017136,-0.01669043026209105,29.51304259182544,1.8331082355171078,0.0,0.0,23.348794562718158,36.240741919749325,20.443663268063204,"fund_low_adv20,fund_small_mcap",1,trend_break,True,False,False,False,False,False,False,False,False,5891.T,,1610.0,31.003273,1.8599449,51.93,865.617,9115769856.0,,1747306740.0,1747306740.0,True,,,False,1747306740.0,2025-05-15,-279.0
2,False,37.489325362937656,False,False,True,False,0.53747933914775,2197.0,2197.0,203719030.0,203.71903,5850.0,0.37555555555555553,-0.6702564102564103,-0.2665383581743249,132.5860563836605,6.034868292383272,-0.17063042657606642,-0.17063042657606642,19.577091971853186,28.947746111367167,20.595040977721528,fund_small_mcap,2,trend_break;trailing_stop,True,False,False,False,True,False,False,False,False,5892.T,,2197.0,35.532913,4.665118,61.83,470.942,11901540352.0,,1747206000.0,1747206000.0,True,,,False,1747206000.0,2025-05-14,-280.0
5,True,,False,False,True,False,0.3695352389453733,510.0,510.0,0.0,0.0,510.0,1.0,0.0,0.020969562149430132,0.0,0.0,0.0,0.0,,,,"fund_neg_eps,fund_low_adv20,fund_small_mcap",0,,False,False,False,False,False,False,False,False,False,5893.T,,510.0,-61.371841155234655,2.387238,-8.31,213.636,1009800000.0,,,,True,,,False,,,
4,False,80.26315789473685,True,False,True,True,0.22192924476512582,839.0,839.0,2055660.0,2.05566,868.301513671875,0.9662542179064451,-0.10054285556026987,0.028021181739536605,11.853048324216394,1.4127590374512984,0.0,0.0,19.070613318161243,31.601663660464585,21.444389316135595,"fund_low_adv20,fund_small_mcap",1,trend_break,True,False,False,False,False,False,False,False,False,5900.T,,839.0,15.537037,0.336151,54.0,2495.902,4600563200.0,,1743748200.0,1743748200.0,True,,,False,1743748200.0,2025-04-04,-308.0
4,False,28.234265734265733,False,False,True,False,0.4455728998687077,3846.0,3846.0,2056069695.0,2056.069695,4344.0,0.8853591160220995,-0.2218283591198107,0.0673122021296848,141.7343156457157,3.685239616373263,-0.11464088397790051,-0.11464088397790051,26.129109633942242,25.48631323367504,16.8605751836756,,2,trend_break;trailing_stop,True,False,False,False,True,False,False,False,False,5901.T,,3846.0,10.639592,0.82890284,361.48,4639.868,579151069184.0,1778740200.0,1785911400.0,1785911400.0,True,,,True,1785911400.0,2026-08-05,40.0
7,True,52.78688524590164,True,False,True,True,0.41616089434885456,2263.0,2263.0,36853030.0,36.85303,2451.223876953125,0.9232122864325687,-0.12288713396817375,0.01987872774763999,38.85919654044975,1.717154067187351,-0.01265270506108207,-0.03544983422335135,17.842410647816205,26.0500257545496,14.681579521203222,"fund_low_adv20,fund_small_mcap",0,,False,False,False,False,False,False,False,False,False,5902.T,,2263.0,8.49985,0.46166205,266.24,4901.854,27866847232.0,,1754461800.0,1754980200.0,True,,,False,1754461800.0,2025-08-06,-220.0
4,True,55.55555555555556,False,False,True,True,0.42138583665431373,1697.0,1697.0,44067635.0,44.067635,1700.0,0.9982352941176471,-0.14791219211755469,0.3300519637272805,8.176142145660803,0.4817997728733532,-0.0017647058823528905,-0.0017647058823528905,74.77841039591944,71.86400039832614,6.635063595046634,"fund_low_adv20,fund_small_mcap",1,rsi_reversal;ext_dev200,False,False,False,True,False,True,False,False,False,5903.T,,1697.0,20.24818,1.3091449,83.81,1296.266,9334606848.0,,1746165600.0,1746165600.0,True,,,False,1746165600.0,2025-05-02,-288.0
6,True,50.0,False,True,False,False,0.4245538806828467,1335.0,1335.0,1310650.0,1.31065,1426.8270263671875,0.9356424957824171,-0.2817248709790222,0.0392514341950978,15.293067019201542,1.1455480913259584,-0.018382352941176516,-0.018382352941176516,34.46743381928684,25.828436663653704,18.047806663973237,"fund_neg_eps,fund_low_adv20,fund_small_mcap",2,macd_sell_like;vol_distribution,False,False,True,False,False,False,False,True,False,5905.T,,1335.0,-5.190916867563574,0.46381176,-257.18,2878.323,1806728960.0,,1745994600.0,1745994600.0,True,,,False,1745994600.0,2025-04-30,-290.0
3,True,57.28643216080401,False,False,True,True,0.5025455233367379,765.0,765.0,13468535.0,13.468535,989.4720458984375,0.7731395779911927,-0.270317940771711,0.10792078526645343,24.561654959121594,3.2106738508655677,-0.06134969325153372,-0.1889693579327809,15.212530898502436,21.28762997058176,22.226566805930105,"fund_low_adv20,fund_small_mcap",0,,False,False,False,False,False,False,False,False,False,5906.T,,765.0,4.566619,0.5492478,167.52,1392.814,10653207552.0,,1745562600.0,1745562600.0,True,,,False,1745562600.0,2025-04-25,-293.0
3,False,41.66666666666667,True,True,False,True,0.2724925504982365,910.0,910.0,10103995.0,10.103995,1093.124755859375,0.8324758863269829,-0.1748425830033642,-0.0352832608780449,15.071797250896875,1.6562414561425136,-0.04008438818565396,-0.07307651801388959,7.458484849287124,17.68975325121364,18.459325287871902,"fund_low_adv20,fund_small_mcap",1,trend_break,True,False,False,False,False,False,False,False,False,5909.T,,910.0,26.827831,0.34186906,33.92,2661.838,26612795392.0,,1753682400.0,1754028000.0,True,,,False,1753682400.0,2025-07-28,-227.0
4,False,39.38356164383561,True,False,True,True,0.46389637784982907,2764.0,2764.0,346388840.0,346.38884,3165.827880859375,0.8730733646990634,-0.1382980684156857,-0.04189137667630172,50.20666096733084,1.8164493837673965,-0.055365686944634285,-0.09228243021346472,23.914202095713783,15.00550240024501,26.671058562023198,,2,trend_break;di_bear,True,False,False,False,False,False,True,False,False,5911.T,,2764.0,9.061404,0.80827194,305.03,3419.641,108781264896.0,,1753682400.0,1754028000.0,True,,,True,1753682400.0,2025-07-28,-227.0
3,True,55.76519916142558,False,False,True,False,0.20418077695947875,2180.0,2180.0,45912415.0,45.912415,2856.0,0.7633053221288515,-0.2598039215686274,0.11003190134319474,84.33432271469533,3.8685469135181347,-0.10324969148498564,-0.2366946778711485,24.668248594096717,19.110583713974176,28.787251346918165,"fund_low_adv20,fund_small_mcap",2,trailing_stop;di_bear,False,False,False,False,True,False,True,False,False,5915.T,,2180.0,30.127142,0.28551108,72.36,7635.43,9988890624.0,,1754546400.0,1754978400.0,True,,,False,1754546400.0,2025-08-07,-219.0
6,False,58.22784810126581,False,True,False,True,0.40607697767905865,7270.0,7270.0,1298150.0,1.29815,7792.8427734375,0.9329073114089188,-0.27300032987044676,0.013190151630257718,66.16769554147189,0.9101471188648128,-0.022849462365591378,-0.022849462365591378,23.636279155081557,53.884517684240926,27.317710474481327,"fund_low_adv20,fund_small_mcap",1,trend_break,True,False,False,False,False,False,False,False,False,5918.T,,7270.0,15.7352495,0.2984338,462.02,24360.51,15003549696.0,,1747292400.0,1747292400.0,True,,,False,1747292400.0,2025-05-15,-279.0
2,False,17.948717948717942,False,False,True,True,0.5998414359965385,4010.0,4010.0,7301650.0,7.30165,4590.0,0.8736383442265795,-0.1378402500736854,-0.07200317970169845,49.35433139729761,1.2307813316034315,-0.06635622817229336,-0.09276018099547512,24.143001949573623,11.574761350868824,37.497117756613086,"fund_low_adv20,fund_small_mcap",3,trend_break;macd_sell_like;di_bear,True,False,True,False,False,False,True,False,False,5921.T,,4010.0,9.721212,0.3740747,412.5,10719.784,11037689856.0,,1753336800.0,1753682400.0,True,,,False,1753336800.0,2025-07-24,-229.0
4,True,9.090909090909093,False,False,True,True,0.4280909763432343,17600.0,17600.0,17332950.0,17.33295,19769.1484375,0.8902760812203042,-0.10972391877969578,0.05622869692732957,199.70479732455755,1.134686348434986,-0.07514450867052025,-0.10490684125645211,27.344333991873015,20.281867860054078,54.25142290362859,"fund_low_adv20,fund_small_mcap",1,di_bear,False,False,False,False,False,False,True,False,False,5922.T,,17600.0,8.264075,0.6187318,2129.7,28445.281,20525154304.0,,1747206000.0,1747206000.0,True,,,False,1747206000.0,2025-05-14,-280.0
2,False,58.01886792452831,True,False,True,False,0.5350204575844738,1078.0,1078.0,8956860.0,8.95686,1338.9263916015625,0.805122676468081,-0.23520814406000468,-0.0702145724811164,29.811019535171454,2.7654006989954967,-0.09790794979079498,-0.194877323531919,17.15818233107624,26.34166278318728,22.620333809109315,"fund_neg_eps,fund_low_adv20,fund_small_mcap",2,trend_break;trailing_stop,True,False,False,False,True,False,False,False,False,5923.T,,1078.0,-18.783760236975084,0.43202,-57.39,2495.255,6282540032.0,,1754546400.0,1754892000.0,True,,,False,1754546400.0,2025-08-07,-219.0
3,False,50.0,False,True,False,True,0.2984644983035999,273.0,273.0,2247165.0,2.247165,322.5051574707031,0.8464980905764267,-0.1628040862430945,-0.008149074322740146,5.438537971518414,1.9921384511056461,-0.05862068965517242,-0.07112456400868106,19.173660991156112,21.556457260605164,36.31699701778153,"fund_low_adv20,fund_small_mcap",3,trend_break;macd_sell_like;vol_distribution,True,False,True,False,False,False,False,True,False,5928.T,,273.0,17.727274,0.41034982,15.4,665.286,2860644096.0,,1747206000.0,1747206000.0,True,,,False,1747206000.0,2025-05-14,-280.0
1,False,64.33239962651729,True,False,True,False,0.1549375708227153,3646.0,3646.0,3397159035.0,3397.159035,4941.94970703125,0.7377655006914753,-0.3614445542115261,-0.07392009965804636,128.4308718477927,3.5225143128851535,0.0,-0.0256547300908605,14.617429562303354,32.43748015124223,18.380219142809974,,1,trend_break,True,False,False,False,False,False,False,False,False,5929.T,,3646.0,12.944685,2.2022986,281.66,1655.543,765239099392.0,1778740200.0,1785393000.0,1785393000.0,True,,,True,1785393000.0,2026-07-30,36.0
2,False,58.36734693877551,True,False,True,False,0.5212613927201802,1874.0,1874.0,213433865.0,213.433865,2644.08203125,0.7087525946061739,-0.33058052697282403,-0.0839617547710012,41.03678479185701,2.1897964136529886,-0.0010660980810234255,-0.03897435897435897,17.332748068270025,21.228898179103915,19.216897135074376,,1,trend_break,True,False,False,False,False,False,False,False,False,5930.T,,1874.0,10.424431,1.0999576,179.77,1703.702,131814580224.0,,1754283600.0,1754629200.0,True,,,True,1754283600.0,2025-08-04,-222.0
3,False,53.374329240762435,False,False,True,True,0.3778934904161605,621.0,621.0,67199570.0,67.19957,716.9423217773438,0.8661784653199202,-0.2605805307491976,-0.014896840393616273,15.722369957962487,2.5317826019263263,-0.025882352941176467,-0.12544684069830414,12.981042604668579,23.38284166265731,23.60973267209703,"fund_neg_eps,fund_low_adv20,fund_small_mcap",1,trend_break,True,False,False,False,False,False,False,False,False,5932.T,,621.0,-4.332658899044163,0.20164065,-143.33,3079.736,19461826560.0,,1752040800.0,1752472800.0,True,,,False,1752040800.0,2025-07-09,-240.0
4,False,58.00000000000001,True,False,True,True,0.45708436255336987,1034.0,1034.0,43518480.0,43.51848,1167.4793701171875,0.8856687548116681,-0.1366014459863043,-0.02704545448619544,15.329763660286563,1.4825690193700738,-0.005769230769230749,-0.06340579710144922,17.348739602994808,23.59785837690862,17.76511045126895,"fund_low_adv20,fund_small_mcap",1,trend_break,True,False,False,False,False,False,False,False,False,5933.T,,1034.0,11.766045,0.61544067,87.88,1680.097,20652345344.0,,1752732000.0,1753164000.0,True,,,False,1752732000.0,2025-07-17,-234.0
7,True,51.45631067961164,True,False,True,True,0.4585950645021721,890.0,890.0,6753195.0,6.753195,949.4200439453125,0.9374143780466307,-0.1569140383945895,0.0003955743914609844,12.860875215103256,1.445042159000366,-0.015486725663716783,-0.0540117451869736,36.00730230702837,16.42501279251565,22.39999770132081,"fund_low_adv20,fund_small_mcap",1,di_bear,False,False,False,False,False,False,True,False,False,5936.T,,890.0,6.793375,0.539459,131.01,1649.801,5635675136.0,,1753686000.0,1754031600.0,True,,,False,1753686000.0,2025-07-28,-227.0
2,False,79.76190476190476,True,False,False,True,0.5376497512022353,1739.0,1739.0,2982613072.5,2982.6130725,1891.730224609375,0.919264267905371,-0.16071590122871093,-0.004704004900276337,28.793219043685145,1.655734275082527,0.0,0.0,12.081216862438554,24.772140693410627,17.2085969168572,,1,trend_break,True,False,False,False,False,False,False,False,False,5938.T,,1739.0,61.297142,0.75185853,28.37,2312.935,500083097600.0,1777530600.0,1785393000.0,1785393000.0,True,,,True,1785393000.0,2026-07-30,36.0
1,False,51.44927536231884,False,False,True,True,0.5885418783471675,4935.0,4935.0,6186900.0,6.1869,9944.3408203125,0.4962621544426228,-0.5102742265176143,-0.14398270190658868,88.16635875684925,1.7865523557618896,-0.028543307086614123,-0.18108561609677287,14.710279164142566,25.333288448526353,31.87397824239232,"fund_low_adv20,fund_small_mcap",1,trend_break,True,False,False,False,False,False,False,False,False,5939.T,,4935.0,12.952756,0.8728082,381.0,5654.163,3844656128.0,,1747117800.0,1747117800.0,True,,,False,1747117800.0,2025-05-13,-281.0
2,False,43.75,True,False,True,True,0.5860762122074481,693.0,693.0,32101970.0,32.10197,1046.5633544921875,0.6621672706438846,-0.3378327293561154,-0.17833276301030287,18.21397959652093,2.628279884057854,-0.07968127490039845,-0.2828178197737822,53.31756166220881,12.82088547353517,33.01388720207681,"fund_low_adv20,fund_small_mcap",2,trend_break;di_bear,True,False,False,False,False,False,True,False,False,5940.T,,693.0,4.2875705,0.34069154,161.63,2034.098,8689590272.0,,1754283600.0,1754629200.0,True,,,False,1754283600.0,2025-08-04,-222.0
7,True,55.24475524475525,True,False,True,True,0.6652685219385678,2505.0,2505.0,5546840.0,5.54684,2650.9765625,0.9449347970235026,-0.13374759914133993,0.032197967612374256,19.259408582889964,0.7688386659836314,-0.01687598116169542,-0.01687598116169542,41.34715277558771,37.841646169269964,10.77548933869893,"fund_low_adv20,fund_small_mcap",0,,False,False,False,False,False,False,False,False,False,5941.T,,2505.0,7.0231023,2.2260988,356.68,1125.287,15565799424.0,,1746761400.0,1746761400.0,True,,,False,1746761400.0,2025-05-09,-283.0
5,True,43.63434716973967,False,False,True,True,0.40537623117912125,558.0,558.0,29578005.0,29.578005,619.9066162109375,0.9001355775337098,-0.11438273823296297,0.021061431689457955,12.653914332505614,2.267726582886311,-0.0505215121828112,-0.09986442246629024,27.046380360488172,13.785654152875345,27.971457857372844,"fund_neg_eps,fund_low_adv20,fund_small_mcap",1,di_bear,False,False,False,False,False,False,True,False,False,5942.T,,558.0,-14.883969058415577,0.4690838,-37.49,1189.553,10752333824.0,,1751263200.0,1751608800.0,True,,,False,1751263200.0,2025-06-30,-247.0
4,True,25.899280575539564,False,False,True,False,0.40688096774927146,2224.0,2224.0,230354325.0,230.354325,2526.0,0.880443388756928,-0.14608076009501192,0.044762896236949734,47.88153685228002,2.1529468009118715,-0.09446254071661242,-0.09446254071661242,25.43944901778839,16.401679313393103,29.677102368918497,,2,trailing_stop;di_bear,False,False,False,False,True,False,True,False,False,5943.T,,2224.0,30.324518,0.7124091,73.34,3121.802,101657698304.0,,1754460000.0,1754892000.0,True,,,True,1754460000.0,2025-08-06,-220.0
6,True,57.48792270531401,False,False,True,True,0.37564037654283594,2490.0,2490.0,7771605.0,7.771605,2538.0,0.9810874704491725,-0.05192394556889668,0.11487046779908439,40.21672707978172,1.6151296015976595,-0.011512504962286618,-0.01891252955082745,40.61478191338564,13.405153634677674,32.950887455570395,"fund_low_adv20,fund_small_mcap",1,di_bear,False,False,False,False,False,False,True,False,False,5945.T,,2490.0,13.601355,0.569214,183.07,4374.453,22240256000.0,,1747117800.0,1747117800.0,True,,,False,1747117800.0,2025-05-13,-281.0
7,True,47.368421052631575,True,False,True,True,0.3403051752527245,1990.0,1990.0,135839895.0,135.839895,2191.0,0.9082610680054769,-0.1827757191791245,0.0064457940427502525,25.078032074974274,1.260202616832878,-0.012896825396825351,-0.031630170316301665,21.129355650610208,20.8317224775663,23.648750345924743,fund_low_adv20,1,di_bear,False,False,False,False,False,False,True,False,False,5946.T,,1990.0,31.088892,0.487181,64.01,4084.724,67663597568.0,,1754546400.0,1754978400.0,True,,,False,1754546400.0,2025-08-07,-219.0
4,False,49.89816700610998,True,False,True,True,0.506207884290095,3536.0,3536.0,1605079715.0,1605.079715,4252.54833984375,0.8315014239508732,-0.21411828086996088,-0.047649709500470316,84.89578764573413,2.400898971881621,-0.0056242969628796935,-0.06306639663369185,16.848515221066744,28.940777981647365,23.296116533771087,,1,trend_break,True,False,False,False,False,False,False,False,False,5947.T,,3536.0,13.596339,1.1165736,260.07,3166.831,488223965184.0,1785997800.0,1785997800.0,1785997800.0,True,,,True,1785997800.0,2026-08-06,41.0
2,False,31.7829457364341,False,False,False,True,0.5006956183742107,1214.0,1214.0,223748905.0,223.748905,1459.4744873046875,0.8318062498248789,-0.34496162179831835,-0.03270669785971425,29.303142123047706,2.4137678849297948,-0.063993831919815,-0.1328571428571429,27.136236323145557,17.426190152955947,33.642324772205825,fund_neg_eps,3,trend_break;macd_sell_like;di_bear,True,False,True,False,False,False,True,False,False,5949.T,,1214.0,-6.474321369526959,0.40828475,-187.51,2973.415,54126714880.0,,1754463600.0,1754895600.0,True,,,False,1754463600.0,2025-08-06,-220.0
2,False,45.65217391304348,False,False,True,False,0.42325850837270784,139.0,139.0,23817615.0,23.817615,216.23484802246094,0.6428196068820585,-0.7275503844533,-0.24845572672986727,8.013400992847641,5.7650366855019,-0.120253164556962,-0.24456521739130432,52.97711645021594,38.84159119176602,13.888037177374096,"fund_neg_eps,fund_low_adv20,fund_small_mcap",3,trend_break;trailing_stop;natr_spike,True,False,False,False,True,False,False,False,True,5950.T,,139.0,-65.87677725118483,0.8863665,-2.11,156.82,1984568832.0,,1754546400.0,1754978400.0,True,,,False,1754546400.0,2025-08-07,-219.0
4,True,68.61924686192468,False,False,True,False,0.43374949455153294,946.0,946.0,23806855.0,23.806855,1066.66162109375,0.8868791951377943,-0.1965586995421884,0.03517446936837154,31.662151985169665,3.346950526973538,-0.03763987792472023,-0.10164546951628206,16.64296292653888,20.860790977006978,19.2496848771602,"fund_low_adv20,fund_small_mcap",0,,False,False,False,False,False,False,False,False,False,5951.T,,946.0,10.173137,0.5163561,92.99,1832.069,15310986240.0,,1753772400.0,1754290800.0,True,,,False,1753772400.0,2025-07-29,-226.0
4,False,54.285714285714285,False,False,True,False,0.2659234594451303,183.0,183.0,12880110.0,12.88011,259.0,0.7065637065637066,-0.32432432432432434,-0.031017460578912526,6.174825376587002,3.374221517260657,-0.02659574468085102,-0.06153846153846154,24.847010102808476,28.02913006689005,12.996333782515274,"fund_low_adv20,fund_small_mcap",1,trend_break,True,False,False,False,False,False,False,False,False,5952.T,,183.0,14.710611,1.3798304,12.44,132.625,2169098240.0,,1747022400.0,1747022400.0,True,,,False,1747022400.0,2025-05-12,-282.0
1,False,22.727272727272734,False,True,False,True,0.5988971384700252,78.0,78.0,122104035.0,122.104035,149.73109436035156,0.5209338803888033,-0.4790661196111967,-0.1902883458474135,4.191644046451183,5.373902623655362,-0.16129032258064513,-0.39491525062599975,49.5189419621432,7.429514421166639,36.332700813692156,"fund_low_adv20,fund_small_mcap",4,trend_break;trailing_stop;di_bear;vol_distribution,True,False,False,False,True,False,True,True,False,5955.T,,78.0,28.158846,0.86639714,2.77,90.028,10403726336.0,,1753768800.0,1754287200.0,True,,,False,1753768800.0,2025-07-29,-226.0
3,False,43.28358208955223,True,True,False,False,0.452955221687964,561.0,561.0,4155665.0,4.155665,749.6145629882812,0.7483846068352998,-0.2689576389558924,-0.038508474018695726,10.867457434701773,1.937158188003881,-0.02772963604852685,-0.14374012635655176,10.650747441179119,23.39811037721472,27.579937640812336,"fund_low_adv20,fund_small_mcap",1,trend_break,True,False,False,False,False,False,False,False,False,5956.T,,561.0,7.402032,0.31449395,75.79,1783.818,4957683712.0,,1747117800.0,1747117800.0,True,,,False,1747117800.0,2025-05-13,-281.0
6,True,44.21768707482994,False,False,True,False,0.2904054238027552,753.0,753.0,129797720.0,129.79772,811.0,0.9284833538840938,-0.19064814567625554,0.05963920383265964,19.609109277778394,2.604131378191022,-0.0540201005025126,-0.061097256857855387,12.342166370053873,26.463697663246926,25.013145431725526,"fund_low_adv20,fund_small_mcap",1,macd_sell_like,False,False,True,False,False,False,False,False,False,5957.T,,753.0,12.685309,0.7506849,59.36,1003.084,27335303168.0,,1754461800.0,1754980200.0,True,,,False,1754461800.0,2025-08-06,-220.0
5,True,63.0,True,False,True,True,0.38808146887914396,4370.0,4370.0,30863875.0,30.863875,5167.08447265625,0.845738060433432,-0.21328942433366105,0.007765120679134485,136.60705480212982,3.12601956068947,-0.028888888888888853,-0.12623559214161106,15.855595048875328,30.75614338751477,14.96052300814696,"fund_low_adv20,fund_small_mcap",0,,False,False,False,False,False,False,False,False,False,5958.T,,4370.0,9.10986,0.586171,479.7,7455.163,12253318144.0,,1754283600.0,1754629200.0,True,,,False,1754283600.0,2025-08-04,-222.0
4,False,50.51546391752578,True,False,True,True,0.5079203299473507,903.0,903.0,109362480.0,109.36248,1039.0,0.8691049085659288,-0.14725697786333014,-0.03995704438200487,14.100845610673177,1.561555438612755,-0.03007518796992481,-0.09609609609609615,24.369716378372136,22.051703708045228,25.459483073302774,fund_low_adv20,2,trend_break;di_bear,True,False,False,False,False,False,True,False,False,5959.T,,903.0,12.580106,0.6568328,71.78,1374.779,40363995136.0,,1753336800.0,1753682400.0,True,,,False,1753336800.0,2025-07-24,-229.0
4,False,37.99999999999999,True,False,True,False,0.4645188629621868,1691.0,1691.0,1731740.0,1.73174,2068.0,0.8176982591876208,-0.22147001934235977,-0.044618806134972155,32.10458912885855,1.8985564239419601,-0.04732394366197179,-0.18230174081237915,37.26179318846382,22.990819040505166,48.453656808677394,"fund_low_adv20,fund_small_mcap",2,trend_break;di_bear,True,False,False,False,False,False,True,False,False,5962.T,,1691.0,3.959631,0.3532734,427.06,4786.661,1624350976.0,,1747026000.0,1747026000.0,True,,,False,1747026000.0,2025-05-12,-282.0
6,True,38.732394366197184,True,False,True,True,0.3939716593974851,1140.0,1140.0,15107100.0,15.1071,1324.0,0.8610271903323263,-0.17545720370990436,0.021186552666855984,24.154266083264115,2.1187952704617645,-0.10728269381362565,-0.13897280966767367,20.14841083056403,15.492519475331706,19.824453636273084,"fund_low_adv20,fund_small_mcap",2,trailing_stop;di_bear,False,False,False,False,True,False,True,False,False,5965.T,,1140.0,6.373344,0.8078494,178.87,1411.154,14941109248.0,,1754542800.0,1754974800.0,True,,,False,1754542800.0,2025-08-07,-219.0
6,True,52.40963855421686,True,False,True,False,0.15049457167518573,2459.0,2459.0,735255.0,0.735255,2574.974365234375,0.9549609631846494,-0.14357252791020592,0.011748184139016571,17.908484189828613,0.7282832122744454,-0.01600640256102437,-0.016196802366895136,18.757046245887913,46.388766239149945,30.02347521525118,"fund_low_adv20,fund_small_mcap",0,,False,False,False,False,False,False,False,False,False,5966.T,,2459.0,11.834064,0.47093636,207.79,5221.512,5941804544.0,,1747306740.0,1747306740.0,True,,,False,1747306740.0,2025-05-15,-279.0
0,False,19.314715667808642,False,False,True,True,0.5820989159804713,444.0,444.0,4546220.0,4.54622,627.7185668945312,0.7073233506483178,-0.3570845163499743,-0.12719658016487023,7.178186153957276,1.616708593233621,-0.046974819723289096,-0.09099001856633138,19.671743070410933,15.698769559348003,26.30904028133961,"fund_low_adv20,fund_small_mcap",1,trend_break,True,False,False,False,False,False,False,False,False,5967.T,,444.0,13.741875,0.7825043,32.31,567.409,9620246528.0,,1744610400.0,1744610400.0,True,,,False,1744610400.0,2025-04-14,-302.0
6,True,64.1025641025641,True,True,False,True,0.31660650576061805,1211.0,1211.0,102535.0,0.102535,1463.5367431640625,0.8274476234753793,-0.18006841604421542,0.008222039004036397,6.1018078730578,0.5038652248602643,-0.003292181069958877,-0.058833351327156724,38.10645022280517,65.02571216611727,15.803103863013709,"fund_low_adv20,fund_small_mcap",0,,False,False,False,False,False,False,False,False,False,5969.T,,1211.0,18.41545,0.4558398,65.76,2656.635,2261421312.0,,1746752400.0,1746752400.0,True,,,False,1746752400.0,2025-05-09,-283.0
5,True,56.61764705882353,False,False,True,False,0.38693808807782987,2091.0,2091.0,472519555.0,472.519555,2212.0,0.9452983725135624,-0.13910133186605866,0.09392756993807572,50.22026745250347,2.401734454926039,-0.05470162748643759,-0.05470162748643759,30.510012611850772,28.287079120608016,22.686729067923284,,1,macd_sell_like,False,False,True,False,False,False,False,False,False,5970.T,,2091.0,6.653938,0.4010651,314.25,5213.617,89521119232.0,,1754465400.0,1754983800.0,True,,,True,1754465400.0,2025-08-06,-220.0
4,False,49.275362318840585,True,False,True,True,0.4299422912331743,7000.0,7000.0,2963200.0,2.9632,7898.46728515625,0.8862478943421392,-0.13274313196519227,-0.0035005421656324476,125.81642544986511,1.7973775064266444,-0.037138927097661645,-0.11375210565786076,30.39227975186086,23.627917820371263,41.604480269036614,"fund_low_adv20,fund_small_mcap",2,trend_break;di_bear,True,False,False,False,False,False,True,False,False,5971.T,,7000.0,11.074198,0.5426926,632.1,12898.646,9110723584.0,,1749812340.0,1749812340.0,True,,,False,1749812340.0,2025-06-13,-258.0
6,True,46.96969696969697,False,False,True,True,0.4070803670887889,614.0,614.0,1111555.0,1.111555,673.990234375,0.9109924279086481,-0.11695899971890822,0.08640769767361323,9.315957833337173,1.5172569761135462,-0.04510108864696738,-0.0558806291203493,7.707694312663605,26.856935152597917,26.146251016791645,"fund_low_adv20,fund_small_mcap",0,,False,False,False,False,False,False,False,False,False,5973.T,,614.0,20.039165,0.31497726,30.64,1949.347,3480498944.0,,1747119600.0,1747119600.0,True,,,False,1747119600.0,2025-05-13,-281.0
6,True,35.65217391304347,True,False,True,True,0.5248033802765387,764.0,764.0,1542845.0,1.542845,941.9906616210938,0.8110483799119776,-0.20487534482451408,0.0767220126488688,15.292498304776057,2.0016359037664997,-0.05679012345679013,-0.12767239434016675,21.934339127342525,21.027028024986976,23.717087204172845,"fund_low_adv20,fund_small_mcap",1,di_bear,False,False,False,False,False,False,True,False,False,5974.T,,764.0,7.9624805,0.4182275,95.95,1826.757,2493890048.0,,1747116000.0,1747116000.0,True,,,False,1747116000.0,2025-05-13,-281.0
6,True,54.55974842767296,False,False,True,False,0.41786594638761654,2671.0,2671.0,330930285.0,330.930285,2941.9091796875,0.9079138195162514,-0.20364844656375158,0.12518886320003042,80.47144831300602,3.0127835384876835,-0.03364688856729381,-0.03364688856729381,20.837140621947846,28.478351989376044,22.25548569802161,,1,macd_sell_like,False,False,True,False,False,False,False,False,False,5975.T,,2671.0,7.1306534,0.5421693,374.58,4926.506,131996532736.0,,1754550000.0,1754982000.0,True,,,True,1754550000.0,2025-08-07,-219.0
6,True,53.459119496855344,False,False,True,True,0.5008938979779547,1276.0,1276.0,129459675.0,129.459675,1463.910400390625,0.8716380453745778,-0.1453218442350851,0.024852283945702824,22.81677493915931,1.7881485062037077,-0.025210084033613467,-0.03768604052658586,9.797067266606643,32.26723171194024,25.740777593162278,fund_low_adv20,0,,False,False,False,False,False,False,False,False,False,5976.T,,1276.0,32.132965,0.7146178,39.71,1785.57,41603620864.0,,1754375400.0,1754980200.0,True,,,False,1754375400.0,2025-08-05,-221.0
4,True,76.48026315789474,False,False,True,False,0.36184434524802117,2002.0,2002.0,391994375.0,391.994375,2041.0,0.9808917197452229,-0.18174828739018134,0.2345337683460491,88.32028341069457,4.411602567966762,-0.019108280254777066,-0.019108280254777066,25.073331558053255,34.16665790675174,13.49172615532111,,0,ext_dev200,False,False,False,False,False,True,False,False,False,5981.T,,2002.0,8.949886,0.75150406,223.69,2663.991,30871425024.0,,1754460000.0,1754978400.0,True,,,True,1754460000.0,2025-08-06,-220.0
7,True,56.8075117370892,True,False,True,False,0.3535998592390536,3740.0,3740.0,28486400.0,28.4864,4184.66943359375,0.8937384563702867,-0.18512081919179746,0.01667185171939156,140.05306152308518,3.744734265323133,-0.01708278580814715,-0.0911300121506683,24.438567130596,37.00089491139201,14.587207987090297,fund_low_adv20,0,,False,False,False,False,False,False,False,False,False,5982.T,,3740.0,11.363291,1.1373336,329.13,3288.393,59474579456.0,,1744354800.0,1744354800.0,True,,,False,1744354800.0,2025-04-11,-303.0
4,True,60.16260162601626,False,False,True,False,0.47770155848898116,13500.0,13500.0,22002750.0,22.00275,14800.0,0.9121621621621622,-0.18627087294494926,0.21244477231673486,404.1068368709242,2.993383976821661,-0.08783783783783783,-0.08783783783783783,23.341343899867496,39.354162290244496,22.591080180369268,"fund_low_adv20,fund_small_mcap",1,trailing_stop;ext_dev200,False,False,False,False,True,True,False,False,False,5983.T,,13500.0,15.175018,0.6881532,889.62,19617.725,14061154304.0,,1747291500.0,1747291500.0,True,,,False,1747291500.0,2025-05-15,-279.0
6,True,37.93103448275862,True,False,True,True,0.5578314066638336,724.0,724.0,4816430.0,4.81643,867.36181640625,0.8347150938690815,-0.26550346883991827,0.0032052911313282806,17.030334095828486,2.352256090584045,-0.04359313077939231,-0.12072714329140988,14.433700848733967,22.553833556223694,23.112900977681754,"fund_low_adv20,fund_small_mcap",0,,False,False,False,False,False,False,False,False,False,5984.T,,724.0,9.748217,0.32112995,74.27,2254.539,10063569920.0,,1746765600.0,1746765600.0,True,,,False,1746765600.0,2025-05-09,-283.0
3,True,45.99406528189911,False,False,True,True,0.4961798302121506,1482.0,1482.0,2204849255.0,2204.849255,2257.42578125,0.6564999887523988,-0.42338713027499575,0.20441452389544912,168.597378165617,11.376341306721795,-0.24885960466294987,-0.3435000112476012,13.937625622013192,21.269565331706644,26.76707771255536,,2,macd_sell_like;trailing_stop;ext_dev200,False,False,True,False,True,True,False,False,False,5985.T,,1482.0,7.226096,1.3121233,205.09,1129.467,44891684864.0,,1754546400.0,1754978400.0,True,,,True,1754546400.0,2025-08-07,-219.0
6,True,47.16981132075472,False,False,True,True,0.39483608068318704,226.0,226.0,12010760.0,12.01076,247.5579376220703,0.9129176069685095,-0.20531404936484343,0.10039640341007816,7.078323998933687,3.1320017694396842,-0.07755102040816331,-0.07755102040816331,22.302309723482622,16.913652532574925,21.045633654860673,"fund_low_adv20,fund_small_mcap",2,macd_sell_like;di_bear,False,False,True,False,False,False,True,False,False,5986.T,,226.0,4.8570814,0.31371546,46.53,720.398,5063365632.0,,1754542800.0,1754888400.0,True,,,False,1754542800.0,2025-08-07,-219.0
5,True,50.37593984962406,False,False,True,True,0.17861361088412442,1950.0,1950.0,905245.0,0.905245,2866.0,0.680390788555478,-0.44173063503140264,0.08325208942662643,33.12282477967816,1.6986063989578544,-0.02791625124626118,-0.02791625124626118,31.617581125873436,48.326522186910786,30.292887480730453,"fund_low_adv20,fund_small_mcap",1,macd_sell_like,False,False,True,False,False,False,False,False,False,5987.T,,1950.0,13.829787,0.57530797,141.0,3389.489,3228406272.0,,1747206000.0,1747206000.0,True,,,False,1747206000.0,2025-05-14,-280.0
2,False,44.569288389513105,False,False,True,False,0.3799145100936358,1546.0,1546.0,139346090.0,139.34609,1899.4537353515625,0.8139182182891425,-0.34350925780853037,-0.07172010523264138,30.716277467651018,1.9868226046346065,-0.025834908632640152,-0.07091346153846156,21.295786627550633,18.179501660610807,27.7652067343051,"fund_neg_eps,fund_low_adv20",2,trend_break;di_bear,True,False,False,False,False,False,True,False,False,5988.T,,1546.0,-1662.3655913978494,0.57847506,-0.93,2672.544,37402054656.0,,1754366400.0,1754884800.0,True,,,False,1754366400.0,2025-08-05,-221.0
4,True,25.54112554112554,False,False,True,False,0.4361947085167242,1515.0,1515.0,491554065.0,491.554065,1788.0,0.8473154362416108,-0.23151751921453068,0.10756776381797817,61.203977217733296,4.0398664830187,-0.15268456375838924,-0.15268456375838924,28.354949601936326,30.684799539804597,30.68545958893203,,3,macd_sell_like;trailing_stop;di_bear,False,False,True,False,True,False,True,False,False,5989.T,,1515.0,3.9191847,0.5371215,386.56,2820.591,42642898944.0,,1754463600.0,1754982000.0,True,,,True,1754463600.0,2025-08-06,-220.0
6,True,62.0,True,True,False,False,0.23982592448597356,1986.0,1986.0,747820.0,0.74782,2005.0,0.9905236907730673,-0.09036016322807994,0.023722831296051794,19.194640233506952,0.9664974941342876,-0.0020100502512563345,-0.009476309226932655,34.22811445625328,22.896550197790404,29.949457860435597,"fund_low_adv20,fund_small_mcap",2,di_bear;vol_distribution,False,False,False,False,False,False,True,True,False,5990.T,,1986.0,23.648487,0.4542962,83.98,4371.597,4690258944.0,,1745563200.0,1745563200.0,True,,,False,1745563200.0,2025-04-25,-293.0
4,True,67.4,False,False,False,False,0.48171580313506795,3774.0,3774.0,3748774895.0,3748.774895,4049.0,0.9320819955544579,-0.23908449533067977,0.43769760550708736,189.0815776165602,5.010110694662432,-0.06791800444554208,-0.06791800444554208,43.67359994935868,38.10131827340999,18.242006654915503,,1,rsi_reversal;ext_dev200,False,False,False,True,False,True,False,False,False,5991.T,,3774.0,27.427324,1.7471204,137.6,2160.126,764571222016.0,1778481000.0,1785911400.0,1785911400.0,True,,,True,1785911400.0,2026-08-05,40.0
7,True,51.12107623318386,False,False,False,False,0.5193300099762551,3785.0,3785.0,102525000.0,102.525,4085.0,0.9265605875152999,-0.2313398337868725,0.09463935738735385,150.72520728757286,3.9821719230534436,-0.0734394124847001,-0.0734394124847001,21.63055759519037,21.442540763501658,13.991286786879472,fund_low_adv20,1,macd_sell_like,False,False,True,False,False,False,False,False,False,5992.T,,3785.0,7.685747,1.088245,492.47,3478.077,95479619584.0,,1753680000.0,1754025600.0,True,,,False,1753680000.0,2025-07-28,-227.0
1,False,25.764192139738,False,True,False,False,0.5433039921681553,957.0,957.0,35664130.0,35.66413,2147.16455078125,0.4457040796672028,-0.5542959203327972,-0.3499589123616135,45.03604125164461,4.705960423369343,-0.2564102564102564,-0.40251409548807204,37.44476941897349,17.05083392397493,35.262025871620395,"fund_neg_eps,fund_low_adv20,fund_small_mcap",4,trend_break;trailing_stop;di_bear;vol_distribution,True,False,False,False,True,False,True,True,False,5994.T,,957.0,-1.6964174924219595,0.2854937,-564.13,3352.088,4095343616.0,,1747119600.0,1747119600.0,True,,,False,1747119600.0,2025-05-13,-281.0
7,True,52.0,True,False,True,True,0.2645291784380901,820.0,820.0,1867150.0,1.86715,848.0,0.9669811320754716,-0.12763550722140982,0.11509465276665543,13.425766640124564,1.6372886146493373,-0.009661835748792313,-0.03301886792452835,10.829891092823317,25.47966804286465,23.47417934081426,"fund_low_adv20,fund_small_mcap",0,,False,False,False,False,False,False,False,False,False,5997.T,,820.0,8.578303,0.39873183,95.59,2056.52,3956217856.0,,1754547000.0,1754979000.0,True,,,False,1754547000.0,2025-08-07,-219.0
4,True,71.5360501567398,False,False,True,False,0.45976480700785965,2675.0,2675.0,69196145.0,69.196145,3100.0,0.8629032258064516,-0.3773382729408232,0.5253069989514303,165.96502999635067,6.204300186779464,-0.13709677419354838,-0.13709677419354838,45.98545637434588,29.988638809510675,14.954960960273606,"fund_low_adv20,fund_small_mcap",3,macd_sell_like;rsi_reversal;trailing_stop;ext_dev200,False,False,True,True,True,True,False,False,False,5998.T,,2675.0,10.692302,1.0796316,250.18,2477.697,10980682752.0,,1754550000.0,1754982000.0,True,,,False,1754550000.0,2025-08-07,-219.0
5,True,32.421875,False,False,True,True,0.14086292325998714,3120.0,3120.0,1235910520.0,1235.91052,3478.355224609375,0.8969756676736147,-0.29162100227890253,0.018076573123243067,80.5201071466916,2.5807726649580642,-0.07719609582963616,-0.09433962264150941,22.88866562677647,13.022377528056309,25.580170901927573,,1,di_bear,False,False,False,False,False,False,True,False,False,6005.T,,3120.0,13.075183,1.4847287,238.62,2101.394,361022423040.0,1778740200.0,1785997800.0,1785997800.0,True,,,True,1785997800.0,2026-08-06,41.0
4,True,61.963190184049076,False,False,True,False,0.26007950566878074,3395.0,3395.0,1065869150.0,1065.86915,3440.0,0.9869186046511628,-0.114098364670016,0.32171464767462243,103.57470663457683,3.0508013736252377,-0.013081395348837233,-0.013081395348837233,35.39494141550596,36.201628484787314,13.836237326975468,,1,macd_sell_like;ext_dev200,False,False,True,False,False,True,False,False,False,6013.T,,3395.0,18.34441,2.201529,185.07,1542.11,247336615936.0,1778740200.0,1785997800.0,1785997800.0,True,,,True,1785997800.0,2026-08-06,41.0
1,False,26.047904191616766,False,False,True,False,0.42965600936164866,7300.0,7300.0,1474251550.0,1474.25155,15631.9091796875,0.466993501311139,-0.533006498688861,-0.39518346660734105,601.592310200599,8.240990550693136,-0.3393665158371041,-0.4774595356539567,36.68694073932612,12.590509953458525,33.9680376184454,,4,trend_break;macd_sell_like;trailing_stop;di_bear,True,False,True,False,True,False,True,False,False,6016.T,,7300.0,12.858452,9.18381,567.72,794.877,61200609280.0,,1747117800.0,1747117800.0,True,,,True,1747117800.0,2025-05-13,-281.0
3,True,20.744680851063833,False,False,True,False,0.22985700577283538,5190.0,5190.0,45061300.0,45.0613,6390.0,0.812206572769953,-0.20785905528413307,0.20555397003167486,304.4505814166628,5.86609983461778,-0.187793427230047,-0.187793427230047,17.510863942343327,19.02328514453177,33.74372614960938,"fund_low_adv20,fund_small_mcap",2,macd_sell_like;trailing_stop;ext_dev200,False,False,True,False,True,True,False,False,False,6018.T,,5190.0,22.997166,1.0762469,225.68,4822.314,16825274368.0,,1747031400.0,1747031400.0,True,,,False,1747031400.0,2025-05-12,-282.0
1,False,32.8525641025641,False,False,True,True,0.4848263679416164,2476.0,2476.0,9025070.0,9.02507,5994.580078125,0.41303977388428675,-0.5946338244996701,-0.3339799256418966,84.32796219189639,3.405814305003893,-0.13122807017543858,-0.3125473095439013,42.501218561187386,11.634731832955197,36.37479572424684,"fund_low_adv20,fund_small_mcap",3,trend_break;trailing_stop;di_bear,True,False,False,False,True,False,True,False,False,6022.T,,2476.0,17.803982,0.4697416,139.07,5270.983,3313628416.0,,1747029600.0,1747029600.0,True,,,False,1747029600.0,2025-05-12,-282.0
2,False,31.40364789849326,False,False,True,True,0.5138687362034818,2524.0,2524.0,626712170.0,626.71217,3405.0,0.7412628487518356,-0.39542203864578873,-0.06339439466648722,173.76372761805376,6.884458304994206,-0.2339908952959029,-0.25873715124816443,24.30355250477803,16.60288491841941,25.972114314786392,,4,trend_break;macd_sell_like;trailing_stop;di_bear,True,False,True,False,True,False,True,False,False,6023.T,,2524.0,10.840062,1.2998999,232.84,1941.688,64189046784.0,,1745812800.0,1745812800.0,True,,,True,1745812800.0,2025-04-28,-292.0
0,False,14.54219030520646,False,False,True,True,0.31316995257077634,2171.0,2171.0,262490060.0,262.49006,3750.0,0.5789333333333333,-0.4210666666666667,-0.2555431346057567,86.54440215254509,3.986384253917323,-0.215962441314554,-0.26131337189520243,21.46766494092294,17.132950537019973,35.14816326525117,,3,trend_break;trailing_stop;di_bear,True,False,False,False,True,False,True,False,False,6027.T,,2171.0,32.824314,6.8693624,66.14,316.041,49642254336.0,,1754980200.0,1755498600.0,True,,,True,1754980200.0,2025-08-12,-216.0
5,True,38.8235294117647,False,False,True,True,0.4578728267348411,183.0,183.0,15037105.0,15.037105,335.0,0.5462686567164179,-0.5940298507462687,0.021376346486577047,10.903908777568354,5.958420097031888,-0.1643835616438356,-0.18666666666666665,40.911976174843254,22.277306540088706,23.311161725693413,"fund_low_adv20,fund_small_mcap",3,macd_sell_like;trailing_stop;di_bear,False,False,True,False,True,False,True,False,False,6029.T,,183.0,7.2705603,1.1846194,25.17,154.48,1878812288.0,,1754461800.0,1754893800.0,True,,,False,1754461800.0,2025-08-06,-220.0
1,False,39.29712460063898,False,False,True,False,0.5809429787007272,1201.0,1201.0,23760620.0,23.76062,3705.0,0.3241565452091768,-0.6849557522123894,-0.4113625168786039,57.91088801198125,4.821889093420587,-0.09767092411720513,-0.3426382047071702,32.87684428120782,12.275962218067455,25.887234483490484,"fund_neg_eps,fund_low_adv20,fund_small_mcap",3,trend_break;trailing_stop;di_bear,True,False,False,False,True,False,True,False,False,6030.T,,1201.0,-4.151399930867611,0.95281166,-289.3,1260.48,8620029952.0,,1747117800.0,1747117800.0,True,,,False,1747117800.0,2025-05-13,-281.0
2,False,70.96774193548387,True,True,False,False,0.34355271648382,283.0,283.0,144232805.0,144.232805,436.63006591796875,0.6481459296785307,-0.48239936357827584,-0.10124730712987917,16.627342457515827,5.875386027390752,0.0,-0.04067796610169494,34.69803905372925,51.192462355931035,11.440217381437478,"fund_low_adv20,fund_small_mcap",2,trend_break;natr_spike,True,False,False,False,False,False,False,False,True,6031.T,,283.0,25.29044,7.2823653,11.19,38.861,5776239616.0,,1755064800.0,1755583200.0,True,,,False,1755064800.0,2025-08-13,-215.0
6,True,49.01960784313726,True,False,True,False,0.388572264440622,1377.0,1377.0,7598065.0,7.598065,1523.6162109375,0.9037709037978238,-0.18066018863046462,0.01836331743817099,28.744351818899872,2.0874620057298383,-0.035038542396636285,-0.09622909620217623,17.06953953127435,19.942552789650314,19.83377527704146,"fund_low_adv20,fund_small_mcap",0,,False,False,False,False,False,False,False,False,False,6033.T,,1377.0,6.265356,1.0689533,219.78,1288.176,7373432832.0,,1754978700.0,1755497100.0,True,,,False,1754978700.0,2025-08-12,-216.0
3,False,51.92307692307693,True,False,True,False,0.23078591764199557,623.0,623.0,2916810.0,2.91681,789.0,0.7896070975918885,-0.32188420019627084,-0.04510096946009112,12.566981769408372,2.017172033612901,-0.04885496183206106,-0.05891238670694865,13.40244932757409,21.411846171757546,15.178945504934429,"fund_low_adv20,fund_small_mcap",1,trend_break,True,False,False,False,False,False,False,False,False,6034.T,,623.0,62.86579,2.3974726,9.91,259.857,3409853440.0,,1754982000.0,1755500400.0,True,,,False,1754982000.0,2025-08-12,-216.0
3,False,40.27777777777777,False,False,True,False,0.4683495081444905,713.0,713.0,38477530.0,38.47753,874.9474487304688,0.8149060849706445,-0.5042823326105573,-0.08108177769010727,21.433269308809678,3.0060686267615258,-0.0997474747474747,-0.0997474747474747,17.46876370584591,16.00687486872917,22.885414900692062,"fund_low_adv20,fund_small_mcap",2,trend_break;trailing_stop,True,False,False,False,True,False,False,False,False,6035.T,,713.0,14.085342,2.0691557,50.62,344.585,12665286656.0,1778826600.0,1785479400.0,1785479400.0,True,,,False,1785479400.0,2026-07-31,37.0
0,False,60.8955223880597,False,False,True,False,0.3080807730673989,2771.0,2771.0,593314600.0,593.3146,3937.434814453125,0.7037576824963558,-0.4028950445323074,-0.15610699415555807,101.30037180030261,3.6557333742440496,-0.050702295306611855,-0.12403730098599308,17.880937936805694,29.952633843856464,26.908860258811316,,1,trend_break,True,False,False,False,False,False,False,False,False,6036.T,,2771.0,8.060856,3.1521697,343.76,879.077,75623677952.0,,1754548200.0,1754980200.0,True,,,True,1754548200.0,2025-08-07,-219.0
1,False,66.66666666666666,True,False,True,False,0.46503297618448614,998.0,998.0,47577510.0,47.57751,1469.7562255859375,0.6790241691965851,-0.3999004837360841,-0.07977920696189988,27.783346715925536,2.783902476545645,0.0,-0.0020000000000000018,17.08291710033359,29.491724193220577,18.502367548018103,"fund_low_adv20,fund_small_mcap",1,trend_break,True,False,False,False,False,False,False,False,False,6037.T,,998.0,14.689431,3.7157419,67.94,268.587,19264151552.0,,1749799800.0,1749799800.0,True,,,False,1749799800.0,2025-06-13,-258.0
4,False,68.25396825396825,True,False,True,False,0.4164818678739685,908.0,908.0,9443145.0,9.443145,1022.0,0.8884540117416829,-0.14970645792563597,-0.02521242961507697,11.471692319522989,1.2634022378329284,-0.01196953210010876,-0.03404255319148941,11.589350431716124,21.98557706688503,20.426102988492566,"fund_low_adv20,fund_small_mcap",1,trend_break,True,False,False,False,False,False,False,False,False,6038.T,,908.0,9.972542,0.8811538,91.05,1030.467,4456874496.0,,1747290600.0,1747290600.0,True,,,False,1747290600.0,2025-05-15,-279.0
3,False,49.68750000000001,True,False,True,False,0.48290504674730145,1000.0,1000.0,218181955.0,218.181955,1580.0,0.6329113924050633,-0.4082278481012658,-0.10950409089670898,53.48291372347032,5.348291372347032,-0.19871794871794868,-0.36708860759493667,45.408609575063096,17.086539426491015,30.26770086725712,fund_small_mcap,3,trend_break;trailing_stop;di_bear,True,False,False,False,True,False,True,False,False,6039.T,,1000.0,18.684605,2.6478984,53.52,377.658,12924460032.0,,1747287000.0,1747287000.0,True,,,False,1747287000.0,2025-05-15,-279.0
2,False,84.375,True,False,True,True,0.408185926333908,485.0,485.0,25309390.0,25.30939,628.154296875,0.7721032912022139,-0.31227088288792504,-0.033361391363232684,11.25455155338735,2.3205260934819276,0.0,0.0,22.770652549172024,32.20050130261671,15.497283408542877,"fund_low_adv20,fund_small_mcap",2,trend_break;rsi_reversal,True,False,False,True,False,False,False,False,False,6040.T,,485.0,16.558552,2.168916,29.29,223.614,22329608192.0,,1749189600.0,1749189600.0,True,,,False,1749189600.0,2025-06-06,-263.0
5,True,44.57831325301205,True,False,True,True,0.3977909446321865,4065.0,4065.0,4809625.0,4.809625,5119.43017578125,0.7940336835201901,-0.24893984916724954,0.09615473461129431,117.63306119479972,2.8938022434145076,-0.045774647887323994,-0.20450097847358117,14.977292379061197,29.206404591376934,36.40951451032839,"fund_low_adv20,fund_small_mcap",0,,False,False,False,False,False,False,False,False,False,6042.T,,4065.0,14.056016,0.5453277,289.2,7454.233,7593680384.0,,1747290600.0,1747290600.0,True,,,False,1747290600.0,2025-05-15,-279.0
1,False,29.78021324703583,False,False,True,True,0.6007829296883744,1519.0,1519.0,20694880.0,20.69488,2355.249267578125,0.644942351075209,-0.3796834924813164,-0.16593405668280525,46.31328104896553,3.048932261288053,-0.10720328108488053,-0.13995737402013086,20.880332616567333,23.52737055125932,31.432147584373997,"fund_low_adv20,fund_small_mcap",3,trend_break;trailing_stop;di_bear,True,False,False,False,True,False,True,False,False,6044.T,,1519.0,11.873681,1.8708993,127.93,811.909,9801641984.0,,1752127200.0,1752472800.0,True,,,False,1752127200.0,2025-07-10,-239.0
1,False,16.917293233082702,False,False,False,True,0.5681833659888353,1382.0,1382.0,24863580.0,24.86358,1896.4619140625,0.7287254174483014,-0.27127458255169856,-0.13244221380436272,40.800662548057595,2.9522910671532268,-0.12086513994910941,-0.1988405797101449,28.956791012697433,17.525880646663687,33.05485589433258,"fund_low_adv20,fund_small_mcap",3,trend_break;trailing_stop;di_bear,True,False,False,False,True,False,True,False,False,6045.T,,1382.0,4.2239747,1.837397,327.18,752.151,10857174016.0,,1747290600.0,1747290600.0,True,,,False,1747290600.0,2025-05-15,-279.0
1,False,28.205128205128204,True,False,True,True,0.4507287330913497,113.0,113.0,9074180.0,9.07418,212.0,0.5330188679245284,-0.46698113207547165,-0.23939016592064077,5.356780430838834,4.740513655609587,-0.16296296296296298,-0.46698113207547165,37.01645218259314,9.884143367686525,34.435902010906624,"fund_neg_eps,fund_low_adv20,fund_small_mcap",3,trend_break;trailing_stop;di_bear,True,False,False,False,True,False,True,False,False,6046.T,,113.0,-16.119828815977176,2.599195,-7.01,43.475,2121112192.0,,1754548200.0,1754980200.0,True,,,False,1754548200.0,2025-08-07,-219.0
0,False,25.056983843589038,False,False,True,True,0.44527357420397895,445.0,445.0,81168405.0,81.168405,737.1705322265625,0.6036595069202161,-0.3963404930797839,-0.19294984693200945,11.795493372347227,2.650672667943197,-0.11966323274133905,-0.14398189170787645,30.410393608153,14.23773262015073,35.264857138839346,"fund_low_adv20,fund_small_mcap",3,trend_break;trailing_stop;di_bear,True,False,False,False,True,False,True,False,False,6047.T,,445.0,46.20976,0.96878344,9.63,459.339,10657583104.0,,1752127200.0,1752472800.0,True,,,False,1752127200.0,2025-07-10,-239.0
4,False,51.42857142857143,True,False,True,False,0.36747705258601504,259.0,259.0,16549245.0,16.549245,307.0,0.8436482084690554,-0.20846905537459282,-0.04164585299069401,6.206658049771427,2.3963930694098172,-0.054744525547445244,-0.08156028368794321,39.08825613011713,15.054174583274662,28.936611470418576,"fund_low_adv20,fund_small_mcap",2,trend_break;di_bear,True,False,False,False,False,False,True,False,False,6049.T,,259.0,31.055155,0.6629246,8.34,390.693,5254356992.0,,1749796200.0,1749796200.0,True,,,False,1749796200.0,2025-06-13,-258.0
2,False,44.11764705882352,False,False,False,True,0.4103270610130486,1650.0,1650.0,17830960.0,17.83096,2220.84423828125,0.7429607045638481,-0.2791029769656238,-0.04928168966828095,22.545635812019906,1.3664021704254488,-0.02884049440847558,-0.038461538461538436,12.345973238016864,23.29773789920311,19.58737454165409,"fund_low_adv20,fund_small_mcap",1,trend_break,True,False,False,False,False,False,False,False,False,6050.T,,1650.0,27.0226,1.5911144,61.06,1037.009,19133145088.0,,1753855200.0,1754287200.0,True,,,False,1753855200.0,2025-07-30,-225.0
0,False,31.818181818181827,False,False,True,True,0.33146792424075294,107.0,107.0,7485305.0,7.485305,168.0,0.6369047619047619,-0.4403292181069959,-0.15234096490533156,3.3029922754244696,3.0869086686209997,-0.07758620689655171,-0.18939393939393945,32.50234300131761,5.920346258971917,26.55827872035167,"fund_neg_eps,fund_low_adv20,fund_small_mcap",3,trend_break;macd_sell_like;di_bear,True,False,True,False,False,False,True,False,False,6054.T,,107.0,-132.09876543209876,0.7160304,-0.81,149.435,2949238784.0,,1754980200.0,1755498600.0,True,,,False,1754980200.0,2025-08-12,-216.0
5,True,54.381654381654386,False,False,True,False,0.44052291705535784,2118.0,2118.0,2209911705.0,2209.911705,2422.0,0.8744838976052849,-0.38824450737736627,0.20523994313102434,143.09572393393282,6.756172045983607,-0.1255161023947151,-0.1255161023947151,24.368263959491642,28.664461208251385,16.57574584662193,,2,macd_sell_like;trailing_stop;ext_dev200,False,False,True,False,True,True,False,False,False,6055.T,,2118.0,20.56111,3.4748027,103.01,609.531,217675710464.0,1786084200.0,1786084200.0,1786084200.0,True,,,True,1786084200.0,2026-08-07,42.0
4,True,72.80701754385964,False,False,False,True,0.42201956041689903,1435.0,1435.0,379430835.0,379.430835,1541.9415283203125,0.9306448873993248,-0.3011545014232314,0.1726174632358355,45.802161808174,3.1917882793152614,-0.02114597544338337,-0.02114597544338337,33.34159156466998,34.43169562996124,12.997417966954966,,0,,False,False,False,False,False,False,False,False,False,6058.T,,1435.0,13.174808,3.133222,108.92,457.995,67307872256.0,,1752127200.0,1752472800.0,True,,,True,1752127200.0,2025-07-10,-239.0
3,False,54.83870967741936,False,False,True,True,0.5834344161608883,345.0,345.0,2005815.0,2.005815,401.51483154296875,0.8592459677621629,-0.15071630432783323,-0.03147743320084573,4.341404327832037,1.2583780660382715,-0.014285714285714235,-0.0963485317310282,30.21778028481484,18.26197577748157,20.961658784342653,"fund_low_adv20,fund_small_mcap",2,trend_break;di_bear,True,False,False,False,False,False,True,False,False,6059.T,,345.0,22.608126,0.4667795,15.26,739.107,6694988800.0,,1754535600.0,1754967600.0,True,,,False,1754535600.0,2025-08-07,-219.0
1,False,36.05769230769231,False,False,True,True,0.4828432245547343,2763.0,2763.0,13447190.0,13.44719,3475.0,0.7951079136690647,-0.22187050359712235,-0.07817496659510259,58.45559203864194,2.1156566065378914,-0.046254746289264737,-0.09111842105263157,15.095773492312224,16.473504982257904,21.85363254587339,"fund_low_adv20,fund_small_mcap",1,trend_break,True,False,False,False,False,False,False,False,False,6061.T,,2763.0,12.389579,1.6748612,223.01,1649.689,25447837696.0,,1747204200.0,1747204200.0,True,,,False,1747204200.0,2025-05-14,-280.0
6,True,64.44444444444444,True,False,True,False,0.431728451654366,1326.0,1326.0,183533660.0,183.53366,1456.0,0.9107142857142857,-0.28949339683268005,0.06920934191566408,44.06131859912704,3.322874705816519,-0.04672897196261683,-0.04741379310344829,16.557245453844985,22.296749800577153,21.736980833232145,fund_low_adv20,0,,False,False,False,False,False,False,False,False,False,6062.T,,1326.0,13.105357,2.0073907,101.18,660.559,43335520256.0,,1754460600.0,1754979000.0,True,,,False,1754460600.0,2025-08-06,-220.0
3,False,56.569343065693424,True,False,False,False,0.19183828112906232,899.0,899.0,1606730.0,1.60673,1068.43310546875,0.8414190793962574,-0.36566503249785853,-0.04906228500947318,24.186361526668556,2.6903627949575704,-0.01533406352683464,-0.035407725321888406,12.42936053874854,31.526891104685557,27.837731401577543,"fund_low_adv20,fund_small_mcap",1,trend_break,True,False,False,False,False,False,False,False,False,6063.T,,899.0,22.224968,1.1969877,40.45,751.052,2264701440.0,,1754978700.0,1755497100.0,True,,,False,1754978700.0,2025-08-12,-216.0
1,False,49.54954954954955,False,False,True,False,0.5239457568146285,597.0,597.0,56119355.0,56.119355,1031.54248046875,0.578744948757431,-0.4261021613661655,-0.2605414502318929,18.09624699401947,3.031197151427047,-0.14469914040114618,-0.19894588832814064,31.04730985693677,18.229876916620956,28.754927788197698,"fund_low_adv20,fund_small_mcap",3,trend_break;trailing_stop;di_bear,True,False,False,False,True,False,True,False,False,6069.T,,597.0,21.513514,1.0812162,27.75,552.156,4632442880.0,,1755151200.0,1755151200.0,True,,,False,1755151200.0,2025-08-14,-214.0
4,False,41.951219512195124,True,False,True,True,0.5506658830815742,2160.0,2160.0,76264605.0,76.264605,2683.61328125,0.8048849717250967,-0.21225609711719706,-0.09721895149883564,36.939702327039846,1.7101714040296225,-0.058413251961639046,-0.1601589624251215,49.49839631411273,14.039053918180944,27.524297994160268,"fund_low_adv20,fund_small_mcap",2,trend_break;di_bear,True,False,False,False,False,False,True,False,False,6070.T,,2160.0,9.993061,1.6021434,216.15,1348.194,25653547008.0,,1754980200.0,1755498600.0,True,,,False,1754980200.0,2025-08-12,-216.0
2,False,56.25,False,False,True,False,0.2787372381060965,804.0,804.0,217442025.0,217.442025,898.7096557617188,0.8946159583859753,-0.26116293984043826,0.041143887698030124,25.296065174676546,3.146276763019471,-0.02898550724637683,-0.02898550724637683,19.929767721718306,27.111539610261183,19.604555616522624,,1,trend_break,True,False,False,False,False,False,False,False,False,6071.T,,804.0,14.655486,2.8004766,54.86,287.094,30446110720.0,,1754548200.0,1754980200.0,True,,,True,1754548200.0,2025-08-07,-219.0
4,True,59.4626168224299,False,False,True,False,0.4795474341893111,1500.0,1500.0,3687849870.0,3687.84987,1874.0,0.80042689434365,-0.42910447761194026,1.7903602355064034,167.5704487508853,11.17136325005902,-0.19957310565635,-0.19957310565635,41.6202503019479,27.740645949352565,11.39601564195355,,2,macd_sell_like;trailing_stop;ext_dev200,False,False,True,False,True,True,False,False,False,6072.T,,1500.0,168.91891,23.463163,8.88,63.93,33645740032.0,,1747207200.0,1747207200.0,True,,,True,1747207200.0,2025-05-14,-280.0
3,False,51.1737089201878,True,False,True,False,0.5479600082166225,1351.0,1351.0,51395710.0,51.39571,1664.12060546875,0.8118401968945334,-0.21460019441809397,-0.12656928009432122,24.8480589222104,1.8392345612294894,-0.021014492753623215,-0.13894200127469725,65.46724442048462,8.079154630400334,20.59464019330188,"fund_low_adv20,fund_small_mcap",2,trend_break;di_bear,True,False,False,False,False,False,True,False,False,6073.T,,1351.0,53.996803,1.3741908,25.02,983.124,13203220480.0,,1754287200.0,1754632800.0,True,,,False,1754287200.0,2025-08-04,-222.0
1,False,26.5625,False,False,True,False,0.24300322989865575,478.0,478.0,3501140.0,3.50114,586.0,0.8156996587030717,-0.1843003412969283,-0.0957826117307613,11.085892517244323,2.3192243759925364,-0.15696649029982368,-0.1843003412969283,23.805283401202356,18.617242189348882,35.57680408440142,"fund_low_adv20,fund_small_mcap",3,trend_break;trailing_stop;di_bear,True,False,False,False,True,False,True,False,False,6074.T,,478.0,7.9349265,0.60473335,60.24,790.431,1924262144.0,,1747207800.0,1747207800.0,True,,,False,1747207800.0,2025-05-14,-280.0
3,False,53.459119496855344,True,False,True,True,0.5050219511808305,1376.0,1376.0,31657595.0,31.657595,1843.6312255859375,0.7463531648324537,-0.2769703715685604,-0.09624032392648463,26.44265419629668,1.9217045200797007,-0.02133712660028453,-0.08082832331329326,9.921212799212707,20.96262670215619,22.29590781575853,fund_low_adv20,1,trend_break,True,False,False,False,False,False,False,False,False,6078.T,,1376.0,58.728127,5.550558,23.43,247.903,36764659712.0,,1754980200.0,1755498600.0,True,,,False,1754980200.0,2025-08-12,-216.0
5,True,45.18518518518518,False,False,True,True,0.23077568628905124,3450.0,3450.0,392838450.0,392.83845,3740.0,0.9224598930481284,-0.220855614973262,0.05445045894004452,121.23922200089972,3.514180347852166,-0.04166666666666663,-0.04166666666666663,14.917570027671182,27.027206667776888,20.395720752661397,,1,macd_sell_like,False,False,True,False,False,False,False,False,False,6080.T,,3450.0,18.857613,2.379463,182.95,1449.907,109636100096.0,,1753682400.0,1754028000.0,True,,,True,1753682400.0,2025-07-28,-227.0
0,False,8.57142857142857,False,True,False,True,0.46428760810711184,155.0,155.0,68590195.0,68.590195,452.0,0.34292035398230086,-0.6570796460176991,-0.3872064521230332,15.866261392784686,10.236297672764314,-0.33476394849785407,-0.5441176470588236,12.070556867115563,24.472496580229894,30.33153928052078,"fund_neg_eps,fund_low_adv20,fund_small_mcap",4,trend_break;macd_sell_like;trailing_stop;vol_distribution,True,False,True,False,True,False,False,True,False,6081.T,,155.0,-2.991700443929743,1.4169486,-51.81,109.39,2456033792.0,,1754982000.0,1755500400.0,True,,,False,1754982000.0,2025-08-12,-216.0
2,False,34.28571428571429,False,False,True,True,0.5051306383759816,969.0,969.0,11925190.0,11.92519,1030.6927490234375,0.9401443843648941,-0.06276627936378976,-0.02722976664992849,4.856782680296492,0.5012159628788949,-0.015243902439024404,-0.043393899341135245,44.80896920074461,17.13747931548766,22.505291868847305,"fund_low_adv20,fund_small_mcap",2,trend_break;di_bear,True,False,False,False,False,False,True,False,False,6082.T,,969.0,13.563829,1.0731765,71.44,902.927,9494390784.0,,1754978400.0,1755496800.0,True,,,False,1754978400.0,2025-08-12,-216.0
5,True,57.985773458641766,True,False,True,True,0.39767165330583204,1332.0,1332.0,125154255.20690918,125.15425520690918,1630.3414306640625,0.817006778425214,-0.2388097507314636,0.025017275297500863,39.22735754767495,2.9449968128885096,-0.01522386629184369,-0.16273686501132467,15.935572881703376,24.002036823193755,21.214572564593425,"fund_low_adv20,fund_small_mcap",0,,False,False,False,False,False,False,False,False,False,6083.T,,1332.0,13.653137,3.996879,97.56,333.26,29900650496.0,,1751868000.0,1752213600.0,True,,,False,1751868000.0,2025-07-07,-242.0
4,True,45.945945945945944,False,True,False,False,0.5655881947210872,417.0,417.0,2054195275.0,2054.195275,640.0,0.6515625,-0.6125,1.6966640930116306,66.85587559268907,16.03258407498539,-0.2593250444049734,-0.34843749999999996,22.66177550817067,32.39878001894363,26.195563093497636,fund_neg_eps,1,trailing_stop;ext_dev200,False,False,False,False,True,True,False,False,False,6085.T,,417.0,-166.8,-214.50618,-2.5,-1.944,47846895616.0,,1747311000.0,1747311000.0,True,,,False,1747311000.0,2025-05-15,-279.0
1,False,34.32835820895522,False,False,True,True,0.44934658913306263,1029.0,1029.0,25060215.0,25.060215,1268.0,0.8115141955835962,-0.2271293375394322,-0.08304579925147382,36.37576590962211,3.5350598551624985,-0.08125000000000004,-0.1316455696202532,17.311818789797954,14.975244205576601,19.821911541236307,"fund_low_adv20,fund_small_mcap",2,trend_break;trailing_stop,True,False,False,False,True,False,False,False,False,6086.T,,1029.0,15.717122,4.1914973,65.47,245.497,19429758976.0,,1744353000.0,1744353000.0,True,,,False,1744353000.0,2025-04-11,-303.0
5,True,27.58620689655173,False,False,False,False,0.5337000755252866,3330.0,3330.0,7274475.0,7.274475,3485.0,0.9555236728837877,-0.08037457090448408,0.001678732135173444,24.545174149846464,0.7370923168122061,-0.022026431718061623,-0.0444763271162123,21.493377140487986,9.085506853811975,56.84017591432665,"fund_low_adv20,fund_small_mcap",2,macd_sell_like;di_bear,False,False,True,False,False,False,True,False,False,6087.T,,3330.0,17.654545,1.883808,188.62,1767.696,13249940480.0,,1754533800.0,1754965800.0,True,,,False,1754533800.0,2025-08-07,-219.0
2,False,41.91176470588235,True,False,True,True,0.3686659561737075,556.0,556.0,376113925.0,376.113925,1266.40185546875,0.4390391545929948,-0.5846500084246129,-0.25569028246858805,18.59451555160353,3.3443373294250947,-0.10466988727858295,-0.18832116788321163,27.844908398029023,21.20366265434626,30.706966813074555,,3,trend_break;trailing_stop;di_bear,True,False,False,False,True,False,True,False,False,6088.T,,556.0,11.661074,3.1801958,47.68,174.832,44982263808.0,,1754290800.0,1754636400.0,True,,,True,1754290800.0,2025-08-04,-222.0
4,False,49.6551724137931,True,False,True,False,0.5197515585527829,1017.0,1017.0,62209160.0,62.20916,1263.739990234375,0.8047541486847984,-0.2086979855606701,-0.06082332965241788,21.021226297652557,2.066983903407331,-0.07880434782608692,-0.15391014975041595,37.98738545936716,17.84937629339611,25.07017599609594,"fund_low_adv20,fund_small_mcap",2,trend_break;di_bear,True,False,False,False,False,False,True,False,False,6089.T,,1017.0,10.072299,1.151286,100.97,883.36,23302295552.0,,1754460000.0,1754978400.0,True,,,False,1754460000.0,2025-08-06,-220.0
1,False,45.31250000000001,False,False,True,False,0.3485954356730284,616.0,616.0,9125660.0,9.12566,853.0452880859375,0.7221187533690977,-0.29663757788724254,-0.11260291141155199,17.30900166284442,2.8099028673448734,-0.08605341246290799,-0.1550068587105624,23.918399622180022,16.35769911825627,34.90977527495174,"fund_low_adv20,fund_small_mcap",3,trend_break;trailing_stop;di_bear,True,False,False,False,True,False,True,False,False,6090.T,,616.0,17.274258,1.8318832,35.66,336.266,3378562304.0,,1747204200.0,1747204200.0,True,,,False,1747204200.0,2025-05-14,-280.0
5,False,49.30555555555555,True,False,True,False,0.45135427994241545,833.0,833.0,6049310.0,6.04931,945.0,0.8814814814814815,-0.1523809523809524,-0.014516071787712748,16.088033863997985,1.9313365983190858,-0.017688679245283057,-0.09357997823721431,21.760035715575558,34.256690176841495,20.02754069914526,"fund_low_adv20,fund_small_mcap",2,trend_break;cross_sma25_down,True,True,False,False,False,False,False,False,False,6091.T,,833.0,12.607841,0.6762703,66.07,1231.756,10946718720.0,,1749711600.0,1749711600.0,True,,,False,1749711600.0,2025-06-12,-259.0
3,True,27.39726027397259,False,False,True,False,0.5107452110359653,729.0,729.0,96119980.0,96.11998,937.0,0.7780149413020278,-0.2508004268943437,0.08839155677074295,37.442080786560595,5.136087899391028,-0.22198505869797225,-0.22198505869797225,18.91718259313182,21.183145710984153,37.5849698423574,"fund_low_adv20,fund_small_mcap",1,trailing_stop,False,False,False,False,True,False,False,False,False,6092.T,,729.0,22.293577,0.63994575,32.7,1139.159,5917726720.0,,1754982000.0,1755500400.0,True,,,False,1754982000.0,2025-08-12,-216.0
4,False,44.827586206896555,True,False,True,True,0.4562452048059858,156.0,156.0,19820090.0,19.82009,195.0,0.8,-0.23589743589743595,-0.01432622802819461,4.910741163630382,3.147911002327168,-0.04878048780487809,-0.19999999999999996,29.69574578950381,17.342875714267674,21.843412007227407,"fund_low_adv20,fund_small_mcap",2,trend_break;di_bear,True,False,False,False,False,False,True,False,False,6093.T,,156.0,36.027714,1.9428116,4.33,80.296,6793987072.0,,1751522400.0,1751868000.0,True,,,False,1751522400.0,2025-07-03,-244.0
1,False,32.91139240506328,False,True,False,False,0.4091233273666238,555.0,555.0,41746890.0,41.74689,765.0,0.7254901960784313,-0.4561797752808989,-0.05460306104198065,30.91291475510218,5.569894550468861,-0.242837653478854,-0.2580213903743316,33.55365382410512,7.381263843737706,31.307991140913337,"fund_low_adv20,fund_small_mcap",3,trend_break;trailing_stop;di_bear,True,False,False,False,True,False,True,False,False,6094.T,,555.0,6.5789475,0.7756749,84.36,715.506,9643964416.0,,1754546400.0,1754978400.0,True,,,False,1754546400.0,2025-08-07,-219.0
6,True,47.05882352941176,False,False,True,False,0.43439570445803266,373.0,373.0,8180155.0,8.180155,391.7252197265625,0.9521980746104799,-0.3293839207246906,0.13482658952332494,11.49518538444093,3.0818191379198203,-0.013227513227513255,-0.018421052631578894,34.55398679314563,30.06521608973381,13.73391882266117,"fund_low_adv20,fund_small_mcap",0,,False,False,False,False,False,False,False,False,False,6096.T,,373.0,10.9224,1.587457,34.15,234.967,3561424640.0,,1754982000.0,1755500400.0,True,,,False,1754982000.0,2025-08-12,-216.0
5,True,82.68538516918647,True,False,True,False,0.5290124909474588,11380.0,11380.0,76120940455.0,76120.940455,11380.0,1.0,-0.43586423830178167,0.4142894240633366,420.537342726718,3.6954072295845166,0.0,0.0,46.25762002630617,46.99105778501087,9.327027068238186,,1,rsi_reversal;ext_dev200,False,False,False,True,False,True,False,False,False,6098.T,,11380.0,32.715252,10.035176,347.85,1134.011,15837612212224.0,1778826600.0,1785911400.0,1785911400.0,True,,,True,1785911400.0,2026-08-05,40.0
4,False,53.75,True,True,False,True,0.3117664623440858,711.0,711.0,73771800.0,73.7718,852.4124145507812,0.8341032906878707,-0.2198611978798397,-0.037798178706035745,16.250920770999734,2.285642865119512,-0.011126564673157202,-0.07421875,13.098484222853008,29.133583353251137,18.050077290032366,fund_low_adv20,1,trend_break,True,False,False,False,False,False,False,False,False,6099.T,,711.0,15.524017,2.9620557,45.8,240.036,43003744256.0,,1754278200.0,1754623800.0,True,,,False,1754278200.0,2025-08-04,-222.0
4,True,62.06896551724138,False,True,False,True,0.3898486894085325,6710.0,6710.0,3150455850.0,3150.45585,7000.0,0.9585714285714285,-0.20643356202345275,0.9744677695475052,487.9542952991252,7.272046129644191,-0.04142857142857148,-0.04142857142857148,46.08125153436279,34.987085120324146,12.026368210088727,,0,ext_dev200,False,False,False,False,False,True,False,False,False,6101.T,,6710.0,18.81449,3.902558,356.64,1719.385,312024072192.0,1778653800.0,1785393000.0,1785393000.0,True,,,True,1785393000.0,2026-07-30,36.0
5,True,50.67873303167421,False,False,False,False,0.24609948793519112,4050.0,4050.0,2803870225.0,2803.870225,5100.0,0.7941176470588235,-0.242657477188034,0.06199533827143955,201.66309115230587,4.979335584007552,-0.173469387755102,-0.20588235294117652,16.60581167862521,20.851275031231925,21.012919228608496,,1,trailing_stop,False,False,False,False,True,False,False,False,False,6103.T,,4050.0,19.487082,0.9797617,207.83,4133.658,239130132480.0,1778567400.0,1785911400.0,1785911400.0,True,,,True,1785911400.0,2026-08-05,40.0
1,False,33.56321839080461,False,True,False,False,0.37281971823984,3905.0,3905.0,1126757125.0,1126.757125,4915.0,0.7945066124109867,-0.22535874136756784,-0.0647416072919873,226.07301066548283,5.78932165596627,-0.20549338758901325,-0.20549338758901325,17.09639194340974,22.546665730276565,25.532209876022815,,5,trend_break;macd_sell_like;trailing_stop;vol_distribution;natr_spike,True,False,True,False,True,False,False,True,True,6104.T,,3905.0,89.42066,0.77900404,43.67,5012.811,92341583872.0,,1753768800.0,1754287200.0,True,,,True,1753768800.0,2025-07-29,-226.0
4,True,57.56159728122345,False,False,True,False,0.3646738769498536,2824.0,2824.0,7846049660.0,7846.04966,3092.0,0.9133247089262613,-0.19163758305664547,0.3289195800006215,135.5870553270393,4.801241335943319,-0.08667529107373872,-0.08667529107373872,39.21280514771363,31.50284503461995,18.283113018970056,,2,macd_sell_like;trailing_stop;ext_dev200,False,False,True,False,True,True,False,False,False,6113.T,,2824.0,29.203724,1.6377195,96.7,1724.349,876944883712.0,1778740200.0,1785997800.0,1785997800.0,True,,,True,1785997800.0,2026-08-06,41.0
5,True,44.79638009049774,False,False,True,False,0.4129842803994587,1108.0,1108.0,234639175.0,234.639175,1343.0,0.8250186150409531,-0.19583023082650786,0.034826341451407394,36.737097815419,3.31562254651796,-0.17498138495904692,-0.17498138495904692,24.9607735695396,21.09781483761403,27.48457926288626,,2,trailing_stop;di_bear,False,False,False,False,True,False,True,False,False,6118.T,,1108.0,14.307851,0.6949344,77.44,1594.395,60210085888.0,,1754550000.0,1754982000.0,True,,,True,1754550000.0,2025-08-07,-219.0
5,True,51.76470588235294,False,False,True,True,0.3630058597129266,4815.0,4815.0,296563825.0,296.563825,5450.0,0.8834862385321101,-0.2811627924731088,0.06369509104362758,242.28665872557423,5.031913992223764,-0.11651376146788994,-0.11651376146788994,21.109800892015592,24.717804039868497,28.856229303875413,,3,macd_sell_like;trailing_stop;di_bear,False,False,True,False,True,False,True,False,False,6125.T,,4815.0,25.766577,0.7462113,186.87,6452.596,31827404800.0,,1754460000.0,1754978400.0,True,,,True,1754460000.0,2025-08-06,-220.0
5,True,45.94213126323218,False,False,True,False,0.37969318656037504,7355.0,7355.0,8682471750.0,8682.47175,8323.0,0.8836957827706355,-0.2270524140765653,0.6997111610736,461.10410549061714,6.269260441748703,-0.11630421722936446,-0.11630421722936446,29.894950689102387,24.97196851661246,22.62344307881438,,2,macd_sell_like;trailing_stop;ext_dev200,False,False,True,False,True,True,False,False,False,6134.T,,7355.0,41.08709,2.7835503,179.01,2642.309,646600654848.0,1778740200.0,1785911400.0,1785911400.0,True,,,True,1785911400.0,2026-08-05,40.0
4,True,63.04347826086957,False,False,True,False,0.43862656761334234,14490.0,14490.0,3544668550.0,3544.66855,14920.0,0.9711796246648794,-0.11780310508929759,0.26529696168807826,525.5397573527811,3.626913439287654,-0.028820375335120607,-0.028820375335120607,31.721367121644498,34.323160404669004,13.627492277096465,,0,ext_dev200,False,False,False,False,False,True,False,False,False,6135.T,,14490.0,16.132624,1.2983667,898.18,11160.176,338945081344.0,,1753768800.0,1754287200.0,True,,,True,1753768800.0,2025-07-29,-226.0
4,True,50.89802548064716,False,False,True,False,0.4094141403730177,3282.0,3282.0,1413221830.0,1413.22183,3524.86279296875,0.9311000719082733,-0.18201379992775557,0.31234397776913503,110.49013938382781,3.3665490366797015,-0.059668054738315934,-0.06889992809172674,26.1609642861323,20.23442241569289,22.570274918167215,,2,macd_sell_like;ext_dev200;di_bear,False,False,True,False,False,True,True,False,False,6136.T,,3282.0,21.494532,1.4784921,152.69,2219.829,269611941888.0,1783665000.0,1783665000.0,1783665000.0,True,,,True,1783665000.0,2026-07-10,22.0
2,False,36.073059360730596,False,False,False,False,0.44640252633210775,1431.0,1431.0,54636895.0,54.636895,2289.077880859375,0.6251425571692512,-0.3766048713623191,-0.1287585153542552,69.70859720464547,4.871320559374246,-0.171875,-0.29528840164325176,31.448509015525218,12.37570832143041,37.58708974589882,fund_low_adv20,3,trend_break;trailing_stop;di_bear,True,False,False,False,True,False,True,False,False,6137.T,,1431.0,8.719761,0.6436034,164.11,2223.419,30208817152.0,,1747036800.0,1747036800.0,True,,,False,1747036800.0,2025-05-12,-282.0
7,True,63.28767123287671,False,False,True,False,0.4812691271982954,1104.0,1104.0,9444200.0,9.4442,1186.0,0.9308600337268128,-0.21517860922907184,0.09187249772794215,40.09091784482134,3.6314237178280204,-0.040000000000000036,-0.06913996627318719,20.54180092440522,25.71654809759703,17.447610510914224,"fund_low_adv20,fund_small_mcap",0,,False,False,False,False,False,False,False,False,False,6138.T,,1104.0,4.1862583,0.34531802,263.72,3197.053,3280502784.0,,1754546400.0,1754892000.0,True,,,False,1754546400.0,2025-08-07,-219.0
3,True,44.096385542168676,False,False,True,True,0.4841744943485127,1226.0,1226.0,1147305645.0,1147.305645,1639.5433349609375,0.7477691951516546,-0.29736532396842885,0.20813218147748858,61.62766285795853,5.026726171122229,-0.12177650429799425,-0.12177650429799425,15.506350866933076,17.732896119402312,24.0539701708202,,2,macd_sell_like;trailing_stop;ext_dev200,False,False,True,False,True,True,False,False,False,6140.T,,1226.0,29.93164,0.94903326,40.96,1291.841,59015348224.0,,1754460000.0,1754892000.0,True,,,True,1754460000.0,2025-08-06,-220.0
5,True,52.64116575591984,False,False,True,True,0.38528852084532006,3305.0,3305.0,4827364960.0,4827.36496,3823.0,0.8645043159822129,-0.3321142953974012,0.14287587589367456,166.0887436068386,5.025378021386947,-0.09003303964757714,-0.1354956840177871,19.31844400545841,28.897637787347257,22.04294053254931,,2,macd_sell_like;trailing_stop,False,False,True,False,True,False,False,False,False,6141.T,,3305.0,98.539055,1.3738279,33.54,2405.687,466336088064.0,1777617000.0,1777617000.0,1777617000.0,True,,,True,1777617000.0,2026-05-01,-28.0
4,True,56.94581280788177,False,False,True,False,0.4299681094305751,1801.0,1801.0,1200845410.0,1200.84541,2003.0,0.8991512730903645,-0.21349772874756656,0.5417730508378773,117.37947249846452,6.517460993807026,-0.10084872690963553,-0.10084872690963553,28.862014796074224,27.249701502528996,20.909844476877325,,2,macd_sell_like;trailing_stop;ext_dev200,False,False,True,False,True,True,False,False,False,6143.T,,1801.0,21.605085,1.5365505,83.36,1172.106,89925074944.0,,1754460000.0,1754978400.0,True,,,True,1754460000.0,2025-08-06,-220.0
3,True,20.36727879799666,False,False,True,True,0.41045199471854,2573.0,2573.0,38635045.0,38.635045,3370.0,0.7635014836795252,-0.2364985163204748,0.0053984997936542545,116.03030425693726,4.5095337837908,-0.22616541353383457,-0.2364985163204748,23.254548723111736,14.658540364756872,29.583830459499577,fund_low_adv20,2,trailing_stop;di_bear,False,False,False,False,True,False,True,False,False,6144.T,,2573.0,11.034867,1.1475649,233.17,2242.139,38671499264.0,,1747288800.0,1747288800.0,True,,,False,1747288800.0,2025-05-15,-279.0
4,True,56.06407322654462,False,False,True,False,0.44065589103606334,3025.0,3025.0,532470365.0,532.470365,3345.0,0.9043348281016442,-0.22553145379550488,0.27277147650543676,172.00869998408822,5.686238016002917,-0.09566517189835577,-0.09566517189835577,32.433707730058174,25.39214727606583,20.70566955398819,,3,macd_sell_like;trailing_stop;ext_dev200;natr_spike,False,False,True,False,True,True,False,False,True,6145.T,,3025.0,14.845898,1.2679849,203.76,2385.675,51045306368.0,,1754554800.0,1754986800.0,True,,,True,1754554800.0,2025-08-07,-219.0
4,True,57.11060948081264,False,False,True,False,0.4400896391318123,70060.0,70060.0,117659199400.0,117659.1994,79547.875,0.8807274864350556,-0.5285999553342429,0.21574243220703537,3859.7812357805074,5.509250978847427,-0.03472030862496556,-0.0852591722156939,13.870128454238921,32.783101251894045,22.927293652820868,,0,ext_dev200,False,False,False,False,False,True,False,False,False,6146.T,,70060.0,55.976353,12.9285555,1251.6,5419.012,7598849392640.0,1784788200.0,1784788200.0,1784788200.0,True,,,True,1784788200.0,2026-07-23,31.0
0,False,1.1235955056179847,False,False,True,False,0.48860294688651296,165.0,165.0,6464320.0,6.46432,341.0,0.4838709677419355,-0.5161290322580645,-0.4509373447471474,8.368128392050009,5.071592964878794,-0.367816091954023,-0.5161290322580645,73.0891943680001,3.399708890922327,54.79918702317133,"fund_neg_eps,fund_low_adv20,fund_small_mcap",3,trend_break;trailing_stop;di_bear,True,False,False,False,True,False,True,False,False,6147.T,,165.0,-2.031519330214233,0.703985,-81.22,234.38,732145280.0,,1746774000.0,1746774000.0,True,,,False,1746774000.0,2025-05-09,-283.0
1,False,65.59633027522935,False,True,False,False,0.6000693393342534,2068.0,2068.0,44245655.0,44.245655,2850.20947265625,0.725560706972435,-0.3463638311945617,-0.07279422806621993,59.27207165454742,2.8661543353262773,-0.027281279397930347,-0.027281279397930347,14.548091086533972,24.28236817363667,17.175581323077317,"fund_low_adv20,fund_small_mcap",1,trend_break,True,False,False,False,False,False,False,False,False,6149.T,,2068.0,5.1050386,0.6420787,405.09,3220.789,11832227840.0,,1754978400.0,1755496800.0,True,,,False,1754978400.0,2025-08-12,-216.0
1,False,14.66884894694995,False,False,True,False,0.5133012936964002,2690.0,2690.0,16973525.0,16.973525,3381.16796875,0.7955830721401512,-0.2567886164990567,-0.11158334979457951,53.41290573279677,1.985609878542631,-0.1165845648604269,-0.18684143561500843,33.74924256396865,14.125166524748325,41.34710013793679,"fund_low_adv20,fund_small_mcap",3,trend_break;trailing_stop;di_bear,True,False,False,False,True,False,True,False,False,6150.T,,2690.0,9.615384,0.46421972,279.76,5794.67,2472898048.0,,1744610400.0,1744610400.0,True,,,False,1744610400.0,2025-04-14,-302.0
2,False,47.692307692307686,False,False,True,False,0.44879239465796705,1594.0,1594.0,50594835.0,50.594835,1913.9129638671875,0.8328487397771829,-0.4236552358383303,-0.07695740262360695,42.00302492757468,2.635070572620745,-0.04949314251639836,-0.06587836762379806,16.15655686780943,19.488919197467446,29.281980053201245,"fund_low_adv20,fund_small_mcap",2,trend_break;macd_sell_like,True,False,True,False,False,False,False,False,False,6151.T,,1594.0,13.914106,0.48973462,114.56,3254.824,29899913216.0,,1753938000.0,1754283600.0,True,,,False,1753938000.0,2025-07-31,-224.0
3,False,50.94339622641509,False,False,True,False,0.2681736986427636,478.0,478.0,2391850.0,2.39185,529.3446044921875,0.9030034422633937,-0.14579439446304543,-0.003299908089564152,11.63810597628968,2.4347502042447027,-0.024489795918367308,-0.04016064257028118,25.880308736607404,11.174614632853288,21.038134928346615,"fund_neg_eps,fund_low_adv20,fund_small_mcap",2,trend_break;di_bear,True,False,False,False,False,False,True,False,False,6155.T,,478.0,-47.99196787148594,0.31720182,-9.96,1506.927,5158336512.0,,1746167400.0,1746167400.0,True,,,False,1746167400.0,2025-05-02,-288.0
6,True,42.18181818181819,False,False,True,True,0.4098915297597523,1996.0,1996.0,40032195.0,40.032195,2077.0,0.9610014443909485,-0.0887975611897559,0.0667179717394557,34.05278660532796,1.706051433132663,-0.03899855560905152,-0.03899855560905152,19.73177986149267,24.578790375459366,21.22867365010481,"fund_neg_eps,fund_low_adv20,fund_small_mcap",0,,False,False,False,False,False,False,False,False,False,6156.T,,1996.0,-57.38930419781484,1.3945305,-34.78,1431.306,10056299520.0,,1746772500.0,1746772500.0,True,,,False,1746772500.0,2025-05-09,-283.0
6,True,38.94736842105262,False,False,True,True,0.2604826977397703,850.0,850.0,54601580.0,54.60158,966.0,0.8799171842650103,-0.3085256324054998,0.013384410826086768,24.05067431328383,2.8294910956804507,-0.06593406593406592,-0.12008281573498969,11.156424026943226,24.367379898627764,26.081128363844407,"fund_low_adv20,fund_small_mcap",1,macd_sell_like,False,False,True,False,False,False,False,False,False,6157.T,,850.0,14.675415,1.1521409,57.92,737.757,19959760896.0,,1753770600.0,1754289000.0,True,,,False,1753770600.0,2025-07-29,-226.0
5,True,35.06493506493507,False,False,True,True,0.31430336143078497,935.0,935.0,7743085.0,7.743085,1128.716552734375,0.8283744911288078,-0.2019147140425629,0.02237683530870349,26.579719883832862,2.8427507897147444,-0.08602150537634412,-0.09046692607003892,15.08434916590797,13.606059310270139,24.459546190728148,"fund_low_adv20,fund_small_mcap",2,macd_sell_like;trailing_stop,False,False,True,False,True,False,False,False,False,6158.T,,935.0,22.10402,0.57717186,42.3,1619.968,6098398208.0,,1746775500.0,1746775500.0,True,,,False,1746775500.0,2025-05-09,-283.0
3,False,51.65562913907284,True,False,False,True,0.33624043099248857,1967.0,1967.0,1654105.0,1.654105,2765.0,0.7113924050632912,-0.3095840867992766,-0.022509691437054613,39.02573779947738,1.9840232739947832,-0.08469055374592838,-0.15215517241379306,41.36403671241859,16.340438593620878,35.44377812171364,"fund_low_adv20,fund_small_mcap",3,trend_break;trailing_stop;di_bear,True,False,False,False,True,False,True,False,False,6159.T,,1967.0,13.948376,0.64003927,141.02,3073.249,9080236032.0,,1752127800.0,1752473400.0,True,,,False,1752127800.0,2025-07-10,-239.0
6,True,57.77777777777777,False,False,True,True,0.46672254698147325,1029.0,1029.0,9671570.0,9.67157,1074.0224609375,0.9580805219862902,-0.10936822847491368,0.025152478358879904,17.19975001598846,1.6715014592797335,-0.016252390057361343,-0.020000000000000018,35.8238620092865,24.65611725079206,12.888335583033605,"fund_low_adv20,fund_small_mcap",0,,False,False,False,False,False,False,False,False,False,6161.T,,1029.0,8.818236,0.9095899,116.69,1131.279,10256932864.0,,1753682400.0,1754028000.0,True,,,False,1753682400.0,2025-07-28,-227.0
5,True,65.31791907514452,False,False,True,False,0.4045842633689415,522.0,522.0,97513070.0,97.51307,576.0,0.90625,-0.21264422783167103,0.12404059102233567,23.1233411019395,4.429758831789176,-0.09375,-0.09375,26.077791993534188,25.053896924082853,18.81228044661961,"fund_low_adv20,fund_small_mcap",1,trailing_stop,False,False,False,False,True,False,False,False,False,6165.T,,522.0,16.871363,0.62283814,30.94,838.099,14373854208.0,,1754463600.0,1754982000.0,True,,,False,1754463600.0,2025-08-06,-220.0
4,True,72.01834862385321,True,True,False,False,0.5450875154250716,660.0,660.0,291388160.0,291.38816,1051.1119384765625,0.6279064824975504,-0.5804443048766368,0.36113165139840997,55.715765538839314,8.441782657399896,-0.07563025210084029,-0.26256983240223464,23.160182119516566,38.35311286232651,24.343679960537507,fund_small_mcap,2,rsi_reversal;ext_dev200;vol_distribution,False,False,False,True,False,True,False,True,False,6166.T,,660.0,26.336792,6.6306334,25.06,99.538,7273793536.0,,1747031400.0,1747031400.0,True,,,False,1747031400.0,2025-05-12,-282.0
2,False,44.06779661016949,False,False,True,True,0.4659955026570576,957.0,957.0,92120915.0,92.120915,1516.260498046875,0.6311580373113529,-0.3688419626886471,-0.0044483086205265865,31.69402977789386,3.3118108440850427,-0.07357212003872216,-0.2025,17.656869716103447,19.466231209957442,27.811072356236604,"fund_low_adv20,fund_small_mcap",2,trend_break;macd_sell_like,True,False,True,False,False,False,False,False,False,6167.T,,957.0,32.931866,0.91663945,29.06,1044.031,18736773120.0,,1754978400.0,1755496800.0,True,,,False,1754978400.0,2025-08-12,-216.0
3,False,,False,False,True,False,,486.0,486.0,0.0,0.0,486.0,1.0,0.0,0.0,0.0,0.0,0.0,0.0,,,,"fund_low_adv20,fund_small_mcap",0,,False,False,False,False,False,False,False,False,False,6168.T,,486.0,1.9797947,0.21575692,245.48,2252.535,379084864.0,,,,True,,,False,,,
1,False,53.44827586206896,False,False,True,True,0.48568881243780404,389.0,389.0,8346010.0,8.34601,560.9290771484375,0.6934923074010295,-0.3207697451933361,-0.10294413870458496,7.167702889967135,1.8425971439504203,-0.02015113350125941,-0.0781990521327014,17.238079835044147,20.506595387855583,22.684044231225567,"fund_low_adv20,fund_small_mcap",1,trend_break,True,False,False,False,False,False,False,False,False,6171.T,,389.0,11.44791,1.0482774,33.98,371.085,5531762688.0,,1754451000.0,1754969400.0,True,,,False,1754451000.0,2025-08-06,-220.0
1,False,33.92857142857143,True,False,True,False,0.45948168195724864,13.0,13.0,93675900.0,93.6759,376.0,0.034574468085106384,-0.976063829787234,-0.9387976083988513,11.8030472703133,90.7926713101023,-0.8354430379746836,-0.9144736842105263,18.441781739038685,33.03699041642813,31.80441863416284,"fund_neg_eps,fund_low_adv20,fund_small_mcap",3,trend_break;trailing_stop;natr_spike,True,False,False,False,True,False,False,False,True,6173.T,no_quote_result,,,,,,,,,,True,,,False,,,
3,False,,False,False,True,False,,3200.0,3200.0,0.0,0.0,3200.0,1.0,0.0,0.0,0.0,0.0,0.0,0.0,,,,"fund_neg_eps,fund_low_adv20,fund_small_mcap",0,,False,False,False,False,False,False,False,False,False,6174.T,,3200.0,-45.12826298495254,28.617933,-70.909,111.818,,,1747292400.0,1747292400.0,True,,,False,1747292400.0,2025-05-15,-279.0
5,True,32.53012048192771,False,False,True,True,0.3888736455750126,897.0,897.0,69329365.0,69.329365,987.0,0.9088145896656535,-0.2763819468744102,0.13771367832959647,26.65123222066136,2.9711518640648116,-0.09118541033434646,-0.09118541033434646,19.530218327979348,16.568702757148053,19.36861359165479,"fund_low_adv20,fund_small_mcap",1,trailing_stop,False,False,False,False,True,False,False,False,False,6176.T,,897.0,6.080531,1.8983324,147.52,472.52,12979869696.0,,1754548200.0,1754980200.0,True,,,False,1754548200.0,2025-08-07,-219.0
0,False,25.0,False,False,True,False,0.36787785674858064,77.0,77.0,24702920.0,24.70292,522.0,0.1475095785440613,-0.8524904214559387,-0.4911445942373778,4.543159177157268,5.900206723580867,-0.2735849056603774,-0.3418803418803419,26.508428499619555,12.021447129829168,36.38334206886259,"fund_neg_eps,fund_low_adv20,fund_small_mcap",3,trend_break;trailing_stop;di_bear,True,False,False,False,True,False,True,False,False,6177.T,,77.0,-2.6306798770071746,2.2379818,-29.27,34.406,1942621696.0,,1754982000.0,1755500400.0,True,,,False,1754982000.0,2025-08-12,-216.0
5,True,59.05612244897959,True,False,True,True,0.4844193042180722,2205.0,2205.0,16170877065.0,16170.877065,2205.0,1.0,-0.18870917221735362,0.2987357989705244,58.88762741939521,2.6706406992922997,0.0,0.0,30.765972256344742,38.101342372524,13.897756927971608,,0,ext_dev200,False,False,False,False,False,True,False,False,False,6178.T,,2205.0,17.077139,0.63697875,129.12,3461.654,6187929042944.0,1778826600.0,1786084200.0,1786084200.0,True,,,True,1786084200.0,2026-08-07,42.0
2,False,53.92156862745099,True,False,True,False,0.5352884037040733,3585.0,3585.0,15799375.0,15.799375,5786.16943359375,0.6195808887285523,-0.40547886827720503,-0.2661447363387419,73.85510532768434,2.0601145140218784,-0.17301038062283736,-0.20333333333333337,52.837762942388636,12.620107231510616,40.74333365090254,"fund_low_adv20,fund_small_mcap",3,trend_break;trailing_stop;di_bear,True,False,False,False,True,False,True,False,False,6180.T,,3585.0,10.120257,2.2601469,354.24,1586.18,6440477696.0,,1754289060.0,1754634660.0,True,,,False,1754289060.0,2025-08-04,-222.0
1,False,28.57142857142857,True,False,True,False,0.41853320514876063,72.0,72.0,19473560.0,19.47356,139.0,0.5179856115107914,-0.48920863309352514,-0.34991648232585437,3.324744634668866,4.617700881484535,-0.19999999999999996,-0.3207547169811321,18.53422378677433,15.487924702011153,21.502678607665423,"fund_neg_eps,fund_low_adv20,fund_small_mcap",2,trend_break;trailing_stop,True,False,False,False,True,False,False,False,False,6181.T,,72.0,-9.76933514246947,12.605042,-7.37,5.712,3237737216.0,,1747290600.0,1747290600.0,True,,,False,1747290600.0,2025-05-15,-279.0
2,False,61.53846153846154,False,False,True,False,0.43219779691395355,521.0,521.0,50372145.0,50.372145,704.0,0.7400568181818182,-0.5079365079365079,0.029583226290931464,21.64254270252919,4.154038906435545,-0.09548611111111116,-0.09548611111111116,36.01097827265411,27.21102648451134,14.869065167424353,"fund_low_adv20,fund_small_mcap",2,trend_break;trailing_stop,True,False,False,False,True,False,False,False,False,6182.T,,521.0,117.07866,2.8263144,4.45,184.339,5672423936.0,,1744612200.0,1744612200.0,True,,,False,1744612200.0,2025-04-14,-302.0
4,True,31.8840579710145,False,False,True,True,0.27170072343022794,1390.0,1390.0,253949840.0,253.94984,1534.0,0.9061277705345502,-0.19935213534497476,0.007931824589278103,30.350986527413244,2.183524210605269,-0.06523201075991925,-0.09387222946544982,18.017252074610038,14.131127660266749,25.233822078200614,,0,,False,False,False,False,False,False,False,False,False,6183.T,,1390.0,12.62374,1.3978461,110.11,994.387,103339991040.0,,1751954400.0,1752472800.0,True,,,True,1751954400.0,2025-07-08,-241.0
2,False,47.368421052631575,True,False,True,True,0.5397035596832249,457.0,457.0,65562360.0,65.56236,636.6231079101562,0.7178501601994854,-0.3009992969611137,-0.1525898112391939,9.071934731977013,1.9851060682663049,-0.017204301075268824,-0.09683794466403162,17.677934399916477,20.395026716280324,17.839155545826852,"fund_low_adv20,fund_small_mcap",1,trend_break,True,False,False,False,False,False,False,False,False,6184.T,,457.0,22.325356,3.0001838,20.47,152.324,18826102784.0,,1749710700.0,1749710700.0,True,,,False,1749710700.0,2025-06-12,-259.0
0,False,33.783783783783775,False,False,True,True,0.29498641965894806,364.0,364.0,7988925.0,7.988925,514.0,0.708171206225681,-0.2996108949416343,-0.16263127020094548,9.265929659528155,2.5455850712989436,-0.09900990099009899,-0.11435523114355228,17.440276320288053,16.438759935564377,22.25802717330502,"fund_low_adv20,fund_small_mcap",2,trend_break;trailing_stop,True,False,False,False,True,False,False,False,False,6185.T,,364.0,12.235294,1.2075691,29.75,301.432,5324239872.0,,1753768800.0,1754287200.0,True,,,False,1753768800.0,2025-07-29,-226.0
6,True,50.0,False,False,False,True,0.23562326655063895,372.0,372.0,923735.0,0.923735,396.0,0.9393939393939394,-0.32183528815174967,0.0008107224694153814,4.615146607760336,1.2406308085377247,-0.01846965699208447,-0.06060606060606055,32.06211420711358,17.412652288324672,10.927393597481434,"fund_neg_eps,fund_low_adv20,fund_small_mcap",0,,False,False,False,False,False,False,False,False,False,6186.T,,372.0,-1.4257243599570748,0.7585861,-260.92,490.386,2056527616.0,,1754460000.0,1754892000.0,True,,,False,1754460000.0,2025-08-06,-220.0
6,True,41.50943396226415,True,False,True,True,0.56304967991861,927.0,927.0,17417875.0,17.417875,1084.1312255859375,0.8550625405139372,-0.14862704973639274,0.11534808132269814,18.520947129922757,1.9979446742095748,-0.05504587155963303,-0.13712865718347023,31.62803215155461,13.358455725243907,26.241811219291105,"fund_low_adv20,fund_small_mcap",1,di_bear,False,False,False,False,False,False,True,False,False,6189.T,,927.0,25.203917,1.1081704,36.78,836.514,8834186240.0,,1753768800.0,1754287200.0,True,,,False,1753768800.0,2025-07-29,-226.0
0,False,14.150943396226424,False,False,False,True,0.2113831095538706,366.0,366.0,4027950.0,4.02795,678.0,0.5398230088495575,-0.4601769911504425,-0.20645245219201258,16.119667103352192,4.4042806293312005,-0.18666666666666665,-0.24845995893223816,31.39261604327879,9.119732649182541,38.06064210392761,"fund_low_adv20,fund_small_mcap",4,trend_break;macd_sell_like;trailing_stop;di_bear,True,False,True,False,True,False,True,False,False,6190.T,,366.0,11.875405,0.9598288,30.82,381.318,1489691776.0,,1747291200.0,1747291200.0,True,,,False,1747291200.0,2025-05-15,-279.0
2,False,39.361702127659576,False,False,True,False,0.4437479370835062,784.0,784.0,202658540.0,202.65854,1031.4853515625,0.7600689615343468,-0.44827280072752784,-0.02405699837859121,30.656752647392086,3.9103000825755214,-0.11811023622047245,-0.11811023622047245,21.559909315826744,21.16574526761596,21.067003249063596,fund_small_mcap,3,trend_break;macd_sell_like;trailing_stop,True,False,True,False,True,False,False,False,False,6191.T,,784.0,6.4447184,1.0397216,121.65,754.048,17853057024.0,,1754978400.0,1755496800.0,True,,,False,1754978400.0,2025-08-12,-216.0
4,False,65.03496503496504,False,False,True,False,0.4949662499921784,985.0,985.0,8799445.0,8.799445,1162.765380859375,0.8471184438532282,-0.1984625485571485,-0.0338066310560895,19.302511000493805,1.959645786852163,-0.012036108324974926,-0.03606576373091597,38.56786686259534,34.00879155249965,14.351563835097684,"fund_neg_eps,fund_low_adv20,fund_small_mcap",1,trend_break,True,False,False,False,False,False,False,False,False,6193.T,,985.0,-34.3205574912892,1.6821103,-28.7,585.574,2790824192.0,,1747119600.0,1747119600.0,True,,,False,1747119600.0,2025-05-13,-281.0
3,False,45.83333333333333,False,True,False,False,0.4527741216333547,692.0,692.0,82058375.0,82.058375,803.043212890625,0.8617219956434036,-0.33052633055672653,-0.015635730908062917,19.28924092144937,2.787462560903088,-0.07238605898123329,-0.07238605898123329,16.968880647647868,26.0843591989953,16.98440895856606,"fund_low_adv20,fund_small_mcap",1,trend_break,True,False,False,False,False,False,False,False,False,6194.T,,692.0,14.122449,3.1350093,49.0,220.733,15442214912.0,,,,True,,,False,,,
7,True,39.99999999999999,False,False,True,False,0.4320982301310366,216.0,216.0,19391580.0,19.39158,252.0,0.8571428571428571,-0.20238095238095233,0.021397328289396,6.588275555106518,3.0501275718085736,-0.08085106382978724,-0.08085106382978724,42.22548829047412,28.321778523819617,11.903672922808486,"fund_low_adv20,fund_small_mcap",1,trailing_stop,False,False,False,False,True,False,False,False,False,6195.T,,216.0,11.96676,2.866242,18.05,75.36,2924868096.0,,1747206000.0,1747206000.0,True,,,False,1747206000.0,2025-05-14,-280.0
1,False,59.50000000000001,False,False,True,True,0.41833734203236866,1244.0,1244.0,470395970.0,470.39597,1536.6666259765625,0.809544489982939,-0.25349079124164353,-0.08748610418653546,36.59882474037534,2.9420277122488216,-0.012698412698412653,-0.16900467601870406,15.802079076730182,22.229257443423066,22.635034464267314,,1,trend_break,True,False,False,False,False,False,False,False,False,6196.T,,1244.0,14.830711,3.5974448,83.88,345.801,71664713728.0,,1753682400.0,1754028000.0,True,,,True,1753682400.0,2025-07-28,-227.0
5,True,46.15384615384615,False,False,True,True,0.47549262961709776,1110.0,1110.0,322418845.0,322.418845,1119.0,0.9919571045576407,-0.2834694818349165,0.390875465668187,3.8790365662519077,0.3494627537163881,-0.007155635062611854,-0.008042895442359255,18.916365366998253,23.31222309669359,17.935454367230495,,1,cross_sma25_down;ext_dev200,False,True,False,False,False,True,False,False,False,6197.T,,1110.0,27.172585,4.295549,40.85,258.407,100511195136.0,,1754460000.0,1754978400.0,True,,,True,1754460000.0,2025-08-06,-220.0
2,False,63.26530612244898,True,False,True,False,0.34783098692827613,246.0,246.0,1413870.0,1.41387,323.0,0.7616099071207431,-0.35260115606936415,-0.04074868395398712,6.416890848937475,2.6084922150152337,-0.04280155642023342,-0.04280155642023342,24.637621202734312,36.880767778177045,12.091098983845162,"fund_neg_eps,fund_low_adv20,fund_small_mcap",2,trend_break;rsi_reversal,True,False,False,True,False,False,False,False,False,6198.T,,246.0,-25.38699690402477,1.115712,-9.69,220.487,2066454144.0,,1754982000.0,1755500400.0,True,,,False,1754982000.0,2025-08-12,-216.0
2,False,39.11290322580645,True,False,True,False,0.47570437180137326,1156.0,1156.0,40914790.0,40.91479,1751.0,0.6601941747572816,-0.34380354083380926,-0.23769254789963135,35.75089068088294,3.0926376021525033,-0.054783319705641875,-0.237467018469657,38.65515934849954,12.837904921294966,28.672004471614816,"fund_low_adv20,fund_small_mcap",2,trend_break;di_bear,True,False,False,False,False,False,True,False,False,6199.T,,1156.0,10.287443,1.6304263,112.37,709.017,15240120320.0,,1752127200.0,1752472800.0,True,,,False,1752127200.0,2025-07-10,-239.0
0,False,26.666666666666657,False,False,True,False,0.38255151289518313,593.0,593.0,316908000.0,316.908,1006.4583740234375,0.5891947598681222,-0.4207410708210535,-0.25655230498441217,14.192499490872093,2.3933388686124943,-0.09188361408882084,-0.17753120665742028,34.319888991554095,14.64793848573796,32.26460541839022,,3,trend_break;trailing_stop;di_bear,True,False,False,False,True,False,True,False,False,6200.T,,593.0,11.883767,4.009466,49.9,147.9,49805434880.0,,1753171200.0,1753689600.0,True,,,True,1753171200.0,2025-07-22,-231.0
7,True,56.25,False,False,True,True,0.4579710700394628,20450.0,20450.0,18265174575.0,18265.174575,20590.0,0.9932005828071879,-0.11956521739130432,0.10773014177049944,28.369292721712743,0.1387251477834364,-0.0024390243902439046,-0.006799417192812074,21.327390561516943,20.49516116922647,18.816493830761228,"fund_neg_eps,fund_small_mcap",1,macd_sell_like,False,False,True,False,False,False,False,False,False,6201.T,no_quote_result,,,,,,,,,,True,,,False,,,
4,True,64.99162479061977,False,False,True,False,0.37884776855036667,1676.0,1676.0,2723282740.0,2723.28274,1973.9412841796875,0.849062742358366,-0.35357753028086225,0.19467364324413583,142.8599132869497,8.523861174639004,-0.13025428126621696,-0.13025428126621696,22.420972648316546,22.913609072309278,20.76591576497509,fund_small_mcap,1,trailing_stop;ext_dev200,False,False,False,False,True,True,False,False,False,6203.T,,1676.0,27.265331,0.96230084,61.47,1741.659,20231407616.0,,1754546400.0,1754892000.0,True,,,False,1754546400.0,2025-08-07,-219.0
2,False,49.65786901270772,False,False,True,True,0.46340726628562434,1716.0,1716.0,166206680.0,166.20668,2872.7646484375,0.5973340005187457,-0.4075393537978408,-0.056276374278910524,104.77388959065199,6.105704521599766,-0.13157894736842102,-0.32880960691058914,11.622823879969207,24.29111600257145,26.55224525318826,"fund_low_adv20,fund_small_mcap",2,trend_break;trailing_stop,True,False,False,False,True,False,False,False,False,6208.T,,1716.0,16.899744,1.7477388,101.54,981.84,10703152128.0,,1754548200.0,1754893800.0,True,,,False,1754548200.0,2025-08-07,-219.0
6,True,54.0,False,False,True,True,0.4070423632789137,3885.0,3885.0,417525350.0,417.52535,4375.53173828125,0.8878920854373837,-0.17743702802192907,0.13047546279630473,113.03972561186701,2.9096454468949036,-0.03717472118959109,-0.05818181818181822,8.020567206346575,22.46883578672457,21.162539558031902,,0,,False,False,False,False,False,False,False,False,False,6209.T,,3885.0,7.4625435,0.6517142,520.6,5961.202,104519229440.0,,1747306740.0,1747306740.0,True,,,True,1747306740.0,2025-05-15,-279.0
3,True,27.60241773002015,False,False,True,True,0.41329454376300695,935.0,935.0,400394385.0,400.394385,2333.0,0.4007715387912559,-0.5992284612087442,0.46243421001180884,209.49295672461656,22.405663820814606,-0.5155440414507773,-0.5992284612087442,28.99308658749676,25.13920142432281,24.181581163736443,"fund_neg_eps,fund_small_mcap",2,trailing_stop;ext_dev200;natr_spike,False,False,False,False,True,True,False,False,True,6217.T,,935.0,-22.788203753351205,2.2725396,-41.03,411.434,5972236800.0,,1752040800.0,1752472800.0,True,,,False,1752040800.0,2025-07-09,-240.0
4,True,62.96296296296296,False,False,True,True,0.3561876574613677,600.0,600.0,4048020.0,4.04802,608.0,0.9868421052631579,-0.4078986617731917,0.12490614757356178,10.841254285284785,1.806875714214131,-0.013157894736842146,-0.013157894736842146,8.426574161782636,15.2674003929235,16.91549075666442,"fund_low_adv20,fund_small_mcap",1,macd_sell_like,False,False,True,False,False,False,False,False,False,6218.T,,600.0,15.995735,0.35566366,37.51,1686.987,3782476288.0,,1754546400.0,1754892000.0,True,,,False,1754546400.0,2025-08-07,-219.0
1,False,45.50898203592815,False,False,True,True,0.41808753267758286,891.0,891.0,155876145.0,155.876145,1124.676513671875,0.7922277998773519,-0.5517129772800313,-0.09359785449364588,31.30596509359897,3.51357632924792,-0.041935483870967794,-0.14161849710982655,6.470069264340582,22.406215230681887,25.074429946413346,fund_low_adv20,2,trend_break;macd_sell_like,True,False,True,False,False,False,False,False,False,6222.T,,891.0,35.24525,0.36699906,25.28,2427.799,30222376960.0,,1753769400.0,1754287800.0,True,,,False,1753769400.0,2025-07-29,-226.0
5,True,47.916666666666664,False,False,True,False,0.45033008350302894,2203.0,2203.0,114393925.0,114.393925,2564.0,0.859204368174727,-0.21821922105350133,0.17330114921590445,103.26997477251588,4.687697447685696,-0.07514693534844663,-0.08208333333333329,11.975108909157937,22.421738078027715,23.270501282078875,fund_low_adv20,1,macd_sell_like,False,False,True,False,False,False,False,False,False,6223.T,,2203.0,12.764355,1.3635108,172.59,1615.682,42812882944.0,,1746772200.0,1746772200.0,True,,,False,1746772200.0,2025-05-09,-283.0
2,False,43.776824034334766,False,False,True,True,0.5245418120424393,1279.0,1279.0,70347625.0,70.347625,1774.5047607421875,0.7207644793610233,-0.3575672349714101,-0.07683568250048611,35.52919102896519,2.777888274352243,-0.07184325108853407,-0.07184325108853407,12.530871483997206,19.974821161240655,23.225954216428267,"fund_low_adv20,fund_small_mcap",3,trend_break;cross_sma25_down;macd_sell_like,True,True,True,False,False,False,False,False,False,6224.T,,1279.0,12.210024,2.830479,104.75,451.867,16524343296.0,,1744612200.0,1744612200.0,True,,,False,1744612200.0,2025-04-14,-302.0
1,False,16.06557377049181,False,False,True,True,0.47674544796020685,1990.0,1990.0,626247350.0,626.24735,3184.040771484375,0.624991996905956,-0.41740695765801594,-0.17285384002148618,112.5839262103136,5.657483729161488,-0.17221297836938432,-0.17221297836938432,18.010044019315036,14.732872999807178,23.08911537736246,,3,trend_break;macd_sell_like;trailing_stop,True,False,True,False,True,False,False,False,False,6226.T,,1990.0,16.994022,2.3576775,117.1,844.051,70209126400.0,,1747047540.0,1747047540.0,True,,,True,1747047540.0,2025-05-12,-282.0
3,True,60.49107142857142,False,False,True,True,0.5560948843732811,7000.0,7000.0,10646681000.0,10646.681,8420.0,0.831353919239905,-0.35469386469016795,0.9236802743174513,754.5899841414548,10.779856916306498,-0.07651715039577833,-0.16864608076009502,18.001706555059457,22.443560525159757,10.479067443876323,,0,ext_dev200,False,False,False,False,False,True,False,False,False,6227.T,,7000.0,43.975376,11.973529,159.18,584.623,131681509376.0,,1747290900.0,1747290900.0,True,,,True,1747290900.0,2025-05-15,-279.0
1,False,62.58278145695365,False,False,True,False,0.3184687628990502,710.0,710.0,83571310.0,83.57131,1140.0,0.6228070175438597,-0.7697541145330488,-0.02514039351375097,58.823534870387235,8.285004911322146,-0.12345679012345678,-0.12345679012345678,31.57748627612738,45.81378842456207,13.199896431100825,"fund_neg_eps,fund_low_adv20,fund_small_mcap",4,trend_break;rsi_reversal;trailing_stop;natr_spike,True,False,False,True,True,False,False,False,True,6228.T,,710.0,-3.9896605978871653,0.9588181,-177.96,740.495,9319709696.0,,1746772200.0,1746772200.0,True,,,False,1746772200.0,2025-05-09,-283.0
1,False,26.19718309859155,False,False,False,True,0.4785958432282144,1453.0,1453.0,42036695.0,42.036695,2299.74755859375,0.631808475921801,-0.368191524078199,-0.17587922733106787,70.22619143002319,4.833185920855003,-0.18736017897091728,-0.368191524078199,36.825423415669235,9.683005765981818,32.78810385496836,"fund_low_adv20,fund_small_mcap",3,trend_break;trailing_stop;di_bear,True,False,False,False,True,False,True,False,False,6229.T,,1453.0,8.1767025,0.59517956,177.7,2441.28,6397779968.0,,1747285200.0,1747285200.0,True,,,False,1747285200.0,2025-05-15,-279.0
5,True,58.65384615384615,False,False,True,False,0.2857687113179505,2212.0,2212.0,4427560.0,4.42756,2263.0,0.9774635439681838,-0.18654837932525947,0.04954001172457456,39.944604176668676,1.8058139320374627,-0.0225364560318162,-0.0225364560318162,27.39471443494456,32.603405827933315,14.696956887285504,"fund_low_adv20,fund_small_mcap",0,,False,False,False,False,False,False,False,False,False,6230.T,,2212.0,8.294274,0.6665043,266.69,3318.808,10126199808.0,,1746167400.0,1746167400.0,True,,,False,1746167400.0,2025-05-02,-288.0
2,False,52.63157894736843,False,False,True,True,0.45973183979422233,11070.0,11070.0,158679100.0,158.6791,16404.966796875,0.6747956358015145,-0.36116908191509745,-0.11557397018351145,587.8150445346229,5.309982335452782,-0.1165203511572227,-0.29288896695996547,23.17029072318163,19.555831851211796,20.387850279912595,fund_low_adv20,3,trend_break;trailing_stop;di_bear,True,False,False,False,True,False,True,False,False,6231.T,,11070.0,12.025551,2.7970862,920.54,3957.69,39034880000.0,,1754536500.0,1754882100.0,True,,,False,1754536500.0,2025-08-07,-219.0
3,True,25.9196378041879,False,False,True,True,0.40090831539342253,1902.0,1902.0,4995428625.0,4995.428625,3430.0,0.5545189504373178,-0.5236486486486487,0.36165947774416973,256.85931602335376,13.50469590028148,-0.43392857142857144,-0.4454810495626822,27.180900749147415,22.875571003236267,23.382714500704928,fund_neg_eps,3,trailing_stop;ext_dev200;di_bear;natr_spike,False,False,False,False,True,True,True,False,True,6232.T,,1902.0,-22.458377612469004,12.185746,-84.69,156.084,36376920064.0,,1754978400.0,1755496800.0,True,,,False,1754978400.0,2025-08-12,-216.0
3,False,42.857142857142854,False,False,True,False,0.267281620245041,396.0,396.0,1324765.0,1.324765,442.0,0.8959276018099548,-0.13613846933272844,-0.036706342140688686,4.546544928277069,1.148117406130573,-0.01980198019801982,-0.034146341463414664,17.07186951103576,12.90747102130323,25.500191202436106,"fund_low_adv20,fund_small_mcap",2,trend_break;macd_sell_like,True,False,True,False,False,False,False,False,False,6233.T,,396.0,14.285715,0.6504407,27.72,608.818,2064475904.0,,1754546400.0,1754978400.0,True,,,False,1754546400.0,2025-08-07,-219.0
4,True,46.4203233256351,False,False,True,True,0.3305363103537638,3550.0,3550.0,3170559600.0,3170.5596,4820.0,0.7365145228215768,-0.33776325930126294,0.47502568742327966,278.5860254592908,7.8474936749096,-0.17919075144508667,-0.2634854771784232,18.840285921625235,25.44630358237273,26.868062611693862,,2,macd_sell_like;trailing_stop;ext_dev200,False,False,True,False,True,True,False,False,False,6235.T,,3550.0,48.67014,1.7623131,72.94,2014.398,141624147968.0,1778653800.0,1785997800.0,1785997800.0,True,,,True,1785997800.0,2026-08-06,41.0
5,True,41.416309012875544,False,False,True,False,0.2702880431781764,3010.0,3010.0,194196105.0,194.196105,3420.0,0.8801169590643275,-0.2807827856535151,0.14194143630995049,131.97799089500177,4.384650860299062,-0.11988304093567248,-0.11988304093567248,39.40412618363088,22.176578621182536,22.941242413022618,fund_low_adv20,3,macd_sell_like;trailing_stop;di_bear,False,False,True,False,True,False,True,False,False,6237.T,,3010.0,13.791524,1.6147835,218.25,1864.027,66771865600.0,,1754550000.0,1754982000.0,True,,,False,1754550000.0,2025-08-07,-219.0
4,True,66.7574931880109,True,False,False,False,0.4350791345304352,1371.0,1371.0,248085675.0,248.085675,1375.0,0.9970909090909091,-0.14691731850127665,0.22072056378510774,49.83569661214126,3.634988811972375,0.0,-0.002909090909090861,13.411202464019317,29.238225887276855,21.947454200612096,,0,ext_dev200,False,False,False,False,False,True,False,False,False,6238.T,,1371.0,17.622107,1.5369473,77.8,892.028,36313321472.0,,1754551800.0,1754983800.0,True,,,True,1754551800.0,2025-08-07,-219.0
1,False,48.71794871794872,False,True,False,True,0.37548229028956037,1288.0,1288.0,12563610.0,12.56361,1852.0,0.6954643628509719,-0.31155507559395246,-0.11564882744509708,34.36896186146031,2.6683976600512667,-0.04095309009679826,-0.3045356371490281,26.226761051363887,15.803225340756743,27.047734730233408,"fund_low_adv20,fund_small_mcap",3,trend_break;di_bear;vol_distribution,True,False,False,False,False,False,True,True,False,6239.T,,1288.0,11.845857,1.1491433,108.73,1120.835,8968545280.0,,1747036800.0,1747036800.0,True,,,False,1747036800.0,2025-05-12,-282.0
1,False,22.142857142857153,False,False,True,False,0.49332447202971,520.0,520.0,335642195.0,335.642195,789.8152465820312,0.6583818206223905,-0.413151346259791,-0.13376691029362175,19.292001842203025,3.710000354269812,-0.15993537964458804,-0.15993537964458804,25.32273002742106,23.682662751382715,32.99956097126335,,3,trend_break;trailing_stop;di_bear,True,False,False,False,True,False,True,False,False,6240.T,,520.0,21.13821,1.5862606,24.6,327.815,36201369600.0,,1754546400.0,1754978400.0,True,,,True,1754546400.0,2025-08-07,-219.0
5,True,57.38669805768099,False,False,True,False,0.13922664036635837,1805.0,1805.0,508356790.0,508.35679,2520.0,0.7162698412698413,-0.2837301587301587,0.07535695009692822,160.087894896588,8.869135451334516,-0.2837301587301587,-0.2837301587301587,29.09553339237174,29.06497751742494,28.58955531474082,fund_small_mcap,4,cross_sma25_down;macd_sell_like;trailing_stop;natr_spike,False,True,True,False,True,False,False,False,True,6245.T,,1805.0,20.804518,0.69351673,86.76,2602.677,27323865088.0,,1746772200.0,1746772200.0,True,,,False,1746772200.0,2025-05-09,-283.0
3,False,51.74825174825175,False,False,True,False,0.4888121495412933,1745.0,1745.0,55717000.0,55.717,2049.863037109375,0.8512763869632582,-0.1623830622258371,-0.09041414645478152,61.420827195124176,3.5198181773710133,-0.1019042717447246,-0.10434633599104792,23.12907663046574,23.802873334103182,26.198706474170763,"fund_low_adv20,fund_small_mcap",4,trend_break;macd_sell_like;trailing_stop;di_bear,True,False,True,False,True,False,True,False,False,6246.T,,1745.0,11.165856,0.96192116,156.28,1814.078,20006520832.0,,1747206000.0,1747206000.0,True,,,False,1747206000.0,2025-05-14,-280.0
6,True,70.26476578411405,False,False,True,False,0.23420820587833044,1606.0,1606.0,172307565.0,172.307565,1792.59033203125,0.8959102207028989,-0.2240279470748865,0.07940952586771388,64.54622275292489,4.019067419235672,-0.024301336573511523,-0.0822857142857143,28.825222919193177,28.59288708341905,21.609672046718597,fund_low_adv20,1,rsi_reversal,False,False,False,True,False,False,False,False,False,6247.T,,1606.0,12.334869,0.6699536,130.2,2397.181,42228056064.0,,1754544600.0,1754976600.0,True,,,False,1754544600.0,2025-08-07,-219.0
4,False,47.99999999999999,True,False,True,True,0.4109601183711132,1710.0,1710.0,3331620.0,3.33162,2057.0,0.8313077297034517,-0.17792902284880896,-0.0047315274002153185,36.467948006336954,2.132628538382278,-0.05524861878453036,-0.16869227029654832,9.27451017619584,25.527327375411424,23.935140936176776,"fund_low_adv20,fund_small_mcap",1,trend_break,True,False,False,False,False,False,False,False,False,6248.T,,1710.0,9.370891,1.0173957,182.48,1680.762,3172238080.0,,1746685800.0,1746685800.0,True,,,False,1746685800.0,2025-05-08,-284.0
3,False,77.34806629834254,True,False,True,False,0.5181782182970746,2477.0,2477.0,68933940.0,68.93394,3084.345947265625,0.8030876050710014,-0.27115828171190504,-0.10676590308862066,57.258930654033655,2.3116241685116536,-0.006019261637239204,-0.1343305715130899,39.37718104073636,32.02111479903504,23.146776836132805,fund_low_adv20,1,trend_break,True,False,False,False,False,False,False,False,False,6249.T,,2477.0,10.645064,0.57546586,232.69,4304.339,34744328192.0,,1746774000.0,1746774000.0,True,,,False,1746774000.0,2025-05-09,-283.0
4,True,52.15053763440861,False,False,True,True,0.3641499725912039,3620.0,3620.0,450319225.0,450.319225,4070.0,0.8894348894348895,-0.2730522055858091,0.16400257766148885,140.28783990676735,3.8753546935571093,-0.07535121328224781,-0.11056511056511054,12.85848821436126,19.031869560927202,19.730565588053523,,0,,False,False,False,False,False,False,False,False,False,6250.T,,3620.0,10.261934,2.886035,352.76,1254.316,148083572736.0,,1754546400.0,1754978400.0,True,,,True,1754546400.0,2025-08-07,-219.0
4,True,36.22222222222222,False,False,True,False,0.44821142121115737,3965.0,3965.0,4454215600.0,4454.2156,5130.0,0.7729044834307992,-0.5885051346633492,0.16547325664343093,298.0703964498301,7.517538372000759,-0.2270955165692008,-0.2270955165692008,25.324765561027565,17.772339328292546,27.15169179068777,,3,macd_sell_like;trailing_stop;di_bear,False,False,True,False,True,False,True,False,False,6254.T,,3965.0,40.29062,3.8012497,98.41,1043.078,151815028736.0,,1747290600.0,1747290600.0,True,,,True,1747290600.0,2025-05-15,-279.0
3,False,45.6,False,False,True,True,0.09801650899057564,728.0,728.0,206512650.0,206.51265,860.0,0.8465116279069768,-0.5384412006599695,-0.0061888096208829735,36.44904812482293,5.006737379783369,-0.125,-0.15348837209302324,14.841524159421173,26.3502063660368,33.039019061905904,fund_small_mcap,3,trend_break;macd_sell_like;trailing_stop,True,False,True,False,True,False,False,False,False,6255.T,,728.0,19.78261,1.5098346,36.8,482.172,15250854912.0,,1751868300.0,1752213900.0,True,,,False,1751868300.0,2025-07-07,-242.0
5,False,35.38461538461537,False,False,True,True,0.354658402296393,994.0,994.0,38592290.0,38.59229,1073.74755859375,0.9257296950707924,-0.26084653829776616,-0.025338967046691807,16.115781353232137,1.6213059711501145,-0.022615535889872196,-0.0273972602739726,24.530647671984706,23.46951582797542,11.487521958440414,"fund_neg_eps,fund_low_adv20,fund_small_mcap",1,trend_break,True,False,False,False,False,False,False,False,False,6257.T,,994.0,-9.97991967871486,0.48442766,-99.6,2051.906,20799004672.0,,1746772200.0,1746772200.0,True,,,False,1746772200.0,2025-05-09,-283.0
3,True,33.94803017602682,False,False,True,False,0.29899996484758073,2622.0,2622.0,1561945080.0,1561.94508,3670.0,0.714441416893733,-0.285558583106267,0.08931209525358619,155.40474283279326,5.926954341449019,-0.285558583106267,-0.285558583106267,21.265733797984904,19.97336066918878,32.765353813254364,,3,macd_sell_like;trailing_stop;di_bear,False,False,True,False,True,False,True,False,False,6258.T,,2622.0,13.211064,1.0473714,198.47,2503.41,80300515328.0,,1754460600.0,1754979000.0,True,,,True,1754460600.0,2025-08-06,-220.0
1,False,12.142857142857139,False,False,True,False,0.32772814293482994,521.0,521.0,126010425.0,126.010425,1003.0,0.5194416749750748,-0.4895314057826521,-0.2843677002539443,31.770873586827097,6.098056350638599,-0.334610472541507,-0.48055832502492524,45.68589505727629,12.659944331634154,44.76248135197166,"fund_low_adv20,fund_small_mcap",3,trend_break;trailing_stop;di_bear,True,False,False,False,True,False,True,False,False,6262.T,,521.0,39.43982,0.38245943,13.21,1362.236,12473534464.0,,1753768800.0,1754287200.0,True,,,False,1753768800.0,2025-07-29,-226.0
4,True,37.67518549051937,False,False,True,True,0.3774199045225562,1915.0,1915.0,2185949675.0,2185.949675,2594.0,0.738242097147263,-0.3844955027214112,0.4151038664397584,176.06194424995857,9.193835208875122,-0.26175790285273703,-0.26175790285273703,17.370222292039582,23.44938504145608,27.047111581705472,,2,macd_sell_like;trailing_stop;ext_dev200,False,False,True,False,True,True,False,False,False,6264.T,,1915.0,31.763144,5.044279,60.29,379.638,53716688896.0,,1750917600.0,1751263200.0,True,,,True,1750917600.0,2025-06-26,-249.0
4,True,59.34959349593496,False,False,True,False,0.3055043193479263,3245.0,3245.0,6317355.0,6.317355,3435.0,0.9446870451237264,-0.10816411598122744,0.2721079569015086,120.24168950220376,3.705444976955432,-0.055312954876273634,-0.055312954876273634,35.908856450797664,36.22558890057078,25.019355717702524,"fund_low_adv20,fund_small_mcap",2,macd_sell_like;ext_dev200;natr_spike,False,False,True,False,False,True,False,False,True,6265.T,,3245.0,20.037048,0.8240441,161.95,3937.896,4934376448.0,,1754550000.0,1754982000.0,True,,,False,1754550000.0,2025-08-07,-219.0
5,True,36.40350877192983,False,False,True,False,0.4772013688634619,3500.0,3500.0,1034902325.0,1034.902325,4010.0,0.8728179551122195,-0.5010937304917997,0.39783838490570433,228.55061226790602,6.530017493368743,-0.1271820448877805,-0.1271820448877805,32.552984622548294,25.917398294142757,22.425002424729026,,2,macd_sell_like;trailing_stop;ext_dev200,False,False,True,False,True,True,False,False,False,6266.T,,3500.0,14.331341,1.9290112,244.22,1814.401,50662178816.0,,1754548200.0,1754980200.0,True,,,True,1754548200.0,2025-08-07,-219.0
3,False,41.66666666666667,False,False,True,False,0.44086892184720494,3580.0,3580.0,2333275.0,2.333275,4320.0,0.8287037037037037,-0.17361111111111116,-0.04067191193580011,53.43245222584084,1.4925265984871743,-0.05789473684210522,-0.09367088607594942,21.335000534331186,22.261484449747186,34.430759681971004,"fund_low_adv20,fund_small_mcap",3,trend_break;macd_sell_like;di_bear,True,False,True,False,False,False,True,False,False,6267.T,,3580.0,8.575877,0.813207,417.45,4402.323,6025050624.0,,1749796200.0,1749796200.0,True,,,False,1749796200.0,2025-06-13,-258.0
3,True,25.952813067150643,False,False,True,True,0.2686824916139106,4517.0,4517.0,7169777075.0,7169.777075,5750.0,0.7855652173913044,-0.2441471571906354,0.10555929286287391,279.0427617390216,6.1776126132172156,-0.20809957924263678,-0.21443478260869564,23.70567845107221,18.77434660613346,34.39453064944023,,3,macd_sell_like;trailing_stop;di_bear,False,False,True,False,True,False,True,False,False,6268.T,,4517.0,36.45682,1.9310746,123.9,2339.112,529322475520.0,1777530600.0,1785393000.0,1785393000.0,True,,,True,1785393000.0,2026-07-30,36.0
1,False,33.871380988982835,False,False,True,True,0.481529358099423,9606.0,9606.0,9234305495.0,9234.305495,16130.0,0.5955362678239305,-0.40446373217606946,-0.18731986235852616,561.563202556683,5.845962966444753,-0.21487535758071108,-0.38225080385852095,32.97618343065235,15.791335067042558,31.567026330679592,,3,trend_break;trailing_stop;di_bear,True,False,False,False,True,False,True,False,False,6269.T,,9606.0,11.346161,2.7086623,846.63,3546.4,656480403456.0,1778653800.0,1785997800.0,1785997800.0,True,,,True,1785997800.0,2026-08-06,41.0
3,False,36.41025641025641,False,False,False,True,0.31406527638350945,1412.0,1412.0,171155620.0,171.15562,1624.0,0.8694581280788177,-0.2961112189394195,-0.025623894246900814,34.845877286129294,2.4678383347117063,-0.09833971902937422,-0.13054187192118227,19.110232758011904,16.880954906725187,31.387891422588925,fund_low_adv20,3,trend_break;macd_sell_like;trailing_stop,True,False,True,False,True,False,False,False,False,6272.T,,1412.0,9.783135,0.8853292,144.33,1594.887,38129627136.0,,1754460900.0,1754979300.0,True,,,False,1754460900.0,2025-08-06,-220.0
4,True,41.00675260896256,False,False,True,False,0.33575437124967406,61840.0,61840.0,30224822800.0,30224.8228,84560.0,0.7313150425733207,-0.40309627970585094,0.047273837799601814,2939.821916205569,4.753916423359588,-0.22184472127846988,-0.2686849574266793,27.26813079059304,15.587036966230972,32.05929677976381,,2,trailing_stop;di_bear,False,False,False,False,True,False,True,False,False,6273.T,,61840.0,23.39854,1.8460308,2642.9,33498.9,3904519536640.0,1778740200.0,1785997800.0,1785997800.0,True,,,True,1785997800.0,2026-08-06,41.0
2,False,33.33333333333333,False,False,True,False,0.30646277417434536,269.0,269.0,53391110.0,53.39111,616.0,0.4366883116883117,-0.6071428571428572,-0.08529846812996233,18.760573747267347,6.974190984114255,-0.20178041543026703,-0.24225352112676057,20.170786634321004,22.495892606865063,26.006902242114826,"fund_neg_eps,fund_low_adv20,fund_small_mcap",4,trend_break;macd_sell_like;trailing_stop;di_bear,True,False,True,False,True,False,True,False,False,6276.T,,269.0,-1.7082618911538705,0.39208886,-157.47,686.069,1253590528.0,,1754982000.0,1755500400.0,True,,,False,1754982000.0,2025-08-12,-216.0
1,False,30.434782608695656,False,False,True,True,0.4697157735602384,4960.0,4960.0,259513100.0,259.5131,6834.63916015625,0.7257149768659633,-0.2742850231340367,-0.13808924748530516,195.01527760006388,3.931759629033546,-0.12982456140350873,-0.2333848531684699,20.203753939466164,18.43770761878935,36.409956862250006,,4,trend_break;macd_sell_like;trailing_stop;di_bear,True,False,True,False,True,False,True,False,False,6277.T,,4960.0,23.945158,1.02784,207.14,4825.654,72738177024.0,,1754546400.0,1754978400.0,True,,,True,1754546400.0,2025-08-07,-219.0
4,True,65.14227642276423,False,False,False,False,0.4160296546407399,22370.0,22370.0,7884887500.0,7884.8875,23580.0,0.9486853265479219,-0.40436076586690495,0.8969830913155303,1590.5230581022897,7.110071784096066,-0.051314673452078075,-0.051314673452078075,25.649392860630183,26.62398474343538,19.310268832683306,,1,macd_sell_like;ext_dev200,False,False,True,False,False,True,False,False,False,6278.T,,22370.0,63.03717,4.725647,354.87,4733.743,429806518272.0,1778653800.0,1786429800.0,1786429800.0,True,,,True,1786429800.0,2026-08-11,44.0
3,False,52.631578947368425,False,False,True,True,0.3011586494223771,878.0,878.0,22205630.0,22.20563,1051.2362060546875,0.8352071541515425,-0.316491975495941,-0.08077310874204702,15.75849245114668,1.7948169078754759,-0.03622392974753019,-0.07188160676532773,10.772490697266877,22.2061991692462,24.55495683743647,"fund_low_adv20,fund_small_mcap",1,trend_break,True,False,False,False,False,False,False,False,False,6279.T,,878.0,11.780491,0.64083475,74.53,1370.088,22805360640.0,,1750748400.0,1751266800.0,True,,,False,1750748400.0,2025-06-24,-251.0
4,True,64.19098143236074,False,False,False,True,0.3896517628282521,2669.0,2669.0,229994325.0,229.994325,2761.0,0.9666787395871062,-0.17555449561245362,0.1288493823541894,57.76614318733374,2.164336575021871,-0.015129151291512932,-0.03332126041289385,15.050791090058105,34.73883227852107,19.095198795809022,,0,,False,False,False,False,False,False,False,False,False,6282.T,,2669.0,15.534602,0.9732007,171.81,2742.497,77573398528.0,,1754373600.0,1754978400.0,True,,,True,1754373600.0,2025-08-05,-221.0
4,True,49.302325581395344,False,False,True,False,0.4467803842233383,8810.0,8810.0,468218750.0,468.21875,9460.0,0.9312896405919662,-0.21166306695464365,0.19860157666639844,377.8360846772265,4.2887183277778265,-0.06871035940803383,-0.06871035940803383,16.454280388494293,22.479232918982607,20.86628093256919,,1,macd_sell_like;ext_dev200,False,False,True,False,False,True,False,False,False,6284.T,,8810.0,15.516846,2.1373515,567.77,4121.924,132071219200.0,,1754377200.0,1754982000.0,True,,,True,1754377200.0,2025-08-05,-221.0
4,True,59.61538461538462,True,False,True,True,0.3593631112522087,1440.0,1440.0,6146255.0,6.146255,1809.363525390625,0.7958599694271593,-0.21021951645040926,0.09139310652925814,22.19568478525531,1.5413669989760632,-0.07692307692307687,-0.12344936134634366,35.587984033533246,11.446217483914706,33.53091456623404,"fund_low_adv20,fund_small_mcap",1,di_bear,False,False,False,False,False,False,True,False,False,6286.T,,1440.0,8.904829,0.53285414,161.71,2702.428,9299903488.0,,1747204200.0,1747204200.0,True,,,False,1747204200.0,2025-05-14,-280.0
3,False,68.24817518248176,False,False,True,True,0.3961834631151115,2306.0,2306.0,178747730.0,178.74773,2487.3251953125,0.9271003262242439,-0.16657459832486654,0.025763353539061562,47.59146993423233,2.0638104915105084,-0.0012992637505413462,-0.014529914529914478,16.709637003639067,29.530532639408687,18.216547079138053,fund_low_adv20,1,trend_break,True,False,False,False,False,False,False,False,False,6287.T,,2306.0,14.718836,0.8774503,156.67,2628.069,74863386624.0,,1754460000.0,1754892000.0,True,,,False,1754460000.0,2025-08-06,-220.0
1,False,19.387755102040813,False,False,True,True,0.5414430963230814,1732.0,1732.0,125747685.0,125.747685,2478.956787109375,0.6986809971865725,-0.3013190028134275,-0.045742385388667484,44.12557907416193,2.547666228300342,-0.07131367292225199,-0.18951801591015438,22.076571603397316,16.637875947413182,24.821174867330903,fund_low_adv20,3,trend_break;macd_sell_like;di_bear,True,False,True,False,False,False,True,False,False,6289.T,,1732.0,25.901001,1.1138887,66.87,1554.913,43933982720.0,,1751954400.0,1752472800.0,True,,,False,1751954400.0,2025-07-08,-241.0
5,True,56.21890547263682,False,False,True,False,0.36727137097300494,1234.0,1234.0,63497520.0,63.49752,1398.0,0.882689556509299,-0.1545148202728036,0.011321227022724978,33.74651284129331,2.7347255138811435,-0.05657492354740057,-0.08592592592592596,9.916197650471036,24.79489530909675,24.332986217240453,"fund_low_adv20,fund_small_mcap",0,,False,False,False,False,False,False,False,False,False,6291.T,,1234.0,11.023763,1.2822058,111.94,962.404,12324692992.0,,1754979600.0,1755498000.0,True,,,False,1754979600.0,2025-08-12,-216.0
5,True,58.47953216374269,False,False,True,False,0.5253194973329307,819.0,819.0,7789995.0,7.789995,873.8495483398438,0.9372322747731026,-0.16759779931077068,0.026164301813540014,17.798573551124345,2.173208003800286,-0.014440433212996373,-0.014440433212996373,29.487102678229473,21.626642562357436,12.565588390460203,"fund_low_adv20,fund_small_mcap",1,macd_sell_like,False,False,True,False,False,False,False,False,False,6292.T,,819.0,154.23729,0.43438113,5.31,1885.441,5721234432.0,,1753758000.0,1754276400.0,True,,,False,1753758000.0,2025-07-29,-226.0
3,False,57.54716981132075,True,False,True,False,0.48058877410796014,1962.0,1962.0,62633310.0,62.63331,2450.616943359375,0.8006147208426768,-0.24442164957879564,-0.07423429799145309,36.334118941713285,1.8518918930536845,-0.06258958432871475,-0.14069617669318535,36.29534037605492,17.753374525300618,33.51431820813262,"fund_low_adv20,fund_small_mcap",2,trend_break;di_bear,True,False,False,False,False,False,True,False,False,6294.T,,1962.0,10.994677,0.8742466,178.45,2244.218,15808500736.0,,1754533800.0,1754879400.0,True,,,False,1754533800.0,2025-08-07,-219.0
5,True,50.921273031825805,False,False,True,False,0.24720049065728747,1313.0,1313.0,683527450.0,683.52745,1484.0,0.8847708894878706,-0.4285732108294319,0.2751356277603809,82.88148088699853,6.312374781949622,-0.11522911051212936,-0.11522911051212936,28.22991549851291,28.924211559281492,20.621278154349433,fund_small_mcap,2,macd_sell_like;trailing_stop;ext_dev200,False,False,True,False,True,True,False,False,False,6298.T,,1313.0,18.225985,1.3910387,72.04,943.899,23126376448.0,,1754978400.0,1755496800.0,True,,,False,1754978400.0,2025-08-12,-216.0
5,True,59.51035781544256,False,False,True,True,0.45782584280953625,6568.0,6568.0,26797336765.0,26797.336765,7684.3974609375,0.8547189331873395,-0.2372098724294599,0.12612982155821895,254.02718895556723,3.867649040127394,-0.07649043869516314,-0.08815771206441758,11.47473407063104,25.221570033668396,25.44650027147301,,0,,False,False,False,False,False,False,False,False,False,6301.T,,6568.0,15.864735,1.6857883,414.0,3896.1,5870514077696.0,1777357800.0,1785306600.0,1785306600.0,True,,,True,1785306600.0,2026-07-29,35.0
4,True,43.10679611650486,False,False,True,True,0.37355195284788223,4858.0,4858.0,3724704620.0,3724.70462,6281.0,0.7734437191530011,-0.3659561067571967,0.07874846214064712,209.1098506376167,4.304443199621587,-0.1218365871294288,-0.12468468468468463,12.157726308650812,24.19670971745214,30.98935287497328,,2,macd_sell_like;trailing_stop,False,False,True,False,True,False,False,False,False,6302.T,,4858.0,18.856499,0.84784716,257.63,5729.806,580182016000.0,1777357800.0,1777357800.0,1777357800.0,True,,,True,1777357800.0,2026-04-28,-31.0
3,True,63.53965183752418,False,False,True,True,0.4318945733446771,5267.0,5267.0,6906027790.0,6906.02779,6900.181640625,0.7633132393197303,-0.2881346816900483,0.037212641145027536,183.0538366480561,3.475485791685136,-0.027331486611265055,-0.10199196016429324,20.36334083726086,21.15223331106882,27.39000695737193,,1,di_bear,False,False,False,False,False,False,True,False,False,6305.T,,5267.0,15.314608,1.2447493,343.92,4231.374,1120480919552.0,1785393000.0,1785393000.0,1785393000.0,True,,,True,1785393000.0,2026-07-30,36.0
5,True,58.51063829787235,False,False,True,False,0.43541722778432407,847.0,847.0,75896995.0,75.896995,866.0,0.9780600461893765,-0.12092093230496881,0.08461622135856928,15.273597268309548,1.8032582371085653,-0.021939953810623525,-0.021939953810623525,23.244176464838873,23.270070533283814,18.440762795475642,fund_low_adv20,1,macd_sell_like,False,False,True,False,False,False,False,False,False,6306.T,,847.0,12.864521,0.8727559,65.84,970.489,32639293440.0,,1754546400.0,1754978400.0,True,,,False,1754546400.0,2025-08-07,-219.0
2,False,44.03669724770642,False,False,True,False,0.5468054923344046,435.0,435.0,21291975.0,21.291975,729.4287719726562,0.5963570628336918,-0.40364293716630817,-0.14124698172246541,21.487291010485293,4.939607128847194,-0.10677618069815198,-0.2911923158398284,34.11969052855912,11.278960230910336,26.050048735650304,"fund_low_adv20,fund_small_mcap",3,trend_break;trailing_stop;di_bear,True,False,False,False,True,False,True,False,False,6307.T,,435.0,4.3957157,0.63440394,98.96,685.683,3380737280.0,,1747290600.0,1747290600.0,True,,,False,1747290600.0,2025-05-15,-279.0
6,True,62.98076923076923,True,False,True,True,0.5603935220504174,1754.0,1754.0,214970045.0,214.970045,2188.709228515625,0.8013855733543723,-0.24567412679129497,0.0030924329727766153,41.75865766021481,2.3807672554284385,-0.026096612992781765,-0.10435730443660396,33.533895373588564,29.335785838146585,23.785630536812537,,0,,False,False,False,False,False,False,False,False,False,6309.T,,1754.0,13.639191,1.2201519,128.6,1437.526,51552632832.0,,1749711600.0,1749711600.0,True,,,True,1749711600.0,2025-06-12,-259.0
3,False,39.8576512455516,False,False,True,False,0.6000874780941805,1748.0,1748.0,379698710.0,379.69871,2394.34228515625,0.7300543497213178,-0.36809368928583885,-0.08269469836201748,69.80305228571346,3.9933096273291455,-0.11761736496718833,-0.11761736496718833,12.598214853650125,24.551040323847687,18.390330681083956,,2,trend_break;trailing_stop,True,False,False,False,True,False,False,False,False,6310.T,,1748.0,14.338446,0.5270272,121.91,3316.717,39553912832.0,,1754546400.0,1754892000.0,True,,,True,1754546400.0,2025-08-07,-219.0
6,True,50.714285714285715,False,False,True,True,0.31396127901855087,2704.0,2704.0,14865593800.0,14865.5938,3380.0,0.8,-0.6790206906619893,0.11637393440840982,227.0485244719896,8.396764958283638,-0.16543209876543208,-0.19999999999999996,17.06919433067592,23.341750547908603,24.315141322155707,,2,macd_sell_like;trailing_stop,False,False,True,False,True,False,False,False,False,6315.T,,2704.0,44.204678,2.873148,61.17,941.128,202875748352.0,1778481000.0,1785997800.0,1785997800.0,True,,,True,1785997800.0,2026-08-06,41.0
5,True,52.35849056603774,False,False,True,True,0.4893179219195572,2451.0,2451.0,7775200.0,7.7752,2537.0,0.9661016949152542,-0.20153160292457317,0.07033777498472515,35.77756272270691,1.4597128813833908,-0.03389830508474578,-0.03389830508474578,19.87297345545124,16.87188222312632,32.936669198448,"fund_low_adv20,fund_small_mcap",1,macd_sell_like,False,False,True,False,False,False,False,False,False,6316.T,,2451.0,8.24392,0.44760212,297.31,5475.845,9521894400.0,,1754460000.0,1754892000.0,True,,,False,1754460000.0,2025-08-06,-220.0
4,False,41.533546325878596,False,False,True,True,0.4106277075916901,1615.0,1615.0,69473615.0,69.473615,1857.0997314453125,0.8696355788835879,-0.1729038704859498,-0.009651313649185367,47.0223612408658,2.9116013152238884,-0.05167351732237224,-0.05167351732237224,15.727037856062525,23.0209470071005,23.264980003160094,"fund_low_adv20,fund_small_mcap",2,trend_break;macd_sell_like,True,False,True,False,False,False,False,False,False,6317.T,,1615.0,4.775422,0.32512367,338.19,4967.341,14941206528.0,,1754546400.0,1754978400.0,True,,,False,1754546400.0,2025-08-07,-219.0
7,True,54.966887417218544,False,False,True,False,0.1452813650642687,1573.0,1573.0,3219325.0,3.219325,1608.37646484375,0.9780048604185546,-0.28409091712814516,0.009160427432649776,16.744191331167148,1.0644749733736267,-0.010691823899371067,-0.010691823899371067,55.09670602670474,22.322213699988023,3.9931838786766143,"fund_low_adv20,fund_small_mcap",0,,False,False,False,False,False,False,False,False,False,6322.T,,1573.0,8.812819,0.9544799,178.49,1648.018,10861027328.0,,1746687600.0,1746687600.0,True,,,False,1746687600.0,2025-05-08,-284.0
4,True,53.40035481963336,False,False,True,True,0.4151341608844727,3867.0,3867.0,6641675790.0,6641.67579,4424.0,0.8740958408679927,-0.5320631388532906,0.40826617746064975,265.03464496024594,6.853753425400723,-0.12590415913200725,-0.12590415913200725,16.24204339389022,28.110096030363035,24.343545345191377,,2,macd_sell_like;trailing_stop;ext_dev200,False,False,True,False,True,True,False,False,False,6323.T,,3867.0,35.431557,5.149854,109.14,750.895,670660558848.0,1783578600.0,1783578600.0,1783578600.0,True,,,True,1783578600.0,2026-07-09,21.0
3,True,46.57836644591611,False,False,True,False,0.3287645167127158,6240.0,6240.0,15335374550.0,15335.37455,8000.0,0.78,-0.5510675272523864,0.6087977921613485,608.7570106842579,9.755721325068235,-0.21999999999999997,-0.21999999999999997,38.09086062635007,24.297436585550663,25.574679728008075,,4,macd_sell_like;trailing_stop;ext_dev200;di_bear;natr_spike,False,False,True,False,True,True,True,False,True,6324.T,,6240.0,369.88736,7.3481874,16.87,849.189,590720794624.0,1786084200.0,1786084200.0,1786084200.0,True,,,True,1786084200.0,2026-08-07,42.0
3,False,29.16666666666667,False,False,True,True,0.4698319041099551,393.0,393.0,3600030.0,3.60003,459.86590576171875,0.854596948971543,-0.22084385896171088,-0.02491999601710937,4.786805422089278,1.2180166468420555,-0.03439803439803435,-0.055288461538461564,22.4143704358276,12.086039056546486,24.117676163109206,"fund_low_adv20,fund_small_mcap",2,trend_break;di_bear,True,False,False,False,False,False,True,False,False,6325.T,,393.0,21.930803,0.5320676,17.92,738.628,4438426624.0,,1753770600.0,1754289000.0,True,,,False,1753770600.0,2025-07-29,-226.0
4,True,54.85148514851485,False,False,True,True,0.31928572227945984,2775.5,2775.5,12840354942.5,12840.3549425,3242.0,0.8561073411474398,-0.31865516131154425,0.1814129094039456,107.10671595051154,3.859006159269016,-0.06391231028667788,-0.06391231028667788,13.727517761262458,23.61986738517052,23.467209914962325,,1,macd_sell_like;ext_dev200,False,False,True,False,False,True,False,False,False,6326.T,,2775.5,16.981768,1.1744121,163.44,2363.31,3156698988544.0,1778221800.0,1785825000.0,1785825000.0,True,,,True,1785825000.0,2026-08-04,39.0
3,True,55.20801700576981,False,False,True,False,0.3517516259118621,3100.0,3100.0,3463846705.0,3463.846705,5910.0,0.5245346869712352,-0.4754653130287648,1.147297695118361,623.5817404564821,20.115540014725227,-0.4754653130287648,-0.4754653130287648,43.33560911276778,32.45303381157697,21.91260696919738,fund_small_mcap,3,macd_sell_like;trailing_stop;ext_dev200;natr_spike,False,False,True,False,True,True,False,False,True,6327.T,,3100.0,50.861362,4.479128,60.95,692.099,25320142848.0,,1746772500.0,1746772500.0,True,,,False,1746772500.0,2025-05-09,-283.0
2,False,42.74809160305343,False,False,True,True,0.3933665444336741,2280.0,2280.0,190630095.0,190.630095,2960.0,0.7702702702702703,-0.26804841478976005,-0.009754024335567824,73.74176746728196,3.234288046810612,-0.09235668789808915,-0.14059555220505093,19.619072191902088,16.43021663886159,29.300022751741373,fund_low_adv20,2,trend_break;trailing_stop,True,False,False,False,True,False,False,False,False,6328.T,,2280.0,12.377851,1.8010403,184.2,1265.935,53902659584.0,,1754289000.0,1754634600.0,True,,,False,1754289000.0,2025-08-04,-222.0
2,False,43.14159292035398,False,False,True,True,0.5484202114316942,1892.0,1892.0,3824064820.0,3824.06482,7370.0,0.25671641791044775,-0.7432835820895523,-0.31612439162360817,139.1870788675177,7.356610933801147,-0.13607305936073055,-0.4759002770083103,8.717394065869128,19.410868786540654,22.804503175031048,fund_neg_eps,2,trend_break;trailing_stop,True,False,False,False,True,False,False,False,False,6330.T,,1892.0,-7.419607843137255,2.8158324,-255.0,671.915,137411690496.0,,1754447400.0,1754879400.0,True,,,False,1754447400.0,2025-08-06,-220.0
5,True,53.70370370370371,False,False,True,False,0.4295504147786912,3615.0,3615.0,1280666150.0,1280.66615,3845.0,0.9401820546163849,-0.2383231237130553,0.1557755083995349,178.64671991479332,4.941817978279206,-0.05981794538361507,-0.05981794538361507,23.351404985783073,27.70208278541378,15.235399687764254,,0,,False,False,False,False,False,False,False,False,False,6331.T,,3615.0,10.906951,1.8328929,331.44,1972.292,82353643520.0,,1753772400.0,1754290800.0,True,,,True,1753772400.0,2025-07-29,-226.0
2,False,41.15586690017513,False,False,True,True,0.5253540436805652,2519.0,2519.0,463860285.0,463.860285,3432.584716796875,0.7338493315761806,-0.2927528495720515,-0.11808890818658602,95.46358834223186,3.789741498302178,-0.13436426116838485,-0.22730061349693254,29.189690366067097,17.53369219910815,29.550585904648212,,3,trend_break;trailing_stop;di_bear,True,False,False,False,True,False,True,False,False,6332.T,,2519.0,6.1029677,1.0149013,412.75,2482.015,99650854912.0,,1754550000.0,1754982000.0,True,,,True,1754550000.0,2025-08-07,-219.0
2,False,61.79401993355482,True,False,True,True,0.2479737751296808,2943.0,2943.0,97576685.0,97.576685,3334.716064453125,0.8825339078703949,-0.18433835222308048,-0.017565764743318835,73.5294598753041,2.4984525951513454,-0.006079027355623046,-0.018610814656561003,13.424330382903308,23.473671898193203,14.582025248530059,fund_low_adv20,1,trend_break,True,False,False,False,False,False,False,False,False,6333.T,,2943.0,11.081823,1.4386752,265.57,2045.632,45108224000.0,,1754467200.0,1754985600.0,True,,,False,1754467200.0,2025-08-06,-220.0
3,True,69.76744186046511,False,False,True,False,0.34520562937493365,451.0,451.0,4626690.0,4.62669,457.0,0.986870897155361,-0.20533336391235668,0.21762747851910147,11.082408632821629,2.457296814372867,-0.013129102844638973,-0.013129102844638973,27.249105382731784,21.583061703121988,24.29155676238402,"fund_low_adv20,fund_small_mcap",3,macd_sell_like;rsi_reversal;ext_dev200;di_bear,False,False,True,True,False,True,True,False,False,6334.T,,451.0,191.9149,1.5825006,2.35,284.992,4856686592.0,,1747119600.0,1747119600.0,True,,,False,1747119600.0,2025-05-13,-281.0
5,True,40.73033707865169,False,False,True,False,0.2818463567593141,531.0,531.0,39398420.0,39.39842,699.0,0.759656652360515,-0.34782608695652173,0.05265244627705967,34.24454151211791,6.449066198138967,-0.24034334763948495,-0.24034334763948495,33.176066676045004,24.109322680537694,26.04354940330834,"fund_low_adv20,fund_small_mcap",5,cross_sma25_down;macd_sell_like;trailing_stop;di_bear;natr_spike,False,True,True,False,True,False,True,False,True,6335.T,,531.0,4.054673,0.4579821,130.96,1159.434,4217370368.0,,1754892000.0,1755237600.0,True,,,False,1754892000.0,2025-08-11,-217.0
5,True,82.43688254665203,True,True,False,False,0.3701250869509553,1676.0,1676.0,275018510.0,275.01851,1676.0,1.0,-0.21223857474825714,1.0465369321514517,114.7164329670471,6.8446559049550775,0.0,0.0,33.14573712815186,53.254178134995655,14.484363383330487,fund_small_mcap,1,rsi_reversal;ext_dev200,False,False,False,True,False,True,False,False,False,6336.T,,1676.0,15.155078,1.2349026,110.59,1357.192,13387581440.0,,1749725940.0,1749725940.0,True,,,False,1749725940.0,2025-06-12,-259.0
4,True,49.794913863822806,False,False,False,False,0.35656188604477074,2403.0,2403.0,149510955.0,149.510955,3255.0,0.7382488479262673,-0.30049090573082604,0.06594374639768263,139.82340840107472,5.818701972579056,-0.12808417997097243,-0.2617511520737327,11.82619345643778,25.030248771296428,32.073490495487015,"fund_low_adv20,fund_small_mcap",2,macd_sell_like;trailing_stop,False,False,True,False,True,False,False,False,False,6337.T,,2403.0,27.748268,0.88921326,86.6,2702.389,12529850368.0,,1747117800.0,1747117800.0,True,,,False,1747117800.0,2025-05-13,-281.0
3,False,40.48387096774193,False,False,True,False,0.4479670119975211,1541.0,1541.0,66845870.0,66.84587,1843.0,0.8361367335865437,-0.6025643065298553,-0.005925490266126543,80.35350749713653,5.214374269768756,-0.15469007131102575,-0.15469007131102575,16.20419137320981,16.439682390247743,37.184014072764676,"fund_low_adv20,fund_small_mcap",3,trend_break;macd_sell_like;trailing_stop,True,False,True,False,True,False,False,False,False,6338.T,,1541.0,32.662144,0.83461106,47.18,1846.369,8218413568.0,,1754546400.0,1754978400.0,True,,,False,1754546400.0,2025-08-07,-219.0
4,True,34.72222222222223,False,False,True,False,0.5077571486503509,1168.0,1168.0,260949245.0,260.949245,1289.0,0.9061287820015516,-0.26516271985949524,0.12790450622599447,38.824718068214366,3.324034081182737,-0.09387121799844844,-0.09387121799844844,25.66262837679074,25.19887454670946,30.235620116603517,fund_neg_eps,4,cross_sma25_down;macd_sell_like;trailing_stop;di_bear,False,True,True,False,True,False,True,False,False,6339.T,,1168.0,-3.770296006972465,0.55223227,-309.79,2115.052,61339201536.0,,1754377800.0,1754982600.0,True,,,False,1754377800.0,2025-08-05,-221.0
5,True,60.37735849056604,False,False,True,False,0.3746348791730308,3920.0,3920.0,200555525.0,200.555525,4260.0,0.92018779342723,-0.2054797454973173,0.12375660757824636,140.5160740887964,3.5845937267550103,-0.07981220657277,-0.07981220657277,28.096407066179843,28.107881263425277,23.971935231376186,,1,macd_sell_like,False,False,True,False,False,False,False,False,False,6340.T,,3920.0,12.084219,0.9598182,324.39,4084.107,108451782656.0,,1754546400.0,1754978400.0,True,,,True,1754546400.0,2025-08-07,-219.0
1,False,31.320754716981142,False,True,False,True,0.24977845857415873,2700.0,2700.0,3365700.0,3.3657,4298.5419921875,0.628119954372247,-0.3832792596145086,-0.05072084971319912,40.107572005586384,1.4854656298365327,-0.03536977491961413,-0.07808531978915467,20.721232151942377,22.65679083424809,25.902365255292708,"fund_low_adv20,fund_small_mcap",4,trend_break;macd_sell_like;di_bear;vol_distribution,True,False,True,False,False,False,True,True,False,6342.T,,2700.0,7.9931316,0.4851807,337.79,5564.937,3512708096.0,,1746763200.0,1746763200.0,True,,,False,1746763200.0,2025-05-09,-283.0
1,False,25.925925925925924,False,False,True,True,0.49288366973093645,132.0,132.0,28631040.0,28.63104,213.2704620361328,0.6189324050774374,-0.38575647677920977,-0.15741389047716225,5.651230270580134,4.281235053469799,-0.21893491124260356,-0.2600472570582789,39.52381826480397,10.96081379668076,35.78776399412715,"fund_low_adv20,fund_small_mcap",3,trend_break;trailing_stop;di_bear,True,False,False,False,True,False,True,False,False,6343.T,,132.0,3.4464753,0.35125908,38.3,375.791,5940143616.0,,1747726800.0,1747726800.0,True,,,False,1747726800.0,2025-05-20,-276.0
6,True,58.82352941176471,True,False,True,True,0.21389110288645583,1361.0,1361.0,227165260.0,227.16526,1456.0,0.9347527472527473,-0.1273409581286078,0.022512210455961856,25.89787387655864,1.9028562730755798,-0.03200568990042674,-0.06524725274725274,10.480761798836852,31.463787615317358,28.859996475949934,,0,,False,False,False,False,False,False,False,False,False,6345.T,,1361.0,13.510026,1.1653495,100.74,1167.89,87865253888.0,,1753339200.0,1753684800.0,True,,,True,1753339200.0,2025-07-24,-229.0
2,False,32.14285714285715,True,False,True,True,0.45625564954348263,5680.0,5680.0,1870500.0,1.8705,6715.65869140625,0.8457844957589135,-0.16612796192783175,-0.07325617833151343,50.75047832137782,0.8934943366439758,-0.05960264900662249,-0.13513764286971297,43.36266079155905,21.671842594785613,57.62887768926683,"fund_low_adv20,fund_small_mcap",2,trend_break;di_bear,True,False,False,False,False,False,True,False,False,6346.T,,5680.0,21.141964,0.53494906,268.66,10617.833,6878866432.0,,1747122000.0,1747122000.0,True,,,False,1747122000.0,2025-05-13,-281.0
2,False,46.118721461187214,False,False,True,False,0.38694846157774127,243.0,243.0,30203485.0,30.203485,452.7906799316406,0.5366718238031899,-0.4633281761968101,-0.22425846309048858,20.009892301205035,8.234523580742813,-0.29565217391304344,-0.34752004116807866,12.018780992466098,28.3584739709815,34.35586400719563,"fund_low_adv20,fund_small_mcap",3,trend_break;macd_sell_like;trailing_stop,True,False,True,False,True,False,False,False,False,6347.T,,243.0,27.866972,1.3984002,8.72,173.77,2338715136.0,,1739514600.0,1739514600.0,True,,,False,1739514600.0,2025-02-14,-343.0
2,False,36.8421052631579,False,False,True,True,0.32214719712310363,1420.0,1420.0,272361030.0,272.36103,1778.3798828125,0.7984795676805994,-0.20152043231940064,-0.07424501846486109,34.0231060313996,2.3959933824929296,-0.10747957259585161,-0.1328339948539451,36.39922336557417,13.919480404954133,37.15685716595421,,4,trend_break;macd_sell_like;trailing_stop;di_bear,True,False,True,False,True,False,True,False,False,6349.T,,1420.0,10.218767,0.61311626,138.96,2316.037,75349057536.0,,1753682400.0,1754028000.0,True,,,True,1753682400.0,2025-07-28,-227.0
4,False,63.91184573002755,True,False,False,True,0.21549834217707653,2100.0,2100.0,138773095.0,138.773095,2487.7431640625,0.844138587269068,-0.28866102279783235,-0.0007965663689453173,72.51145659828204,3.452926504680097,-0.010833725859632604,-0.1260923845193508,13.99769976708009,18.881707654056328,24.389542463794513,fund_low_adv20,1,trend_break,True,False,False,False,False,False,False,False,False,6351.T,,2100.0,19.527618,0.98708975,107.54,2127.466,100529340416.0,,1754456400.0,1754974800.0,True,,,False,1754456400.0,2025-08-06,-220.0
5,True,53.07557117750439,False,False,True,True,0.27294686535956963,1425.0,1425.0,517856445.0,517.856445,2190.927978515625,0.6504093306460267,-0.46278471426640466,0.35009571841917664,125.17871646580804,8.784471330933897,-0.18103448275862066,-0.26733199853561795,27.43891256910316,27.516971401389505,20.764284797398666,fund_small_mcap,2,macd_sell_like;trailing_stop;ext_dev200,False,False,True,False,True,True,False,False,False,6356.T,,1425.0,11.581599,3.7213457,123.04,382.926,20287614976.0,,1753761600.0,1754280000.0,True,,,False,1753761600.0,2025-07-29,-226.0
4,True,30.589849108367616,False,False,True,False,0.4895420629403222,2431.0,2431.0,170846290.0,170.84629,2792.0,0.870702005730659,-0.20542216935271296,0.05467967372234095,100.60998775548315,4.138625576120244,-0.12929799426934097,-0.12929799426934097,23.733508677553623,23.735428268676394,25.358797359574158,fund_low_adv20,4,cross_sma25_down;macd_sell_like;trailing_stop;di_bear,False,True,True,False,True,False,True,False,False,6357.T,,2431.0,8.777441,0.8594145,276.96,2828.67,43086598144.0,,1754460000.0,1754978400.0,True,,,False,1754460000.0,2025-08-06,-220.0
4,False,35.20408163265306,False,False,True,True,0.3486749101378888,2039.0,2039.0,50425820.0,50.42582,2306.255859375,0.8841169949602092,-0.3575456520585677,-0.010415310360320063,40.2618093167164,1.9745860380930065,-0.036389413988657804,-0.05294937296795166,12.708120432409043,21.396504758712293,25.583526139405933,"fund_low_adv20,fund_small_mcap",2,trend_break;macd_sell_like,True,False,True,False,False,False,False,False,False,6358.T,,2039.0,9.901904,0.5533307,205.92,3684.957,17484607488.0,,1754546400.0,1754978400.0,True,,,False,1754546400.0,2025-08-07,-219.0
4,True,69.16666666666667,False,False,True,False,0.2620231861089229,4250.0,4250.0,7884750.0,7.88475,4325.0,0.9826589595375722,-0.38507481248209374,0.16909153110306407,96.1094369793795,2.2613985171618705,-0.017341040462427793,-0.017341040462427793,27.11378826966,36.44124570497724,20.18951850770268,"fund_low_adv20,fund_small_mcap",0,,False,False,False,False,False,False,False,False,False,6360.T,,4250.0,8.133816,2.481494,522.51,1712.678,5964713472.0,,1747204200.0,1747204200.0,True,,,False,1747204200.0,2025-05-14,-280.0
5,True,54.10541412692721,False,False,True,False,0.36620749705197275,5265.0,5265.0,18691986545.0,18691.986545,5902.0,0.8920704845814978,-0.25123239436619715,0.19973774829804647,313.1132984971796,5.947071196527627,-0.08115183246073299,-0.10792951541850215,14.985434534678285,25.04826575717425,24.762679644808113,,2,macd_sell_like;trailing_stop;ext_dev200,False,False,True,False,True,True,False,False,False,6361.T,,5265.0,31.737898,1.9162463,165.89,2747.559,2405828657152.0,1778826600.0,1786602600.0,1786602600.0,True,,,True,1786602600.0,2026-08-13,46.0
4,True,44.27207637231504,False,False,True,False,0.46698877819429396,2609.0,2609.0,1209205415.0,1209.205415,3485.0,0.7486370157819225,-0.4654720611127383,0.10420291109356672,132.5258717190989,5.079565799888804,-0.210590015128593,-0.25136298421807746,17.76284789458887,21.070327927333786,24.131427280300713,,1,trailing_stop,False,False,False,False,True,False,False,False,False,6363.T,,2609.0,11.627596,1.1411171,224.38,2286.356,67347607552.0,,1754463600.0,1754982000.0,True,,,True,1754463600.0,2025-08-06,-220.0
2,False,53.412462908011875,True,False,True,True,0.3958664645112697,1679.0,1679.0,122574340.0,122.57434,2199.144775390625,0.7634786116806549,-0.2765369439047517,-0.10997449469916909,55.76145752390732,3.3211112283446886,-0.016403046280023426,-0.20614657210401888,32.01798504673789,23.588738651075055,25.93182170572917,fund_low_adv20,2,trend_break;di_bear,True,False,False,False,False,False,True,False,False,6364.T,,1679.0,8.189845,1.0050311,205.01,1670.595,45230419968.0,,1753675200.0,1754020800.0,True,,,False,1753675200.0,2025-07-28,-227.0
6,True,45.911949685534594,True,False,True,False,0.4392907730846328,5450.0,5450.0,9861900.0,9.8619,6153.716796875,0.8856436166785635,-0.16148237393369036,0.02448691325267016,188.4273856379452,3.4573832227145913,-0.023297491039426577,-0.1143563833214365,14.532627404363014,24.86225392570726,28.06944454059364,"fund_low_adv20,fund_small_mcap",0,,False,False,False,False,False,False,False,False,False,6365.T,,5450.0,8.640919,0.73783445,630.72,7386.481,22619729920.0,,1747285200.0,1747285200.0,True,,,False,1747285200.0,2025-05-15,-279.0
2,False,44.67005076142132,False,False,True,True,0.5300852790402356,670.0,670.0,4048182620.0,4048.18262,1729.0,0.3875072296124928,-0.6124927703875072,-0.1441691734845727,55.56306139377477,8.292994237876831,-0.20238095238095233,-0.4543973941368078,29.134230377703236,15.576174018817731,32.664418522556424,,3,trend_break;trailing_stop;di_bear,True,False,False,False,True,False,True,False,False,6366.T,,670.0,8.257333,1.5250773,81.14,439.322,173639335936.0,1778481000.0,1785825000.0,1785825000.0,True,,,True,1785825000.0,2026-08-04,39.0
4,True,46.701846965699204,False,False,True,True,0.41348665508681526,23300.0,23300.0,26598610150.0,26598.61015,25780.0,0.9038013964313422,-0.32388339504301034,0.18011876891928358,746.4074228530267,3.203465334133162,-0.08159243200630661,-0.09619860356865784,16.149658361795556,24.197424386729892,26.12631771325274,,1,trailing_stop;ext_dev200,False,False,False,False,True,True,False,False,False,6367.T,,23300.0,24.789608,2.096449,939.91,11114.032,6823209336832.0,1778567400.0,1785825000.0,1785825000.0,True,,,True,1785825000.0,2026-08-04,39.0
3,True,21.124828532235938,False,False,True,True,0.29165646005940493,14375.0,14375.0,4895951100.0,4895.9511,18905.0,0.7603808516265538,-0.23961914837344622,0.023964965083239864,795.1942187793079,5.531785869769099,-0.23961914837344622,-0.23961914837344622,12.904545720420886,17.88527662755421,25.671125109626768,,2,macd_sell_like;trailing_stop,False,False,True,False,True,False,False,False,False,6368.T,,14375.0,23.252615,4.623645,618.21,3109.019,660996227072.0,1778653800.0,1785825000.0,1785825000.0,True,,,True,1785825000.0,2026-08-04,39.0
2,False,26.984126984126988,True,False,True,False,0.43984969391527423,2142.0,2142.0,335900445.0,335.900445,3090.0,0.6932038834951456,-0.3067961165048544,-0.1282414611793078,68.91707475361584,3.2174171220175465,-0.21624588364434683,-0.3067961165048544,47.25129178805035,10.98846493544126,36.700658680311335,,3,trend_break;trailing_stop;di_bear,True,False,False,False,True,False,True,False,False,6369.T,,2142.0,13.018903,0.8283261,164.53,2585.938,33383096320.0,,1754551800.0,1754983800.0,True,,,True,1754551800.0,2025-08-07,-219.0
5,True,40.32,False,False,True,True,0.4463269110765314,8200.0,8200.0,4904964000.0,4904.964,9036.0,0.9074811863656486,-0.24211441395965416,0.19544006414841175,316.6457143991504,3.861533102428663,-0.0888888888888889,-0.09251881363435144,16.15113475555281,23.64538079906887,27.79248599849695,,2,macd_sell_like;trailing_stop;ext_dev200,False,False,True,False,True,True,False,False,False,6370.T,,8200.0,22.640676,2.6302452,362.18,3117.58,897310785536.0,1785997800.0,1785997800.0,1785997800.0,True,,,True,1785997800.0,2026-08-06,41.0
4,True,32.798165137614674,False,False,True,False,0.3831750518191439,2544.0,2544.0,622626255.0,622.626255,2798.0,0.9092208720514653,-0.17061240544018663,0.10760162655327976,70.63592542407898,2.7765693956005886,-0.09077912794853471,-0.09077912794853471,17.42217371397569,29.68669664578688,31.301803049993843,,2,macd_sell_like;trailing_stop,False,False,True,False,True,False,False,False,False,6371.T,,2544.0,8.599534,0.8930345,295.83,2848.714,264656109568.0,1785393000.0,1785393000.0,1785393000.0,True,,,True,1785393000.0,2026-07-30,36.0
5,True,67.59259259259258,True,False,False,False,0.3769793770097874,3570.0,3570.0,1919857520.0,1919.85752,3570.0,1.0,-0.21070699134070936,0.7872623786578443,192.05658552434366,5.379736289197301,0.0,0.0,36.82727851451794,34.02116552643618,10.750915012911488,,0,ext_dev200,False,False,False,False,False,True,False,False,False,6376.T,,3570.0,17.340199,1.4261734,205.88,2503.202,232994177024.0,,1754978400.0,1755496800.0,True,,,True,1754978400.0,2025-08-12,-216.0
2,False,43.35839598997494,False,False,True,True,0.3448111878325007,1143.0,1143.0,261447515.0,261.447515,1814.4180908203125,0.6299540363837757,-0.3838244858468406,-0.04677035397270135,54.3606722848903,4.755964329386727,-0.0985804416403786,-0.3700459636162243,13.716017271434799,22.0351137708762,23.468862324337696,fund_small_mcap,2,trend_break;trailing_stop,True,False,False,False,True,False,False,False,False,6378.T,,1143.0,9.92877,1.0679938,115.12,1070.231,22019891200.0,,1754550000.0,1754895600.0,True,,,False,1754550000.0,2025-08-07,-219.0
3,False,35.787321063394685,False,False,True,True,0.4841272982404286,2153.0,2153.0,318316960.0,318.31696,2653.027587890625,0.811525673470969,-0.19752059506749042,-0.012490414195954203,59.51389876801593,2.764231247933856,-0.10478170478170479,-0.10478170478170479,22.920097102989306,15.86229050092668,28.733523421875173,,3,trend_break;trailing_stop;di_bear,True,False,False,False,True,False,True,False,False,6379.T,,2153.0,11.112258,1.2711642,193.75,1693.723,116279746560.0,,1754546400.0,1754978400.0,True,,,True,1754546400.0,2025-08-07,-219.0
5,True,45.29411764705882,False,False,True,False,0.3083810497488213,5030.0,5030.0,66140550.0,66.14055,5250.0,0.9580952380952381,-0.26398053856565784,0.566981039432489,245.5162597119765,4.88103896047667,-0.04190476190476189,-0.04190476190476189,40.48160641737078,24.67905501895034,12.664705939089771,"fund_low_adv20,fund_small_mcap",0,ext_dev200,False,False,False,False,False,True,False,False,False,6380.T,,5030.0,55.635437,3.410736,90.41,1474.755,7649206272.0,,1747029600.0,1747029600.0,True,,,False,1747029600.0,2025-05-12,-282.0
6,True,45.69892473118279,False,False,True,True,0.4277613396161966,1609.0,1609.0,126738995.0,126.738995,1728.670654296875,0.9307730168268806,-0.17190167975144455,0.021400143848734787,30.2021926624516,1.8770784749814542,-0.038829151732377554,-0.038829151732377554,11.690476159989121,23.05471555469346,30.777165025287402,fund_low_adv20,0,,False,False,False,False,False,False,False,False,False,6381.T,,1609.0,11.830013,1.2499719,136.01,1287.229,63228153856.0,,1754548200.0,1754980200.0,True,,,False,1754548200.0,2025-08-07,-219.0
4,True,33.98692810457517,False,False,True,True,0.4989008356899181,1226.0,1226.0,20454295.0,20.454295,1422.20458984375,0.8620419373943197,-0.16674644912097003,0.013127463753435542,22.507273810906042,1.8358298377574258,-0.07191521574564719,-0.07191521574564719,19.12900126001654,17.731180874159385,35.491122782432235,"fund_low_adv20,fund_small_mcap",1,macd_sell_like,False,False,True,False,False,False,False,False,False,6382.T,,1226.0,7.3527646,0.57111955,166.74,2146.661,19783659520.0,,1745560800.0,1745560800.0,True,,,False,1745560800.0,2025-04-25,-293.0
5,True,42.08273894436519,False,False,True,True,0.2901116215656457,6368.0,6368.0,13697249985.0,13697.249985,7749.0,0.8217834559297974,-0.1782165440702026,0.15320569586415855,274.8161160476797,4.315579711804015,-0.1511596907491336,-0.1782165440702026,19.685422706807604,20.151328941559605,30.277734327905886,,2,macd_sell_like;trailing_stop,False,False,True,False,True,False,False,False,False,6383.T,,6368.0,31.484228,5.1090074,202.26,1246.426,2341576376320.0,1778740200.0,1785997800.0,1785997800.0,True,,,True,1785997800.0,2026-08-06,41.0
5,True,58.07453416149068,False,False,True,False,0.3382428780222249,1673.0,1673.0,55635600.0,55.6356,1860.0,0.8994623655913978,-0.16075268817204302,0.09158101850842337,76.83065402166072,4.592388166267825,-0.07003891050583655,-0.1005376344086022,13.899363327651507,23.847666093996175,18.195082568498353,"fund_low_adv20,fund_small_mcap",1,macd_sell_like,False,False,True,False,False,False,False,False,False,6384.T,,1673.0,11.904931,0.84884775,140.53,1970.907,10333872128.0,,1754377200.0,1754895600.0,True,,,False,1754377200.0,2025-08-05,-221.0
4,True,55.54245283018868,False,False,True,True,0.42239983766044326,11760.0,11760.0,1550009000.0,1550.009,14370.0,0.8183716075156576,-0.46065014038332175,0.9475841510371383,1053.779575741288,8.960710678072177,-0.10909090909090913,-0.18162839248434237,25.679719607669035,26.223068021304442,18.766898255064707,,1,trailing_stop;ext_dev200,False,False,False,False,True,True,False,False,False,6387.T,,11760.0,54.580894,6.8032484,215.46,1728.586,94460321792.0,,1757399400.0,1757917800.0,True,,,True,1757399400.0,2025-09-09,-196.0
2,False,43.70860927152317,True,False,True,True,0.45360099768420786,1204.0,1204.0,136846305.0,136.846305,1741.08935546875,0.6915210848990858,-0.3170942110091254,-0.11576444480434833,29.88070335711222,2.481785993115633,-0.13381294964028778,-0.2136593722584581,42.09638394735933,15.062071008488031,35.26472294690712,"fund_low_adv20,fund_small_mcap",3,trend_break;trailing_stop;di_bear,True,False,False,False,True,False,True,False,False,6390.T,,1204.0,3.0193598,0.3171484,398.76,3796.33,13467706368.0,,1754546400.0,1754978400.0,True,,,False,1754546400.0,2025-08-07,-219.0
4,True,37.078651685393254,False,False,True,True,0.4132129860413572,3865.0,3865.0,24133700.0,24.1337,5161.18408203125,0.7488591645967566,-0.28799459513676506,0.001981520889673183,182.98377734016734,4.734379750069013,-0.14585635359116023,-0.2511408354032434,21.341707694557503,18.39217251049576,35.04805222129721,"fund_low_adv20,fund_small_mcap",3,macd_sell_like;trailing_stop;di_bear,False,False,True,False,True,False,True,False,False,6391.T,,3865.0,8.837518,0.7543823,437.34,5123.397,6393344000.0,,1745996400.0,1745996400.0,True,,,False,1745996400.0,2025-04-30,-290.0
5,True,48.29545454545455,False,False,True,False,0.4191974181691043,7390.0,7390.0,11130850.0,11.13085,7800.0,0.9474358974358974,-0.17574792401319528,0.20961575052392534,202.4365452551603,2.7393307882971625,-0.0525641025641026,-0.0525641025641026,30.26081716101242,39.121935084021814,28.13360776650192,"fund_low_adv20,fund_small_mcap",1,macd_sell_like;ext_dev200,False,False,True,False,False,True,False,False,False,6392.T,,7390.0,10.214661,0.9765894,723.47,7567.152,17688963072.0,,1747024200.0,1747024200.0,True,,,False,1747024200.0,2025-05-12,-282.0
2,False,31.94888178913739,False,False,True,True,0.4470126579410074,2807.0,2807.0,9442385.0,9.442385,3292.989013671875,0.8524170558558989,-0.14940499698882337,-0.050643785139239506,37.78584786570294,1.3461292435234393,-0.06898839137645107,-0.11222917615439054,28.04699186318955,14.583824806845454,27.416840949254585,"fund_low_adv20,fund_small_mcap",2,trend_break;di_bear,True,False,False,False,False,False,True,False,False,6393.T,,2807.0,8.575182,0.42543852,327.34,6597.898,9983294464.0,,1754546400.0,1754978400.0,True,,,False,1754546400.0,2025-08-07,-219.0
6,True,44.502617801047116,True,False,True,True,0.3498429280079949,1283.0,1283.0,462232380.0,462.23238,1484.0,0.8645552560646901,-0.2436881322386596,0.08894319449627996,44.89561578684164,3.4992685726299015,-0.07498197548666186,-0.12482946793997274,23.65131384550289,17.18565723089481,25.61787000257413,,1,di_bear,False,False,False,False,False,False,True,False,False,6395.T,,1283.0,8.860497,0.78768826,144.8,1628.817,162177941504.0,1778135400.0,1786084200.0,1786084200.0,True,,,True,1786084200.0,2026-08-07,42.0
4,True,28.57142857142857,False,True,False,True,0.517599947180332,3865.0,3865.0,1130175.0,1.130175,4631.66650390625,0.8344728612779743,-0.20978766564621332,0.016841941155237627,39.95331389069378,1.0337209286078597,-0.03374999999999995,-0.07038535075233354,26.394406996773615,21.225575212548115,58.010256741873356,"fund_low_adv20,fund_small_mcap",1,di_bear,False,False,False,False,False,False,True,False,False,6396.T,,3865.0,9.84262,1.1238723,392.68,3439.003,4268467456.0,,1747198800.0,1747198800.0,True,,,False,1747198800.0,2025-05-14,-280.0
0,False,15.384615384615387,False,False,True,True,0.382693085267973,258.0,258.0,5322430.0,5.32243,328.0,0.7865853658536586,-0.21341463414634143,-0.0903189136383985,5.095211553458406,1.974888199014886,-0.10416666666666663,-0.11945392491467577,31.552371633927866,8.296061303320762,27.968283280276125,"fund_low_adv20,fund_small_mcap",4,trend_break;macd_sell_like;trailing_stop;di_bear,True,False,True,False,True,False,True,False,False,6400.T,,258.0,9.052631,0.52115,28.5,495.059,2088422272.0,,1754980200.0,1755498600.0,True,,,False,1754980200.0,2025-08-12,-216.0
3,False,40.816326530612244,True,False,True,True,0.49517125600206496,1326.0,1326.0,33116770.0,33.11677,2002.0037841796875,0.6623364103896151,-0.346654581606624,-0.16205630931441695,43.531774471676506,3.282939251257655,-0.11006711409395975,-0.3220562308168503,47.030627770523665,9.346757533951955,32.0120854289931,"fund_low_adv20,fund_small_mcap",3,trend_break;trailing_stop;di_bear,True,False,False,False,True,False,True,False,False,6402.T,,1326.0,6.2326674,2.9720945,212.75,446.15,6493322752.0,,1747032000.0,1747032000.0,True,,,False,1747032000.0,2025-05-12,-282.0
6,True,40.0,False,False,True,True,0.42696937335176693,4015.0,4015.0,13331675.0,13.331675,4085.0,0.9828641370869033,-0.23516174402250356,0.16268126171911756,4.744101139374667,0.11815943061954338,-0.0012437810945273853,-0.00864197530864197,47.6918005538479,30.747197901112667,19.220867972892684,"fund_low_adv20,fund_small_mcap",0,,False,False,False,False,False,False,False,False,False,6403.T,,4015.0,14.0056505,1.462831,286.67,2744.678,17137043456.0,,1746689400.0,1746689400.0,True,,,False,1746689400.0,2025-05-08,-284.0
1,False,40.0,False,False,True,True,0.44117676349793533,999.0,999.0,48056330.0,48.05633,1939.564208984375,0.5150641548098642,-0.5330650230079041,-0.2284049936118986,30.263909409666443,3.0294203613279724,-0.10161870503597126,-0.20679820129712467,35.5302092068765,15.655372421671974,29.195067226367318,"fund_low_adv20,fund_small_mcap",3,trend_break;trailing_stop;di_bear,True,False,False,False,True,False,True,False,False,6405.T,,999.0,19.607458,0.86830837,50.95,1150.513,11146489856.0,,1747117800.0,1747117800.0,True,,,False,1747117800.0,2025-05-13,-281.0
5,True,46.86346863468634,False,False,True,True,0.4868596266039477,6190.0,6190.0,5643758500.0,5643.7585,7000.0,0.8842857142857142,-0.31070082902768903,0.5462590567966792,410.52534255844,6.632073385435218,-0.11571428571428577,-0.11571428571428577,27.501100914859848,29.28865248539377,23.8108044796722,,1,trailing_stop;ext_dev200,False,False,False,False,True,True,False,False,False,6407.T,,6190.0,30.473095,2.6945214,203.13,2297.254,413708713984.0,1778826600.0,1786084200.0,1786084200.0,True,,,True,1786084200.0,2026-08-07,42.0
4,True,21.276595744680847,False,False,True,True,0.5119944354925243,4130.0,4130.0,5157900.0,5.1579,5090.0,0.8113948919449901,-0.18860510805500985,0.042479530434348156,50.816920887692085,1.2304339197988396,-0.07606263982102912,-0.18860510805500985,30.125952740066655,21.045905751967023,58.64209188444314,"fund_low_adv20,fund_small_mcap",1,di_bear,False,False,False,False,False,False,True,False,False,6408.T,,4130.0,4.1119485,0.31112206,1004.39,13274.532,6177951232.0,,1747202400.0,1747202400.0,True,,,False,1747202400.0,2025-05-14,-280.0
4,False,65.14745308310992,True,False,False,False,0.4271801487741165,2090.0,2090.0,814126210.0,814.12621,2181.070068359375,0.9582452349053239,-0.20976032142156198,0.05593761013037235,41.49543645995624,1.985427581816088,0.0,0.0,26.03829738390094,36.788865518644926,18.041325858800292,,1,trend_break,True,False,False,False,False,False,False,False,False,6412.T,,2090.0,17.668442,0.82889503,118.29,2521.429,206130446336.0,1778653800.0,1786084200.0,1786084200.0,True,,,True,1786084200.0,2026-08-07,42.0
1,False,47.340425531914896,False,False,True,False,0.4883137270704008,988.0,988.0,152982550.0,152.98255,1236.0,0.7993527508090615,-0.41724419524139833,-0.1362443286257975,26.392733539182345,2.6713293055852576,-0.03042198233562321,-0.20064724919093846,30.548795446472912,16.21033478966274,24.756960515005577,fund_low_adv20,2,trend_break;di_bear,True,False,False,False,False,False,True,False,False,6413.T,,988.0,14.379275,0.90348196,68.71,1093.547,62085312512.0,,1753686000.0,1754031600.0,True,,,False,1753686000.0,2025-07-28,-227.0
1,False,32.3943661971831,True,False,True,False,0.5438930635080057,1637.5,1637.5,1901571740.0,1901.57174,2901.81396484375,0.564302198500231,-0.4494822826845075,-0.2954163965611408,44.930148663231684,2.7438258725637668,-0.07407407407407407,-0.19661517607012324,41.75258046723545,13.743409256086823,29.865873668811798,,2,trend_break;di_bear,True,False,False,False,False,False,True,False,False,6417.T,,1637.5,7.289441,1.2938486,224.64,1265.604,323428745216.0,1778653800.0,1785997800.0,1785997800.0,True,,,True,1785997800.0,2026-08-06,41.0
2,False,60.869565217391305,True,False,True,False,0.43110434065747155,960.0,960.0,189092340.0,189.09234,1233.3499755859375,0.7783678753015137,-0.3165871723012851,-0.04233088852614497,24.080544161001413,2.5083900167709805,-0.020408163265306145,-0.1272002780770598,16.633821730751677,26.674264236669764,23.721994130104978,"fund_low_adv20,fund_small_mcap",1,trend_break,True,False,False,False,False,False,False,False,False,6418.T,,960.0,5.544646,0.7264824,173.14,1321.436,26040035328.0,,1754375400.0,1754980200.0,True,,,False,1754375400.0,2025-08-05,-221.0
4,False,47.77777777777777,False,False,True,False,0.46897221471943396,2973.0,2973.0,304213360.0,304.21336,3255.8466796875,0.9131265358863127,-0.24378889980304086,-0.01776994432691692,52.079044611416116,1.7517337575316556,-0.01719008264462807,-0.04711538461538467,18.061789637728236,27.19271870754089,22.003069621176376,,1,trend_break,True,False,False,False,False,False,False,False,False,6419.T,,2973.0,8.262465,0.6399308,359.82,4645.815,54846152704.0,,1753686000.0,1754031600.0,True,,,True,1753686000.0,2025-07-28,-227.0
3,False,38.93805309734513,False,False,False,True,0.4107566668637697,3380.0,3380.0,253397775.0,253.397775,3878.298583984375,0.8715161885569813,-0.15869014223086686,-0.05373634393286664,77.99691994111221,2.3076011816897104,-0.05586592178770955,-0.10344827586206895,22.590365175469643,22.70085469232036,32.6472341922497,,2,trend_break;di_bear,True,False,False,False,False,False,True,False,False,6420.T,,3380.0,11.01336,1.196077,306.9,2825.905,135504756736.0,,1754463600.0,1754982000.0,True,,,True,1754463600.0,2025-08-06,-220.0
1,False,29.629629629629633,False,False,True,True,0.31514144288775564,862.0,862.0,2734515.0,2.734515,983.2572021484375,0.876678043259192,-0.30916900194415764,-0.0549505639218808,7.968657748046971,0.9244382538337554,-0.04751381215469608,-0.05689277899343548,37.5681797521203,8.016004897611142,32.420472315264384,"fund_low_adv20,fund_small_mcap",3,trend_break;macd_sell_like;di_bear,True,False,True,False,False,False,True,False,False,6424.T,,862.0,7.6364284,0.57283056,112.88,1504.808,3791565568.0,,1747206000.0,1747206000.0,True,,,False,1747206000.0,2025-05-14,-280.0
0,False,10.67415730337079,False,False,True,True,0.3861880570117392,674.0,674.0,244397860.0,244.39786,1109.0,0.6077547339945897,-0.45855513307984785,-0.1794647041994607,31.235397621766527,4.634331991360019,-0.19570405727923623,-0.20705882352941174,21.40782200297408,18.237380524703344,30.35852674843278,fund_neg_eps,3,trend_break;trailing_stop;di_bear,True,False,False,False,True,False,True,False,False,6425.T,,674.0,-0.2256822367319605,0.41177282,-2986.5,1636.825,52228841472.0,,1754462700.0,1754894700.0,True,,,False,1754462700.0,2025-08-06,-220.0
2,False,16.666666666666657,False,False,True,True,0.3270451528020308,313.0,313.0,4643745.0,4.643745,350.4466857910156,0.8931458412668611,-0.15753914581103645,-0.023737580206494968,4.427034180671278,1.414387917147373,-0.039877300613496924,-0.07102599055300685,49.08956196418059,5.339308216468151,24.474477390622873,"fund_low_adv20,fund_small_mcap",2,trend_break;di_bear,True,False,False,False,False,False,True,False,False,6428.T,,313.0,11.806866,0.37737122,26.51,829.422,7040990720.0,,1754550000.0,1754982000.0,True,,,False,1754550000.0,2025-08-07,-219.0
1,False,28.979591836734684,True,False,True,False,0.6179252402108117,2057.0,2057.0,176182390.0,176.18239,2974.1484375,0.691626542261309,-0.4689959217603573,-0.19641921687058028,44.158781378961265,2.1467565084570377,-0.11602922217447353,-0.18015145476285377,39.00468182760096,14.504191840153169,34.28438492770576,"fund_low_adv20,fund_small_mcap",3,trend_break;trailing_stop;di_bear,True,False,False,False,True,False,True,False,False,6430.T,,2057.0,5.1983824,0.602997,395.7,3411.294,29949554688.0,,1754546400.0,1754978400.0,True,,,False,1754546400.0,2025-08-07,-219.0
3,True,60.61776061776062,False,False,True,False,0.3330481792211712,7380.0,7380.0,2253169350.0,2253.16935,7790.0,0.9473684210526315,-0.24178747831456193,0.16392085522080135,294.8078712276138,3.994686602000187,-0.052631578947368474,-0.052631578947368474,14.757851374914294,27.55753931543849,19.868233917364776,,0,,False,False,False,False,False,False,False,False,False,6432.T,,7380.0,12.06454,1.8236482,611.71,4046.833,340903723008.0,1783665000.0,1783665000.0,1783665000.0,True,,,True,1783665000.0,2026-07-10,22.0
3,True,24.24639580602883,False,False,True,True,0.341315384758228,1038.0,1038.0,503253435.0,503.253435,2250.0,0.4613333333333333,-0.5935563816604709,0.009290725318320536,138.88266001276884,13.379832371172334,-0.3961605584642234,-0.5189990732159406,22.337106463954775,17.88793722568432,29.07893441651247,"fund_neg_eps,fund_small_mcap",3,macd_sell_like;trailing_stop;di_bear,False,False,True,False,True,False,True,False,False,6433.T,,1038.0,-9.012763740557437,3.0833025,-115.17,336.652,6474941440.0,,1747288800.0,1747288800.0,True,,,False,1747288800.0,2025-05-15,-279.0
3,False,49.65277777777778,True,False,True,True,0.22754310527819793,3632.0,3632.0,827960190.0,827.96019,4346.63720703125,0.8355884853064729,-0.19201906376752953,-0.07275475209393722,64.99734412774217,1.789574452856337,-0.017050067658998636,-0.08073905340420151,28.935887411744776,18.956019229764763,26.656685395846424,,2,trend_break;di_bear,True,False,False,False,False,False,True,False,False,6436.T,,3632.0,12.68688,1.8146698,286.28,2001.466,251555020800.0,1777271400.0,1784788200.0,1784788200.0,True,,,True,1784788200.0,2026-07-23,31.0
1,False,32.14285714285715,False,False,True,True,0.3432038475998129,491.0,491.0,237678505.0,237.678505,868.0,0.565668202764977,-0.434331797235023,-0.08931636164308898,30.256579988351294,6.16223625017338,-0.22555205047318616,-0.434331797235023,35.32230751321193,14.646169452217459,39.90890730024447,fund_small_mcap,3,trend_break;trailing_stop;di_bear,True,False,False,False,True,False,True,False,False,6440.T,,491.0,10.453481,0.45084214,46.97,1089.073,14512545792.0,,1754539200.0,1754539200.0,True,,,False,1754539200.0,2025-08-07,-219.0
2,False,50.0,False,False,True,True,0.388864964245642,149.0,149.0,23583065.0,23.583065,193.0,0.772020725388601,-0.41025641025641024,-0.01721522327023295,8.192721641237105,5.498470900159131,-0.1286549707602339,-0.18579234972677594,18.353860001702138,17.11756225423037,30.239071587355927,"fund_low_adv20,fund_small_mcap",3,trend_break;macd_sell_like;trailing_stop,True,False,True,False,True,False,False,False,False,6444.T,,149.0,60.569103,0.5755251,2.46,258.894,16680463360.0,,1754550000.0,1754895600.0,True,,,False,1754550000.0,2025-08-07,-219.0
5,True,57.028112449799195,True,False,True,True,0.4038646584693647,1264.0,1264.0,59563950.0,59.56395,1442.404541015625,0.8763144901845589,-0.23461139464892966,0.06968832417358817,39.444819659852655,3.1206344667604946,-0.012499999999999956,-0.07036644736050635,14.644278236172928,30.07407949878254,23.472299190417214,"fund_low_adv20,fund_small_mcap",0,,False,False,False,False,False,False,False,False,False,6445.T,,1264.0,37.821667,0.61264294,33.42,2063.192,21137975296.0,,1754535600.0,1754967600.0,True,,,False,1754535600.0,2025-08-07,-219.0
4,True,72.29551451187335,False,False,True,True,0.46264229434645004,3793.0,3793.0,2918771825.0,2918.771825,3894.0,0.9740626605033385,-0.2302739636351333,0.286859157252233,97.01518839106306,2.5577429051163474,-0.02593733949666155,-0.02593733949666155,50.39044002825702,38.03835217490822,11.278770578517523,,2,macd_sell_like;rsi_reversal;ext_dev200,False,False,True,True,False,True,False,False,False,6448.T,,3793.0,15.3153515,1.2368485,247.66,3066.665,939903090688.0,1778221800.0,1785997800.0,1785997800.0,True,,,True,1785997800.0,2026-08-06,41.0
5,True,43.34470989761092,False,False,True,True,0.40334377503626134,1604.0,1604.0,431182815.0,431.182815,1805.0,0.8886426592797784,-0.12125532369618186,0.01930037984557753,49.972585918031754,3.115497875189012,-0.10140056022408961,-0.11135734072022163,11.30608841503687,21.22307313383626,26.077116191555845,,2,macd_sell_like;trailing_stop,False,False,True,False,True,False,False,False,False,6454.T,,1604.0,20.937214,2.5012906,76.61,641.269,288422854656.0,1777530600.0,1785393000.0,1785393000.0,True,,,True,1785393000.0,2026-07-30,36.0
4,False,37.662337662337656,True,False,True,True,0.4507915829933154,2435.0,2435.0,229583900.0,229.5839,2954.276611328125,0.8242288452824738,-0.18592592488527748,-0.050316115181609944,57.725184115217715,2.3706441115079144,-0.045098039215686225,-0.1432090077410274,31.60708108523056,13.99681233450671,27.34625532488284,,2,trend_break;di_bear,True,False,False,False,False,False,True,False,False,6455.T,,2435.0,10.840048,0.9857936,224.63,2470.091,99856048128.0,1777357800.0,1777357800.0,1777357800.0,True,,,True,1777357800.0,2026-04-28,-31.0
5,True,33.50340136054422,False,False,True,True,0.34218263735225873,3951.0,3951.0,883568610.0,883.56861,4426.0,0.8926796204247628,-0.12087663804789883,0.011875128480757002,109.67607286959147,2.775906678552049,-0.10367513611615242,-0.10732037957523721,8.658140894730076,24.919407536892216,26.299029642104887,,1,trailing_stop,False,False,False,False,True,False,False,False,False,6457.T,,3951.0,14.332873,0.9566882,275.66,4129.872,204790120448.0,1778826600.0,1785997800.0,1785997800.0,True,,,True,1785997800.0,2026-08-06,41.0
2,False,46.857142857142854,False,False,True,True,0.5390669606044096,1232.0,1232.0,323335785.0,323.335785,1579.16796875,0.7801576680758013,-0.24833835064449983,-0.050136160470171776,29.215278319508023,2.37136999346656,-0.053763440860215006,-0.053763440860215006,12.65820991852304,24.303553796191235,23.8029054672379,,1,trend_break,True,False,False,False,False,False,False,False,False,6458.T,,1232.0,12.365753,1.3120718,99.63,938.973,82724020224.0,,1754463600.0,1754982000.0,True,,,True,1754463600.0,2025-08-06,-220.0
3,False,36.15023474178405,False,False,True,True,0.38804330285260935,1652.0,1652.0,117078480.0,117.07848,2050.0,0.8058536585365854,-0.19414634146341458,-0.025775609082361872,59.50917977282156,3.602250591575155,-0.12777191129883847,-0.19414634146341458,28.9571987906863,13.916770202565024,30.578001355718726,fund_low_adv20,3,trend_break;trailing_stop;di_bear,True,False,False,False,True,False,True,False,False,6459.T,,1652.0,16.066914,1.1592022,102.82,1425.118,81135099904.0,,1754460000.0,1754978400.0,True,,,False,1754460000.0,2025-08-06,-220.0
1,False,44.21864050455501,False,False,True,False,0.27380633819890027,2219.5,2219.5,2570152960.0,2570.15296,3593.702880859375,0.6176080977148681,-0.4056269895386536,-0.15252825673285209,85.8523148226101,3.868092580428479,-0.09278561209891678,-0.17026863606514586,13.323551262948037,17.205605787252843,27.54355648009833,fund_neg_eps,4,trend_break;cross_sma25_down;macd_sell_like;trailing_stop,True,True,True,False,True,False,False,False,False,6460.T,,2219.5,-80.97409704487413,1.2673161,-27.41,1751.339,449889042432.0,1778567400.0,1786084200.0,1786084200.0,True,,,False,1786084200.0,2026-08-07,42.0
5,True,72.03647416413374,False,False,True,False,0.4624370691205307,1420.0,1420.0,250207150.0,250.20715,1444.0,0.9833795013850416,-0.25732643459140736,0.14003929057823372,43.75123097780263,3.0810726040706076,-0.0166204986149584,-0.0166204986149584,29.68525101401213,31.234978780287253,11.790101676092961,,0,,False,False,False,False,False,False,False,False,False,6463.T,,1420.0,9.926599,0.52502114,143.05,2704.653,91515912192.0,,1754546400.0,1754978400.0,True,,,True,1754546400.0,2025-08-07,-219.0
4,False,59.84251968503937,False,False,True,False,0.33812597822665713,378.0,378.0,609806065.0,609.806065,433.0,0.8729792147806005,-0.6115911716942977,0.06152938863770396,26.613686352208106,7.04065776513442,-0.12702078521939952,-0.12702078521939952,35.63757451953079,35.680437548304575,18.91616885714219,"fund_neg_eps,fund_small_mcap",4,trend_break;macd_sell_like;trailing_stop;natr_spike,True,False,True,False,True,False,False,False,True,6464.T,,378.0,-0.5464875883705128,0.37747267,-691.69,1001.397,14461933568.0,1778653800.0,1786516200.0,1786516200.0,True,,,False,1786516200.0,2026-08-12,45.0
3,False,59.427207637231504,True,False,True,False,0.2961491467211159,5218.0,5218.0,2311496660.0,2311.49666,6030.63134765625,0.8652493742679078,-0.24215520454812445,-0.014049557432328053,128.2522205303951,2.4578808074050422,-0.009491268033409272,-0.037801954637654456,16.375313234900396,24.779553703086613,21.009369464039192,,1,trend_break,True,False,False,False,False,False,False,False,False,6465.T,,5218.0,19.353165,1.8730974,269.62,2785.76,724414103552.0,1778826600.0,1785997800.0,1785997800.0,True,,,True,1785997800.0,2026-08-06,41.0
4,True,38.29787234042553,False,False,False,True,0.3808770036471747,3615.0,3615.0,70412550.0,70.41255,6131.5146484375,0.5895769980621696,-0.41042300193783043,0.05185815330680854,269.30272234110856,7.449591212755424,-0.2028665931642778,-0.36838360472105003,11.68302867027532,19.158262121799634,25.931728430927077,"fund_low_adv20,fund_small_mcap",2,macd_sell_like;trailing_stop,False,False,True,False,True,False,False,False,False,6466.T,,3615.0,8.264557,0.65286106,437.41,5537.166,8480012800.0,,1754551800.0,1754983800.0,True,,,False,1754551800.0,2025-08-07,-219.0
1,False,31.111111111111114,False,False,True,False,0.4469004455783699,320.0,320.0,2139785.0,2.139785,373.7969970703125,0.8560796435178608,-0.2953315231369039,-0.0852619203447137,6.483725001866873,2.0261640630833977,-0.0778097982708934,-0.09074338935543624,21.72511704627308,15.11655966375054,24.74025064476392,"fund_neg_eps,fund_low_adv20,fund_small_mcap",3,trend_break;macd_sell_like;di_bear,True,False,True,False,False,False,True,False,False,6467.T,,320.0,-3.8323353293413174,0.2733685,-83.5,1170.581,2890052608.0,,1746079200.0,1746079200.0,True,,,False,1746079200.0,2025-05-01,-289.0
2,False,37.25274725274725,False,False,False,True,0.4983983160959998,2422.0,2422.0,173802445.0,173.802445,4389.6201171875,0.5517561737328227,-0.4482438262671773,-0.09776565622913946,153.20711731829513,6.325644810829692,-0.16193771626297582,-0.4226460071513707,18.425668840611216,17.05583739887218,34.21540707637404,"fund_low_adv20,fund_small_mcap",3,trend_break;macd_sell_like;trailing_stop,True,False,True,False,True,False,False,False,False,6469.T,,2422.0,31.377121,2.9785514,77.19,813.147,25868728320.0,,1744095600.0,1744095600.0,True,,,False,1744095600.0,2025-04-08,-306.0
5,True,50.91743119266055,False,False,True,True,0.35374606417318033,1139.0,1139.0,102998675.0,102.998675,1240.0,0.9185483870967742,-0.3057414274838146,0.30437630475389765,36.27845058827359,3.1851141868545736,-0.05320033250207812,-0.08145161290322578,19.33079349818388,18.218889022882177,26.63325126314236,"fund_neg_eps,fund_low_adv20",0,ext_dev200,False,False,False,False,False,True,False,False,False,6470.T,,1139.0,-5.406303398519081,0.50709784,-210.68,2246.115,32335362048.0,,1753678800.0,1754024400.0,True,,,False,1753678800.0,2025-07-28,-227.0
4,True,41.656210790464236,False,False,False,True,0.36159255855735734,1100.0,1100.0,3239591015.0,3239.591015,1387.723876953125,0.7926648941251561,-0.21654242866570128,0.08771103291625582,47.46239575398124,4.314763250361931,-0.13180741910023674,-0.20232052211747642,14.041296639390843,20.72075886811554,34.970537206044,,2,macd_sell_like;trailing_stop,False,False,True,False,True,False,False,False,False,6471.T,,1100.0,23.630505,0.80100137,46.55,1373.281,538253099008.0,1778567400.0,1785393000.0,1785393000.0,True,,,True,1785393000.0,2026-07-30,36.0
5,True,57.551012612476455,False,False,True,False,0.49744611766907015,412.8999938964844,412.8999938964844,2336141634.472046,2336.141634472046,479.3999938964844,0.8612849377416572,-0.3508457955189198,0.14524847196172064,18.02133258231149,4.364575647542758,-0.09471609653350155,-0.13871506225834285,23.793155374381687,28.06197911872232,25.05415408906422,,2,macd_sell_like;trailing_stop,False,False,True,False,True,False,False,False,False,6472.T,,412.9,17.637762,0.8267988,23.41,499.396,245471641600.0,1778740200.0,1785825000.0,1785825000.0,True,,,True,1785825000.0,2026-08-04,39.0
3,True,55.91090805254141,False,True,False,False,0.4272217364224339,2020.0,2020.0,2951626362.5,2951.6263625,2166.0,0.9325946445060018,-0.2442996599499878,0.18733763433162243,85.08544753811817,4.212150868223672,-0.06740535549399818,-0.06740535549399818,18.90727582339797,29.67639221530848,24.96728920722011,,2,macd_sell_like;ext_dev200;vol_distribution,False,False,True,False,False,True,False,True,False,6473.T,,2020.0,53.82361,0.81375027,37.53,2482.334,643032088576.0,1777357800.0,1777357800.0,1777357800.0,True,,,True,1777357800.0,2026-04-28,-31.0
4,True,39.45578231292517,False,False,True,True,0.41241610583985844,5420.0,5420.0,671110050.0,671.11005,5910.0,0.9170896785109983,-0.18864468864468864,0.20765819837193633,226.04216269543764,4.170519606926894,-0.08291032148900168,-0.08291032148900168,20.727896363027014,22.216785600525153,25.1182275373395,,3,macd_sell_like;trailing_stop;ext_dev200;di_bear,False,False,True,False,True,True,True,False,False,6474.T,,5420.0,23.19709,0.6733515,233.65,8049.287,118036520960.0,,1752040800.0,1752472800.0,True,,,True,1752040800.0,2025-07-09,-240.0
4,True,61.865569272976686,False,False,True,False,0.5466894047468606,4396.0,4396.0,13921391555.0,13921.391555,4994.0,0.8802563075690829,-0.48298573681165946,0.4196379976230089,231.21742281531203,5.259722993978891,-0.11974369243091709,-0.11974369243091709,48.93418329144697,29.148013594859872,16.958721798629828,,2,macd_sell_like;trailing_stop;ext_dev200,False,False,True,False,True,True,False,False,False,6479.T,,4396.0,17.833672,1.9638159,246.5,2238.499,1765413879808.0,1785911400.0,1785911400.0,1785911400.0,True,,,True,1785911400.0,2026-08-05,40.0
5,True,46.259842519685044,False,True,False,True,0.46725866585811787,1920.0,1920.0,2879584890.0,2879.58489,2282.0,0.8413672217353199,-0.24193551079809927,1.032834818662061,143.731032534343,7.485991277830364,-0.15863277826468014,-0.15863277826468014,30.644998294581395,25.233720827664396,23.880707088300525,,2,trailing_stop;ext_dev200;natr_spike,False,False,False,False,True,True,False,False,True,6480.T,,1920.0,32.831738,1.5956028,58.48,1203.307,136818262016.0,,1754460000.0,1754978400.0,True,,,True,1754460000.0,2025-08-06,-220.0
5,True,47.130206625122995,False,False,True,True,0.43487349936221253,6951.0,6951.0,8672756470.0,8672.75647,7929.0,0.8766553159288687,-0.20205783218023776,0.45665593994904263,373.0202841497216,5.366426185436938,-0.1233446840711313,-0.1233446840711313,32.10279373920522,23.5301233547598,21.763285681115963,,2,macd_sell_like;trailing_stop;ext_dev200,False,False,True,False,True,True,False,False,False,6481.T,,6951.0,77.37089,3.0815256,89.84,2255.701,779025055744.0,1778481000.0,1785997800.0,1785997800.0,True,,,True,1785997800.0,2026-08-06,41.0
3,False,40.93023255813954,False,False,True,False,0.46145624158255205,668.0,668.0,60553215.0,60.553215,811.05517578125,0.823618441688074,-0.21484851371789715,-0.00962182269556422,22.56537947620116,3.3780508197905927,-0.11405835543766574,-0.11405835543766574,16.866157600537374,21.82545114520381,20.484011722171637,"fund_low_adv20,fund_small_mcap",2,trend_break;trailing_stop,True,False,False,False,True,False,False,False,False,6482.T,,668.0,78.22014,0.63956803,8.54,1044.455,20915445760.0,,1754546400.0,1754978400.0,True,,,False,1754546400.0,2025-08-07,-219.0
6,True,69.51219512195122,True,True,False,False,0.37531298277890146,2419.0,2419.0,4009995.0,4.009995,2644.568115234375,0.9147051218174488,-0.14163678109730926,0.04327023304562272,41.24132113207569,1.7048913241866759,-0.009012699713232264,-0.05359548693312177,18.452862677247957,36.915719779630926,20.33582788451088,"fund_low_adv20,fund_small_mcap",0,,False,False,False,False,False,False,False,False,False,6484.T,,2419.0,8.857238,0.6304835,273.11,3836.738,19418890240.0,,1747031400.0,1747031400.0,True,,,False,1747031400.0,2025-05-12,-282.0
3,False,55.69620253164557,True,False,True,True,0.5207940053311313,1429.0,1429.0,35965540.0,35.96554,1731.8065185546875,0.8251499140865918,-0.20545396656182624,-0.05088982941782527,27.83613817323776,1.9479452885400812,-0.045424181696726795,-0.1305929279753122,28.463177593984458,19.72055160292219,26.650934818257493,"fund_low_adv20,fund_small_mcap",2,trend_break;di_bear,True,False,False,False,False,False,True,False,False,6485.T,,1429.0,10.915063,0.72486407,130.92,1971.404,29091479552.0,,1754373600.0,1754978400.0,True,,,False,1754373600.0,2025-08-05,-221.0
5,True,58.46153846153846,False,False,True,True,0.5384924744556592,2875.0,2875.0,426803690.0,426.80369,3395.314453125,0.8467551502789057,-0.1838752968964008,0.025430757677498805,79.55104056562192,2.76699271532598,-0.038461538461538436,-0.05370687590116219,14.041422762080535,23.178120872612713,26.27017466483271,,1,rsi_reversal,False,False,False,True,False,False,False,False,False,6486.T,,2875.0,13.262905,0.9819127,216.77,2927.959,130664382464.0,,1753941600.0,1754287200.0,True,,,True,1753941600.0,2025-07-31,-224.0
3,False,21.42857142857143,False,False,False,False,0.504584690889236,921.0,921.0,6397750.0,6.39775,1035.0869140625,0.8897803532123378,-0.13594035543890204,-0.00943476431324164,14.415994902643545,1.5652546039786694,-0.060204081632653006,-0.060204081632653006,13.1382133671434,21.880036221836566,24.82050089300457,"fund_low_adv20,fund_small_mcap",2,trend_break;macd_sell_like,True,False,True,False,False,False,False,False,False,6488.T,,921.0,7.9205365,0.6389439,116.28,1441.441,11713123328.0,,1747375200.0,1747375200.0,True,,,False,1747375200.0,2025-05-16,-278.0
5,True,37.17948717948718,False,False,True,True,0.4339766616057004,8700.0,8700.0,1447584950.0,1447.58495,10340.0,0.8413926499032882,-0.35051303840432013,0.3936983215769083,463.71217496570125,5.330024999605762,-0.15860735009671179,-0.15860735009671179,12.2008139856534,24.037240216481198,30.228464287974234,,2,macd_sell_like;trailing_stop;ext_dev200,False,False,True,False,True,True,False,False,False,6490.T,,8700.0,22.420368,2.5062916,388.04,3471.264,198894075904.0,1778740200.0,1785997800.0,1785997800.0,True,,,True,1785997800.0,2026-08-06,41.0
4,True,40.0,False,False,True,True,0.4112174693125975,13320.0,13320.0,475462800.0,475.4628,18510.0,0.7196110210696921,-0.33027693188505236,0.309834188010069,1097.6577604197319,8.240673877025014,-0.2242283051834595,-0.2803889789303079,20.294281989401092,16.460582444185892,31.640419183761686,fund_small_mcap,3,macd_sell_like;trailing_stop;ext_dev200;di_bear,False,False,True,False,True,True,True,False,False,6492.T,,13320.0,19.45946,1.6107398,684.5,8269.492,21401790464.0,,1751522400.0,1751868000.0,True,,,False,1751522400.0,2025-07-03,-244.0
3,False,42.857142857142854,True,False,True,False,0.5656220888696921,477.0,477.0,71149620.0,71.14962,789.0726928710938,0.6045070426457207,-0.40943337133562707,-0.2210588875767472,20.995546550646523,4.401582086089418,-0.22940226171243938,-0.27387080976019296,28.285832504765064,21.359379044006694,37.78820309709621,"fund_low_adv20,fund_small_mcap",3,trend_break;trailing_stop;di_bear,True,False,False,False,True,False,True,False,False,6493.T,,477.0,6.1683693,0.44350392,77.33,1075.526,13740185600.0,,1747206000.0,1747206000.0,True,,,False,1747206000.0,2025-05-14,-280.0
1,False,23.529411764705884,False,False,True,False,0.43887377054103494,85.0,85.0,147898265.0,147.898265,155.0,0.5483870967741935,-0.4516129032258065,-0.27452737592284393,5.534050550334568,6.510647706275963,-0.3145161290322581,-0.3145161290322581,18.045394668689035,13.849320039823763,31.80537527717754,"fund_low_adv20,fund_small_mcap",3,trend_break;macd_sell_like;trailing_stop,True,False,True,False,True,False,False,False,False,6494.T,,85.0,45.698925,0.7072842,1.86,120.178,4143254272.0,,1747292400.0,1747292400.0,True,,,False,1747292400.0,2025-05-15,-279.0
2,False,44.06779661016949,False,False,True,True,0.5576132402846152,145.0,145.0,44171430.0,44.17143,318.0414733886719,0.4559153825287387,-0.5629500815758988,-0.08881233080300743,8.941893793839268,6.166823306096047,-0.17613636363636365,-0.4349465332951348,23.174920190916687,21.989595435956094,30.117436712693586,"fund_low_adv20,fund_small_mcap",3,trend_break;trailing_stop;di_bear,True,False,False,False,True,False,True,False,False,6495.T,,145.0,115.07937,2.320817,1.26,62.478,6982521856.0,,1747121400.0,1747121400.0,True,,,False,1747121400.0,2025-05-13,-281.0
1,False,24.95017140210645,False,False,True,True,0.514062853860902,4505.0,4505.0,62233150.0,62.23315,8074.6767578125,0.5579170702581094,-0.44208292974189056,-0.2354134391025553,216.34967335297878,4.802434480643258,-0.205479345885216,-0.44208292974189056,25.77615067269398,16.723535832033395,36.29034721817915,"fund_low_adv20,fund_small_mcap",3,trend_break;trailing_stop;di_bear,True,False,False,False,True,False,True,False,False,6496.T,,4505.0,10.076721,0.56689054,447.07,7946.861,15726287872.0,,1744093800.0,1744093800.0,True,,,False,1744093800.0,2025-04-08,-306.0
4,True,56.68789808917197,False,True,False,True,0.3662038967672937,1340.0,1340.0,7837295.0,7.837295,1577.0,0.849714648065948,-0.21052631578947367,0.06854539846601693,39.413684432409255,2.9413197337618846,-0.021897810218978075,-0.150285351934052,15.194052520870576,20.237306631901788,13.818124221275616,"fund_low_adv20,fund_small_mcap",0,,False,False,False,False,False,False,False,False,False,6497.T,,1340.0,9.2631,0.5165687,144.66,2594.04,8980545536.0,,1754547000.0,1754979000.0,True,,,False,1754547000.0,2025-08-07,-219.0
5,True,60.2100350058343,False,False,True,False,0.4681046915839586,2230.0,2230.0,821497545.0,821.497545,2394.0,0.9314954051796157,-0.25108412836079796,0.20225484435521213,108.88060843007892,4.882538494622373,-0.06850459482038429,-0.06850459482038429,21.24923971633496,32.41713467901751,19.728392104734045,,0,ext_dev200,False,False,False,False,False,True,False,False,False,6498.T,,2230.0,16.92086,2.6907668,131.79,828.76,193842708480.0,1778653800.0,1785997800.0,1785997800.0,True,,,True,1785997800.0,2026-08-06,41.0
6,True,38.57046527309508,False,False,True,False,0.3396996832052774,4784.0,4784.0,70327386655.0,70327.386655,5784.69091796875,0.8270104778009237,-0.22830794880783367,0.002872976647094738,190.62445456306799,3.9846248863517557,-0.09735849056603774,-0.10679611650485432,19.18745478838902,27.85526459104963,24.498475289679465,,3,cross_sma25_down;macd_sell_like;trailing_stop,False,True,True,False,True,False,False,False,False,6501.T,,4784.0,27.069542,3.306162,176.73,1446.995,21544520646656.0,1777271400.0,1777271400.0,1777271400.0,True,,,True,1777271400.0,2026-04-27,-32.0
5,True,38.647784376427595,False,False,True,False,0.14172027288548916,5572.0,5572.0,48871602385.0,48871.602385,6560.0,0.849390243902439,-0.16312859111684963,0.1456641164602812,288.2810053086353,5.173743813866391,-0.150609756097561,-0.150609756097561,21.021970970122208,20.075746851828754,32.58764896149929,,3,macd_sell_like;trailing_stop;di_bear,False,False,True,False,True,False,True,False,False,6503.T,,5572.0,28.080433,2.5549226,198.43,2180.888,11402740760576.0,1777357800.0,1777357800.0,1777357800.0,True,,,True,1777357800.0,2026-04-28,-31.0
4,True,37.33087330873309,False,False,True,False,0.39082079121593877,13270.0,13270.0,19710219625.0,19710.219625,17275.0,0.7681620839363241,-0.35138367376494806,0.16014011822180318,858.8787991492724,6.472334582888262,-0.23183791606367588,-0.23183791606367588,22.454532256557897,22.910433136193266,32.38372538334791,,3,macd_sell_like;trailing_stop;di_bear,False,False,True,False,True,False,True,False,False,6504.T,,13270.0,19.948587,2.444453,665.21,5428.617,1958804455424.0,1777357800.0,1777357800.0,1777357800.0,True,,,True,1777357800.0,2026-04-28,-31.0
1,False,29.447322477405706,False,False,True,True,0.4367953723957759,1915.0,1915.0,117757810.0,117.75781,2557.775390625,0.7486974841571464,-0.25169348058653873,-0.07280529005301883,73.52044235589149,3.8391875903859782,-0.17699241881657823,-0.25130251584285357,32.075400635732265,13.572576996356227,39.9040139281583,"fund_low_adv20,fund_small_mcap",3,trend_break;trailing_stop;di_bear,True,False,False,False,True,False,True,False,False,6505.T,,1915.0,7.950677,0.55616677,240.86,3443.212,17268418560.0,,1752129000.0,1752474600.0,True,,,False,1752129000.0,2025-07-10,-239.0
4,True,39.96608253250424,False,False,True,False,0.4152874610214875,5988.0,5988.0,36291478175.0,36291.478175,7481.0,0.800427750300762,-0.5188962236442338,0.292575796998924,420.5636307484622,7.023440727262227,-0.19957224969923804,-0.19957224969923804,29.03820577123079,23.931004154684793,31.24789825136194,,3,macd_sell_like;trailing_stop;ext_dev200;di_bear,False,False,True,False,True,True,True,False,False,6506.T,,5988.0,44.16906,3.211914,135.57,1864.309,1553095327744.0,1775802600.0,1783665000.0,1783665000.0,True,,,True,1783665000.0,2026-07-10,22.0
5,True,47.70773638968481,False,False,True,False,0.3554469455361639,13280.0,13280.0,3665085700.0,3665.0857,15680.0,0.8469387755102041,-0.2606965194221459,0.23153348120475292,917.1820617546489,6.906491428875368,-0.15306122448979587,-0.15306122448979587,21.28309837037512,22.651317990008515,23.34943548904507,,3,macd_sell_like;trailing_stop;ext_dev200;di_bear,False,False,True,False,True,True,True,False,False,6507.T,,13280.0,25.816986,3.7884915,514.39,3505.353,374705225728.0,1778740200.0,1786084200.0,1786084200.0,True,,,True,1786084200.0,2026-08-07,42.0
4,True,23.768115942028984,False,False,True,False,0.39271091017474546,8910.0,8910.0,3574930000.0,3574.93,11100.0,0.8027027027027027,-0.2585033665478922,0.28930482592595497,499.119562722128,5.601790827408845,-0.19729729729729728,-0.19729729729729728,22.51845293702973,21.089106954245352,23.936734596402015,,3,macd_sell_like;trailing_stop;ext_dev200;di_bear,False,False,True,False,True,True,True,False,False,6508.T,,8910.0,17.11454,2.3111527,520.61,3855.219,404192919552.0,1778740200.0,1785393000.0,1785393000.0,True,,,True,1785393000.0,2026-07-30,36.0
6,True,51.59235668789809,False,False,True,False,0.2681784861991112,1061.0,1061.0,2621260.0,2.62126,1099.0,0.9654231119199272,-0.20285502360654162,0.005025495470867947,14.454243001163682,1.362322620279329,-0.01576994434137291,-0.034576888080072754,10.241142684324965,21.36862853034212,21.036727144565482,"fund_neg_eps,fund_low_adv20,fund_small_mcap",0,,False,False,False,False,False,False,False,False,False,6513.T,,1061.0,-2.5122534510927474,0.24486262,-422.33,4333.042,5576745472.0,,1754985600.0,1755504000.0,True,,,False,1754985600.0,2025-08-12,-216.0
3,True,28.365384615384613,False,False,True,True,0.3798359886032123,6260.0,6260.0,1278501800.0,1278.5018,7680.0,0.8151041666666666,-0.18489583333333337,0.4043881403596872,353.33537267587343,5.644335026771142,-0.16421895861148195,-0.18489583333333337,25.265185447355325,22.927317090507152,27.539521305622284,,3,macd_sell_like;trailing_stop;ext_dev200;di_bear,False,False,True,False,True,True,True,False,False,6516.T,,6260.0,25.652584,1.7376132,244.03,3602.643,222324146176.0,,1753754400.0,1754272800.0,True,,,True,1753754400.0,2025-07-29,-226.0
5,True,42.23602484472049,False,False,True,True,0.3808133457808647,3500.0,3500.0,147695750.0,147.69575,3910.0,0.8951406649616368,-0.12915601023017897,0.05722252810809736,114.97858060203501,3.285102302915286,-0.10141206675224645,-0.1048593350383632,13.891345876789243,24.23732066737471,30.551144716375095,fund_low_adv20,1,trailing_stop,False,False,False,False,True,False,False,False,False,6517.T,,3500.0,12.652279,0.86333185,276.63,4054.061,70757752832.0,,1754456400.0,1754888400.0,True,,,False,1754456400.0,2025-08-06,-220.0
4,True,45.56616643929059,False,False,True,False,0.349877193451116,1965.0,1965.0,87965505.0,87.965505,2600.0,0.7557692307692307,-0.24423076923076925,0.6580056446323472,164.32443278814537,8.362566554104092,-0.24423076923076925,-0.24423076923076925,44.513679909765926,25.892553981651588,21.44527283463305,"fund_low_adv20,fund_small_mcap",3,macd_sell_like;trailing_stop;ext_dev200;natr_spike,False,False,True,False,True,True,False,False,True,6518.T,,1965.0,15.803443,0.7136227,124.34,2753.556,8994498560.0,,1746772200.0,1746772200.0,True,,,False,1746772200.0,2025-05-09,-283.0
3,True,36.63003663003663,False,False,True,True,0.5814058305543955,4495.0,4495.0,3228433725.0,3228.433725,6780.0,0.6629793510324484,-0.4633397312859885,0.5340302164706043,513.0174511180169,11.413068990389696,-0.3370206489675516,-0.3370206489675516,18.624999796234093,19.99090528788414,28.060117170986977,fund_neg_eps,2,macd_sell_like;trailing_stop;ext_dev200,False,False,True,False,True,True,False,False,False,6521.T,,4495.0,-95.84221748400853,11.075056,-46.9,405.867,52125716480.0,,1744599600.0,1744599600.0,True,,,False,1744599600.0,2025-04-14,-302.0
3,True,37.202380952380956,False,False,True,True,0.493555595083545,748.0,748.0,361779600.0,361.7796,1500.0,0.49866666666666665,-0.5321100917431192,0.31322530241050583,85.12266411308335,11.380035309235742,-0.279383429672447,-0.5013333333333334,16.318724997833446,17.068059468161533,21.80685609663864,"fund_neg_eps,fund_small_mcap",1,trailing_stop;ext_dev200,False,False,False,False,True,True,False,False,False,6522.T,,748.0,-32.937032144429764,3.4124866,-22.71,219.195,6012962816.0,,1744612200.0,1744612200.0,True,,,False,1744612200.0,2025-04-14,-302.0
4,True,62.1301775147929,False,False,True,True,0.3130585095121739,1085.0,1085.0,446313390.0,446.31339,1160.111083984375,0.935255265619558,-0.24293896706500417,0.048982115446615015,26.93034837384916,2.482059757958448,-0.018099547511312264,-0.030384271671134888,19.913416868219482,23.98504013310467,19.94724510800742,,0,,False,False,False,False,False,False,False,False,False,6523.T,,1085.0,23.700306,0.8490585,45.78,1277.886,137265577984.0,1778653800.0,1785997800.0,1785997800.0,True,,,True,1785997800.0,2026-08-06,41.0
3,True,33.23170731707317,False,False,True,True,0.39295198835116674,5180.0,5180.0,1791271850.0,1791.27185,7010.0,0.738944365192582,-0.44168071798850195,0.32132689275859905,453.21111713853884,8.749249365608858,-0.261055634807418,-0.261055634807418,22.727090026855635,22.885105665579193,27.700044931855704,,4,macd_sell_like;trailing_stop;ext_dev200;di_bear;natr_spike,False,False,True,False,True,True,True,False,True,6524.T,,5180.0,45.177044,5.654411,114.66,916.099,134190497792.0,,1747047540.0,1747047540.0,True,,,True,1747047540.0,2025-05-12,-282.0
3,True,57.20486111111111,False,False,True,False,0.4076684980027395,7835.0,7835.0,59089857730.0,59089.85773,8467.0,0.9253572693988426,-0.4988587567485282,0.4568607940111862,624.3163389740748,7.9683004336193335,-0.07464273060115745,-0.07464273060115745,14.17974816316944,29.449774479579364,22.973440214697465,,1,macd_sell_like;ext_dev200,False,False,True,False,False,True,False,False,False,6525.T,,7835.0,61.091618,8.344116,128.25,938.985,1830675021824.0,1785997800.0,1785997800.0,1785997800.0,True,,,True,1785997800.0,2026-08-06,41.0
1,False,39.87897125567322,False,False,True,False,0.4154966016372554,2302.5,2302.5,29027885065.0,29027.885065,3448.155029296875,0.6677483989081288,-0.5439057936686569,-0.010843446898549991,202.99157835053114,8.816138039111015,-0.23758278145695366,-0.23758278145695366,28.055627266879092,27.486763603709736,28.46137338354885,,5,trend_break;macd_sell_like;trailing_stop;di_bear;natr_spike,True,False,True,False,True,False,True,False,True,6526.T,,2302.5,46.665993,3.033173,49.34,759.106,403499974656.0,1777357800.0,1777357800.0,1777357800.0,True,,,True,1777357800.0,2026-04-28,-31.0
3,False,,False,False,True,False,,706.0,706.0,0.0,0.0,706.0,1.0,0.0,0.0,0.0,0.0,0.0,0.0,,,,"fund_low_adv20,fund_small_mcap",0,,False,False,False,False,False,False,False,False,False,6527.T,,706.0,5.3675966,1.0038947,131.53,703.261,649520000.0,,,,True,,,False,,,
1,False,57.84418356456777,False,False,True,True,0.5479206090614323,5831.0,5831.0,8835067610.0,8835.06761,8963.2666015625,0.6505440771987665,-0.5745454674215562,-0.07717167950070913,264.1382299000483,4.529895899503487,-0.03587962962962965,-0.03587962962962965,21.889273914177746,27.797956814476223,18.5011372152538,,2,trend_break;macd_sell_like,True,False,True,False,False,False,False,False,False,6532.T,,5831.0,23.392305,7.5655937,249.27,770.726,879202009088.0,1784097000.0,1784097000.0,1784097000.0,True,,,True,1784097000.0,2026-07-15,25.0
2,False,47.97979797979798,False,False,True,False,0.49508549319919354,969.0,969.0,25439560.0,25.43956,1306.4962158203125,0.7416783824295977,-0.483654774181997,-0.019370356998845484,25.720961175749224,2.654381958281654,-0.07977207977207978,-0.10277777777777775,8.933687193169005,22.66026068824969,23.598818178782295,"fund_neg_eps,fund_low_adv20,fund_small_mcap",2,trend_break;macd_sell_like,True,False,True,False,False,False,False,False,False,6533.T,,969.0,-107.4279379157428,1.3821099,-9.02,701.102,9051785216.0,,1754980200.0,1755498600.0,True,,,False,1754980200.0,2025-08-12,-216.0
1,False,37.70491803278688,False,False,True,False,0.4013918122978075,465.0,465.0,153815640.0,153.81564,684.0,0.6798245614035088,-0.33333333333333337,-0.15383775521345122,14.73241169947106,3.168260580531411,-0.07738095238095233,-0.17844522968197885,26.601389074373465,15.39230145323392,27.608523588602075,"fund_low_adv20,fund_small_mcap",2,trend_break;di_bear,True,False,False,False,False,False,True,False,False,6535.T,,465.0,10.763888,1.5586556,43.2,298.334,26084116480.0,,1749610800.0,1749610800.0,True,,,False,1749610800.0,2025-06-11,-260.0
0,False,59.00000000000001,False,False,True,False,0.41675417626890976,346.0,346.0,5413045.0,5.413045,530.0,0.6528301886792452,-0.439622641509434,-0.08254448068305353,13.71563032003525,3.9640550057905353,-0.03888888888888886,-0.08947368421052626,19.383548790711572,23.320585006830708,23.177869043590444,"fund_low_adv20,fund_small_mcap",1,trend_break,True,False,False,False,False,False,False,False,False,6537.T,,346.0,226.1438,1.4288487,1.53,242.153,2396176896.0,,1754548200.0,1754980200.0,True,,,False,1754548200.0,2025-08-07,-219.0
2,False,46.98795180722891,False,False,True,False,0.5864729209685756,224.0,224.0,15634515.0,15.634515,375.3705139160156,0.5967437283849023,-0.4032562716150977,-0.24323884689752995,9.985476696222499,4.457802096527901,-0.125,-0.17190995428714673,19.81649072993821,23.44543266714153,23.007767094597696,"fund_low_adv20,fund_small_mcap",3,trend_break;macd_sell_like;trailing_stop,True,False,True,False,True,False,False,False,False,6538.T,,224.0,6.7327924,1.7052375,33.27,131.36,4585378816.0,,1754978400.0,1755496800.0,True,,,False,1754978400.0,2025-08-12,-216.0
5,False,59.74025974025973,True,False,True,False,0.5610343690491174,942.0,942.0,59612055.0,59.612055,1023.7384033203125,0.920156943360522,-0.13142204424768666,-0.020480660159486686,11.962390653007198,1.2698928506377067,0.0,-0.05988023952095811,31.040921135538447,22.119620188068662,19.8838365259935,"fund_low_adv20,fund_small_mcap",1,trend_break,True,False,False,False,False,False,False,False,False,6539.T,,942.0,22.617046,2.4597163,41.65,382.971,23411570688.0,,1754460000.0,1754978400.0,True,,,False,1754460000.0,2025-08-06,-220.0
2,False,53.586497890295355,True,False,True,False,0.5188720134530833,1495.0,1495.0,29183995.0,29.183995,1951.0,0.7662737057919016,-0.24859046642747307,-0.14380781189780667,30.289650462666785,2.026063576098113,-0.010589013898080757,-0.23372629420809843,50.20586196300058,11.490292056362522,31.369479737791085,"fund_low_adv20,fund_small_mcap",2,trend_break;di_bear,True,False,False,False,False,False,True,False,False,6540.T,,1495.0,10.513362,1.1330307,142.2,1319.47,15951867904.0,,1754982000.0,1755500400.0,True,,,False,1754982000.0,2025-08-12,-216.0
3,False,54.95495495495495,True,False,True,True,0.5860107311179463,1163.0,1163.0,2075595.0,2.075595,1361.48095703125,0.854216868766168,-0.1778475909985715,-0.040021623921768334,12.988556691488562,1.1168148487952332,-0.0008591065292096189,-0.09494163424124513,13.501235372531216,24.580801092724936,23.553809305455083,"fund_low_adv20,fund_small_mcap",1,trend_break,True,False,False,False,False,False,False,False,False,6543.T,,1163.0,6.852866,1.1462792,169.71,1014.587,4587409408.0,,1744353000.0,1744353000.0,True,,,False,1744353000.0,2025-04-11,-303.0
0,False,11.279229711141667,False,False,True,False,0.2061003106493736,1610.0,1610.0,1457995707.5,1457.9957075,2095.56787109375,0.7682881677125947,-0.25819630018060347,-0.07810223428662977,65.94973396554941,4.096256768046548,-0.14882368490615916,-0.14882368490615916,16.51726003915017,21.330713041503568,28.281736426335506,,3,trend_break;macd_sell_like;trailing_stop,True,False,True,False,True,False,False,False,False,6544.T,,1610.0,39.354683,11.70526,40.91,137.545,287809896448.0,1778740200.0,1785997800.0,1785997800.0,True,,,True,1785997800.0,2026-08-06,41.0
5,True,35.8974358974359,False,False,True,True,0.3855400258180618,701.0,701.0,9645650.0,9.64565,800.5789794921875,0.8756162951526018,-0.17099857222819204,0.04488516391097064,18.737061942063633,2.6729046992958105,-0.06032171581769441,-0.12438370484739825,15.71846628110302,13.593190605600078,21.2284454153952,"fund_low_adv20,fund_small_mcap",0,,False,False,False,False,False,False,False,False,False,6545.T,,701.0,16.24189,2.0761082,43.16,337.651,3747476480.0,,1747296000.0,1747296000.0,True,,,False,1747296000.0,2025-05-15,-279.0
3,False,63.44086021505377,True,False,True,True,0.38477001598401583,1109.0,1109.0,1403590.0,1.40359,1213.0,0.9142621599340478,-0.1063478977741138,-0.04249959311838647,12.453352070031436,1.1229352633031051,-0.00893655049151032,-0.052136752136752174,17.77423110747372,16.87542393761154,24.100730196533814,"fund_low_adv20,fund_small_mcap",1,trend_break,True,False,False,False,False,False,False,False,False,6546.T,,1109.0,23.8085,1.0368837,46.58,1069.551,5952722944.0,,1754460000.0,1754978400.0,True,,,False,1754460000.0,2025-08-06,-220.0
1,False,44.9901768172888,False,False,True,False,0.43176926487630657,1951.0,1951.0,153261375.0,153.261375,2721.0,0.7170158030135979,-0.2940095553105476,-0.14440707103043915,65.20067983923093,3.341910806726342,-0.14317083882301274,-0.1662393162393162,31.510718998581865,15.704216702640514,25.310013309399395,"fund_low_adv20,fund_small_mcap",3,trend_break;trailing_stop;di_bear,True,False,False,False,True,False,True,False,False,6547.T,,1951.0,5.5391517,2.0309103,352.22,960.653,26796103680.0,,1754980200.0,1755498600.0,True,,,False,1754980200.0,2025-08-12,-216.0
1,False,36.36363636363636,False,False,True,False,0.33543160015127443,94.0,94.0,10428775.0,10.428775,185.0,0.5081081081081081,-0.49189189189189186,-0.3490980853789426,6.292944637063163,6.694621954322515,-0.2033898305084746,-0.3733333333333333,23.079692693740245,17.970518274942748,29.985152416962663,"fund_neg_eps,fund_low_adv20,fund_small_mcap",5,trend_break;macd_sell_like;trailing_stop;di_bear;natr_spike,True,False,True,False,True,False,True,False,True,6548.T,,94.0,-4.825462012320329,2.1730587,-19.48,43.257,1858238592.0,,1747117800.0,1747117800.0,True,,,False,1747117800.0,2025-05-13,-281.0
4,True,61.94690265486726,False,True,False,True,0.3680429753641872,2076.0,2076.0,7325565.0,7.325565,2115.0,0.9815602836879432,-0.09084073488695554,0.27454274704477033,52.1100046520468,2.510115831023449,-0.018439716312056764,-0.018439716312056764,45.12608355509126,38.48022306762945,12.234177670933652,"fund_low_adv20,fund_small_mcap",1,macd_sell_like;ext_dev200,False,False,True,False,False,True,False,False,False,6549.T,,2076.0,9.301492,3.1891704,223.19,650.953,5731138560.0,,1747126800.0,1747126800.0,True,,,False,1747126800.0,2025-05-13,-281.0
2,False,35.9375,True,False,True,False,0.5274409026890221,526.0,526.0,28538635.0,28.538635,915.8114013671875,0.5743540637458218,-0.42892171988770955,-0.2791194598999054,16.161573080374016,3.0725424107174932,-0.06737588652482274,-0.2633053221288515,41.322903221886094,10.945396574231427,34.3896376492802,"fund_low_adv20,fund_small_mcap",2,trend_break;di_bear,True,False,False,False,False,False,True,False,False,6551.T,,526.0,8.386479,1.9479172,62.72,270.032,4384754688.0,,1754978400.0,1755496800.0,True,,,False,1754978400.0,2025-08-12,-216.0
2,False,49.36708860759494,False,True,False,True,0.35305336822911987,186.0,186.0,10370970.0,10.37097,265.0,0.7018867924528301,-0.3834586466165414,-0.028162390929515557,10.655075821647964,5.7285353879827765,-0.10144927536231885,-0.29811320754716986,17.449923226862175,20.408176905369203,24.842583036816883,"fund_neg_eps,fund_low_adv20,fund_small_mcap",3,trend_break;trailing_stop;vol_distribution,True,False,False,False,True,False,False,True,False,6552.T,,186.0,-195.78947368421055,1.1478648,-0.95,162.04,3248144896.0,,1751954400.0,1752472800.0,True,,,False,1751954400.0,2025-07-08,-241.0
2,False,43.795620437956195,True,False,True,True,0.3344258391889994,982.0,982.0,12362885.0,12.362885,1244.0,0.7893890675241158,-0.23954983922829587,-0.11195975896331944,14.157728632470079,1.4417238933268919,-0.027722772277227747,-0.08309990662931843,23.229559659212654,20.277237344178086,31.679795668079624,"fund_low_adv20,fund_small_mcap",2,trend_break;di_bear,True,False,False,False,False,False,True,False,False,6554.T,,982.0,8.694882,1.9516538,112.94,503.163,8815626240.0,,1754546400.0,1754978400.0,True,,,False,1754546400.0,2025-08-07,-219.0
5,True,25.974025974025977,False,True,False,True,0.24606568862154923,426.0,426.0,718855.0,0.718855,483.0,0.8819875776397516,-0.40527950310559,0.014032206234155797,10.105176186412038,2.3721070860122153,-0.08974358974358976,-0.11801242236024845,17.108218854121322,15.8707120445974,35.36792495684602,"fund_low_adv20,fund_small_mcap",3,macd_sell_like;trailing_stop;vol_distribution,False,False,True,False,True,False,False,True,False,6555.T,,426.0,10.597014,0.6479688,40.2,657.439,1916914432.0,,1752019200.0,1752451200.0,True,,,False,1752019200.0,2025-07-09,-240.0
0,False,31.93717277486911,False,False,False,True,0.5165646438978182,610.0,610.0,46789275.0,46.789275,1610.0,0.37888198757763975,-0.6211180124223603,-0.5264453121967504,31.874603098716747,5.225344770281434,-0.14685314685314688,-0.5226917057902973,63.31086505914694,8.549475998060466,43.7372371595605,"fund_low_adv20,fund_small_mcap",3,trend_break;trailing_stop;di_bear,True,False,False,False,True,False,True,False,False,6557.T,,610.0,6.440714,1.218146,94.71,500.761,3954103040.0,,1746770400.0,1746770400.0,True,,,False,1746770400.0,2025-05-09,-283.0
2,False,46.15384615384615,False,False,True,False,0.5382454065595511,635.0,635.0,1355335.0,1.355335,871.0,0.7290470723306545,-0.6296296296296297,-0.0696720410809385,20.336314624853834,3.2025692322604464,-0.08764367816091956,-0.11805555555555558,13.719504604342049,27.350388303091155,27.91381893125639,"fund_neg_eps,fund_low_adv20,fund_small_mcap",3,trend_break;macd_sell_like;trailing_stop,True,False,True,False,True,False,False,False,False,6558.T,,635.0,-4.375387583545787,1.7255107,-145.13,368.007,1770371712.0,,1752127200.0,1752472800.0,True,,,False,1752127200.0,2025-07-10,-239.0
0,False,32.43967828418231,False,False,True,True,0.41020906294744053,1620.0,1620.0,16346190.0,16.34619,2558.336181640625,0.6332240507035775,-0.3863243705222995,-0.18725531521471916,49.44504887527428,3.0521635108194003,-0.08267270668176674,-0.1074380165289256,17.418984180618736,12.56595185615157,22.612298177383607,"fund_low_adv20,fund_small_mcap",3,trend_break;macd_sell_like;trailing_stop,True,False,True,False,True,False,False,False,False,6560.T,,1620.0,10.573032,1.4195149,153.22,1141.235,7133059072.0,,1754978400.0,1755496800.0,True,,,False,1754978400.0,2025-08-12,-216.0
3,False,52.11267605633803,True,False,True,True,0.3935051365915065,777.0,777.0,10636555.0,10.636555,1107.1739501953125,0.701786742600774,-0.4021623118840907,-0.13153093542778227,12.22775973413168,1.5737142514969988,-0.011450381679389277,-0.06946107784431133,21.802157897673343,23.777535518847717,15.196449914392948,"fund_low_adv20,fund_small_mcap",1,trend_break,True,False,False,False,False,False,False,False,False,6561.T,,777.0,7.0412326,2.2011707,110.35,352.994,9755600896.0,,1754983800.0,1755502200.0,True,,,False,1754983800.0,2025-08-12,-216.0
1,False,47.81609195402299,False,False,True,False,0.2507319382207586,933.0,933.0,56641535.0,56.641535,1874.0,0.4978655282817503,-0.5261472785485592,-0.14523258743501077,44.52083966266941,4.771794176063174,-0.09241245136186771,-0.10632183908045978,15.111127938125595,25.5641165127165,26.720619704320175,"fund_low_adv20,fund_small_mcap",2,trend_break;trailing_stop,True,False,False,False,True,False,False,False,False,6562.T,,933.0,15.220228,1.1563015,61.3,806.883,11396392960.0,,1747117800.0,1747117800.0,True,,,False,1747117800.0,2025-05-13,-281.0
0,False,28.36879432624113,False,False,True,False,0.34947783808865596,489.0,489.0,6924690.0,6.92469,712.0,0.6867977528089888,-0.5308441558441559,-0.1901023551624763,15.079250079113237,3.0836912227225435,-0.1360424028268551,-0.18227424749163879,44.815437998768545,12.430376873663679,35.58483405403525,"fund_low_adv20,fund_small_mcap",3,trend_break;trailing_stop;di_bear,True,False,False,False,True,False,True,False,False,6563.T,,489.0,22.441486,0.8032313,21.79,608.791,2560106752.0,,1754965800.0,1755484200.0,True,,,False,1754965800.0,2025-08-12,-216.0
5,True,37.3134328358209,False,False,True,False,0.31195718154818386,2045.0,2045.0,127226880.0,127.22688,2299.0,0.8895171813832101,-0.2619047373982383,0.03584274419054134,73.49783128050642,3.5940259794868665,-0.11048281861678988,-0.11048281861678988,15.05368002889198,20.49370518954845,27.942278858731985,fund_low_adv20,1,trailing_stop,False,False,False,False,True,False,False,False,False,6564.T,,2045.0,19.618189,3.141099,104.24,651.046,56606064640.0,,1754548200.0,1754980200.0,True,,,False,1754548200.0,2025-08-07,-219.0
1,False,26.970954356846477,False,True,False,False,0.43611512310856415,1190.0,1190.0,3223240.0,3.22324,1565.9515380859375,0.7599213456212935,-0.25157326296793603,-0.12462802709711074,40.634548213153835,3.4146679170717507,-0.1079460269865068,-0.23044721303855686,26.591078946374672,11.523249384691574,29.738355998787192,"fund_low_adv20,fund_small_mcap",3,trend_break;trailing_stop;di_bear,True,False,False,False,True,False,True,False,False,6566.T,,1190.0,11.952592,0.9064098,99.56,1312.872,18886856704.0,,1754548200.0,1754980200.0,True,,,False,1754548200.0,2025-08-07,-219.0
5,True,65.71428571428572,False,False,True,False,0.26153912558200465,1236.0,1236.0,6962935.0,6.962935,1351.70458984375,0.914400978798833,-0.20939866699957366,0.05410052488590944,33.96357675601357,2.7478621970884767,-0.04923076923076919,-0.06434519303557906,16.643276622176565,20.31070988259658,24.1105911784067,"fund_low_adv20,fund_small_mcap",0,,False,False,False,False,False,False,False,False,False,6568.T,,1236.0,12.484848,1.9791833,99.0,624.5,9568271360.0,,1747117800.0,1747117800.0,True,,,False,1747117800.0,2025-05-13,-281.0
5,True,35.826771653543304,False,False,True,True,0.4407611831565766,1632.0,1632.0,13803450.0,13.80345,1704.0,0.9577464788732394,-0.20338770313421006,0.28948269223707634,53.01429540679381,3.248424963651582,-0.04225352112676062,-0.04225352112676062,42.24297135664641,30.814874159208994,13.528579588022962,"fund_low_adv20,fund_small_mcap",1,macd_sell_like;ext_dev200,False,False,True,False,False,True,False,False,False,6570.T,,1632.0,8.710039,1.6551875,187.37,985.991,9760644096.0,,1747103400.0,1747103400.0,True,,,False,1747103400.0,2025-05-13,-281.0
3,False,37.44075829383887,False,False,True,False,0.47322570090746524,1263.0,1263.0,75091365.0,75.091365,1433.0,0.881367759944173,-0.22773624130502534,-0.06639119170026953,21.68133924533477,1.7166539386646689,-0.06305637982195844,-0.08610709117221416,38.222287205531295,14.945749775826183,30.069240995512246,"fund_low_adv20,fund_small_mcap",2,trend_break;di_bear,True,False,False,False,False,False,True,False,False,6571.T,,1263.0,15.29426,1.1139385,82.58,1133.815,17003192320.0,,1754987400.0,1755505800.0,True,,,False,1754987400.0,2025-08-12,-216.0
1,False,51.21951219512195,False,False,True,True,0.53504612945864,203.0,203.0,30388260.0,30.38826,406.49163818359375,0.4993952665474367,-0.510445034271232,-0.28630069183146356,6.724902362678859,3.3127597845708663,-0.051401869158878455,-0.13983050847457623,13.709311993104135,20.096129472710057,22.04664727177221,"fund_low_adv20,fund_small_mcap",1,trend_break,True,False,False,False,False,False,False,False,False,6572.T,,203.0,18.640955,1.063618,10.89,190.858,11311551488.0,,1752130800.0,1752476400.0,True,,,False,1752130800.0,2025-07-10,-239.0
0,False,31.25,False,False,True,False,0.41751269745959546,25.0,25.0,36177660.0,36.17766,169.0,0.14792899408284024,-0.8520710059171598,-0.6784979423868314,3.1388342577306054,12.555337030922423,-0.24242424242424243,-0.6323529411764706,11.437371069482154,20.70872288926953,20.496709233697036,"fund_neg_eps,fund_low_adv20,fund_small_mcap",2,trend_break;trailing_stop,True,False,False,False,True,False,False,False,False,6573.T,,25.0,-3.063725490196078,1.8633077,-8.16,13.417,1149627008.0,,1754978400.0,1755496800.0,True,,,False,1754978400.0,2025-08-12,-216.0
0,False,27.272727272727266,False,False,True,False,0.5535483346326684,82.0,82.0,247307325.0,247.307325,315.77777099609375,0.2596762898836675,-0.7403237101163325,-0.4177868113801205,6.933642335877296,8.455661385216214,-0.2545454545454545,-0.35886127782808797,22.742465709058497,10.939385170615482,27.272930482228684,fund_neg_eps,4,trend_break;macd_sell_like;trailing_stop;di_bear,True,False,True,False,True,False,True,False,False,6574.T,,82.0,-40.79601990049752,3.751487,-2.01,21.858,41708142592.0,,1754542800.0,1754888400.0,True,,,False,1754542800.0,2025-08-07,-219.0
0,False,,False,False,False,False,,,,,,,,,,,,,,,,,"insufficient_daily,fund_neg_eps,fund_low_adv20,fund_small_mcap",0,insufficient_daily,False,False,False,False,False,False,False,False,False,6576.T,no_quote_result,,,,,,,,,,True,,,False,,,
2,False,70.85427135678393,True,True,False,False,0.33753188836103404,2027.0,2027.0,6613770.0,6.61377,2948.602294921875,0.687444354055794,-0.5124149111739869,0.012836592032218874,30.51551521989215,1.5054521568767711,0.0,0.0,18.062285293877405,43.377037194850146,15.1679189106084,"fund_neg_eps,fund_low_adv20,fund_small_mcap",1,trend_break,True,False,False,False,False,False,False,False,False,6577.T,,2027.0,-50.18568952711067,2.8252406,-40.39,717.461,3062561792.0,,1757399400.0,1757917800.0,True,,,False,1757399400.0,2025-09-09,-196.0
6,True,46.93877551020408,False,False,True,True,0.5920573278392829,430.0,430.0,1994150.0,1.99415,505.9825134277344,0.849831740403443,-0.2823219018985843,0.1353329610023022,9.289553297036134,2.1603612318688685,-0.03153153153153154,-0.03153153153153154,17.05913992455675,16.54755734419566,28.924317393608483,"fund_low_adv20,fund_small_mcap",1,macd_sell_like,False,False,True,False,False,False,False,False,False,6578.T,,430.0,79.482445,2.9477088,5.41,145.876,3160026880.0,,1744612380.0,1744612380.0,True,,,False,1744612380.0,2025-04-14,-302.0
4,False,44.545454545454554,False,False,True,False,0.25963949595985747,355.0,355.0,90780115.0,90.780115,435.0,0.8160919540229885,-0.3770114942528736,0.04801688635659129,26.938758097284936,7.588382562615475,-0.17633410672853833,-0.17633410672853833,23.941949107746883,22.338844730838193,15.013101246445999,"fund_neg_eps,fund_low_adv20,fund_small_mcap",4,trend_break;macd_sell_like;trailing_stop;natr_spike,True,False,True,False,True,False,False,False,True,6579.T,,355.0,-18.393782383419687,0.53797174,-19.3,659.886,1350065024.0,,1747207800.0,1747207800.0,True,,,False,1747207800.0,2025-05-14,-280.0
1,False,19.369369369369366,True,False,True,True,0.4413734508299337,753.0,753.0,95512955.0,95.512955,3378.421142578125,0.2228851786741348,-0.7851067201627864,-0.6504114434756293,54.486060038215975,7.235864546907831,-0.3902834008097166,-0.5874278643045328,23.112298580598516,22.648123809808087,34.94686814516352,"fund_low_adv20,fund_small_mcap",3,trend_break;trailing_stop;di_bear,True,False,False,False,True,False,True,False,False,6580.T,,753.0,14.964229,1.1725355,50.32,642.198,3777285888.0,,1747291800.0,1747291800.0,True,,,False,1747291800.0,2025-05-15,-279.0
3,False,73.70242214532871,False,False,False,False,0.5081895833673795,1000.0,1000.0,1637735940.0,1637.73594,1127.0,0.8873114463176575,-0.4084543441924966,0.21908681758692117,78.81438194675194,7.881438194675193,-0.11268855368234254,-0.11268855368234254,37.43918577804566,42.99491516540627,17.629786459633237,,4,trend_break;rsi_reversal;trailing_stop;ext_dev200;natr_spike,True,False,False,True,True,True,False,False,True,6584.T,,1000.0,23.518345,0.74596524,42.52,1340.545,35808563200.0,,1754287200.0,1754632800.0,True,,,True,1754287200.0,2025-08-04,-222.0
6,True,41.97622585438336,False,False,True,True,0.4112338816545316,5436.0,5436.0,4412181210.0,4412.18121,5953.61376953125,0.9130588933766183,-0.21452595187130485,0.0778104625911682,163.94427919044395,3.0158991756888147,-0.04898530440867743,-0.08098055790363479,11.25563643719293,26.176338476875195,21.022047612232043,,0,,False,False,False,False,False,False,False,False,False,6586.T,,5436.0,18.121813,1.4084898,299.97,3859.453,1400617041920.0,1785306600.0,1785306600.0,1785306600.0,True,,,True,1785306600.0,2026-07-29,35.0
5,True,55.99999999999999,False,False,False,True,0.23627205461615458,3110.0,3110.0,431186815.0,431.186815,3271.803955078125,0.9505459503993229,-0.2966676183180279,0.06643868396488917,118.51515355122687,3.810776641518549,-0.04892966360856266,-0.04892966360856266,22.52807041581397,25.95939374899789,20.413029721402896,fund_neg_eps,1,macd_sell_like,False,False,True,False,False,False,False,False,False,6588.T,,3110.0,-72.34240521051407,1.7518008,-42.99,1775.316,164791894016.0,1778481000.0,1785997800.0,1785997800.0,True,,,False,1785997800.0,2026-08-06,41.0
4,True,41.941074523396885,False,False,True,False,0.42997778692049865,4355.0,4355.0,10490059600.0,10490.0596,5920.9658203125,0.735521894934727,-0.33287910792372644,0.10529362004874243,373.76184943983776,8.582361640409593,-0.2373029772329247,-0.2373029772329247,11.100623177914175,20.502033754618772,31.000306017115587,,2,macd_sell_like;trailing_stop,False,False,True,False,True,False,False,False,False,6590.T,,4355.0,25.550014,5.142065,170.45,846.936,285857841152.0,1778653800.0,1785911400.0,1785911400.0,True,,,True,1785911400.0,2026-08-05,40.0
5,True,43.0327868852459,False,False,True,True,0.4514166478942574,1520.5,1520.5,1940222522.5,1940.2225225,1885.0,0.806631299734748,-0.21777188328912467,0.05045529075408828,39.850988228773744,2.6209133988012985,-0.05087390761548061,-0.11263495768894072,11.510187557691074,19.522707048469993,23.729888312941178,,1,macd_sell_like,False,False,True,False,False,False,False,False,False,6592.T,,1520.5,14.3511095,1.1049567,105.95,1376.072,373485469696.0,1777357800.0,1777357800.0,1777357800.0,True,,,True,1777357800.0,2026-04-28,-31.0
3,True,48.401826484018265,False,False,True,False,0.4212104606280492,2595.0,2595.0,21851296325.0,21851.296325,3275.0,0.7923664122137405,-0.42503816793893134,0.0840448030077543,142.87925267818704,5.505944226519732,-0.10486374611935145,-0.10486374611935145,22.457816944792082,23.414167792371988,23.98459916917558,,3,macd_sell_like;trailing_stop;di_bear,False,False,True,False,True,False,True,False,False,6594.T,,2595.0,24.718994,1.6906936,104.98,1534.873,2974674059264.0,,1781591400.0,1781591400.0,True,,,True,1781591400.0,2026-06-16,4.0
2,False,,False,False,True,True,0.490750239245521,990.0,990.0,4950.0,0.00495,1000.0,0.99,-0.16666666666666663,-0.0066225165562914245,0.004983083659106978,0.0005033417837481796,0.0,0.0,100.0,0.0,100.0,"fund_neg_eps,fund_low_adv20,fund_small_mcap",2,trend_break;di_bear,True,False,False,False,False,False,True,False,False,6596.T,,990.0,-74.6043707611153,26.924854,-13.27,36.769,3688740096.0,,1747290600.0,1747290600.0,True,,,False,1747290600.0,2025-05-15,-279.0
3,True,63.25338253382533,False,False,True,False,0.39494650666513403,4590.0,4590.0,2362079660.0,2362.07966,6980.0,0.6575931232091691,-0.3424068767908309,1.0535396715678709,646.810686176502,14.091736082276732,-0.3424068767908309,-0.3424068767908309,57.10322874899246,32.28103278701904,21.298018969675482,fund_small_mcap,3,macd_sell_like;trailing_stop;ext_dev200;natr_spike,False,False,True,False,True,True,False,False,True,6597.T,,4590.0,36.500996,6.0000315,125.75,764.996,17751224320.0,,1747290600.0,1747290600.0,True,,,False,1747290600.0,2025-05-15,-279.0
3,True,33.306899286280725,False,False,True,True,0.23334398467574266,2889.0,2889.0,24454355.0,24.454355,4005.0,0.7213483146067415,-0.27865168539325846,0.011141024457098858,169.11801903765698,5.853860125914053,-0.17809388335704124,-0.27865168539325846,15.24337198058671,15.619493938135484,32.579932536411945,"fund_low_adv20,fund_small_mcap",2,macd_sell_like;trailing_stop,False,False,True,False,True,False,False,False,False,6599.T,,2889.0,11.963228,0.8542714,241.49,3381.829,4359347712.0,,1747117800.0,1747117800.0,True,,,False,1747117800.0,2025-05-13,-281.0
3,False,48.83720930232558,True,False,True,False,0.39654313862655854,575.0,575.0,2756690.0,2.75669,900.0,0.6388888888888888,-0.4199255121042831,-0.1777726934736602,7.3959841098679755,1.2862581060639957,-0.04166666666666663,-0.07556270096463025,27.789025533476153,31.938701864860043,17.164245874669074,"fund_neg_eps,fund_low_adv20,fund_small_mcap",1,trend_break,True,False,False,False,False,False,False,False,False,6612.T,,575.0,-3.0614418059844533,1.9392852,-187.82,296.501,4897632256.0,,1747204200.0,1747204200.0,True,,,False,1747204200.0,2025-05-14,-280.0
4,True,45.9603118355776,False,False,True,False,0.4811594815418502,2372.0,2372.0,28809297960.0,28809.29796,3320.0,0.7144578313253012,-0.5154185022026432,1.8595022392602907,330.32502521111735,13.926012867247781,-0.28554216867469884,-0.28554216867469884,36.09164320268514,23.938665085226994,18.640917834603673,fund_neg_eps,2,macd_sell_like;trailing_stop;ext_dev200,False,False,True,False,True,True,False,False,False,6613.T,,2372.0,-278.73090481786136,20.241154,-8.51,117.187,99244597248.0,,1754636400.0,1754636400.0,True,,,False,1754636400.0,2025-08-08,-218.0
3,True,25.547445255474457,False,False,True,False,0.3436520941974037,802.0,802.0,109033610.0,109.03361,1335.0306396484375,0.6007352761665425,-0.5830857126099254,0.007843526833830161,71.27277038277022,8.886879100096037,-0.3020017406440383,-0.3020017406440383,22.24029717124135,20.068939611824376,30.128036842586496,"fund_neg_eps,fund_low_adv20,fund_small_mcap",3,macd_sell_like;trailing_stop;di_bear,False,False,True,False,True,False,True,False,False,6614.T,,802.0,-32.131410256410255,1.5372436,-24.96,521.713,3521680640.0,,1747117800.0,1747117800.0,True,,,False,1747117800.0,2025-05-13,-281.0
1,False,42.857142857142854,False,False,True,False,0.372912850974031,230.0,230.0,41263240.0,41.26324,428.0732421875,0.5372912327448346,-0.4627087672551654,-0.23220644903219811,11.644457600200287,5.062807652260994,-0.2628205128205128,-0.2741562831482377,27.548155098664473,16.567755144615138,33.069221270371294,"fund_low_adv20,fund_small_mcap",3,trend_break;trailing_stop;di_bear,True,False,False,False,True,False,True,False,False,6615.T,,230.0,27.122643,0.3783548,8.48,607.895,6472138752.0,,1754546400.0,1754978400.0,True,,,False,1754546400.0,2025-08-07,-219.0
4,True,43.85644768856448,False,False,True,False,0.5283264337421537,2323.0,2323.0,515438125.0,515.438125,2895.0,0.8024179620034543,-0.4262312378006826,0.3552918126432856,183.36983975301717,7.893665077615893,-0.19758203799654572,-0.19758203799654572,35.98165308851778,23.058211440013977,25.220722759474988,fund_small_mcap,5,cross_sma25_down;macd_sell_like;trailing_stop;ext_dev200;di_bear;natr_spike,False,True,True,False,True,True,True,False,True,6616.T,,2323.0,21.216549,1.3115587,109.49,1771.175,24605765632.0,,1754548200.0,1754980200.0,True,,,False,1754548200.0,2025-08-07,-219.0
4,True,45.33678756476684,False,False,True,True,0.3010175844174836,7070.0,7070.0,1130737950.0,1130.73795,8600.0,0.8220930232558139,-0.1779069767441861,0.5426572776135654,445.4777579721476,6.300958387159089,-0.1779069767441861,-0.1779069767441861,27.114246204943193,24.05464377138588,26.507475606961734,,3,macd_sell_like;trailing_stop;ext_dev200;di_bear,False,False,True,False,True,True,True,False,False,6617.T,,7070.0,17.196089,1.6708145,411.14,4231.469,113488420864.0,,1753340400.0,1753686000.0,True,,,True,1753340400.0,2025-07-24,-229.0
4,True,26.966292134831463,False,False,True,False,0.49653521863406413,242.0,242.0,1112091490.0,1112.09149,341.0,0.7096774193548387,-0.6059544658493871,0.10646274832544633,24.530470629587157,10.136558111399651,-0.29032258064516125,-0.29032258064516125,29.016827591350076,19.28450212040241,30.916069618857385,"fund_neg_eps,fund_small_mcap",4,macd_sell_like;trailing_stop;di_bear;natr_spike,False,False,True,False,True,False,True,False,True,6619.T,,242.0,-1.0714127595519547,0.34127623,-225.87,709.103,14598621184.0,,1749709800.0,1749709800.0,True,,,False,1749709800.0,2025-06-12,-259.0
2,False,42.5531914893617,True,False,True,True,0.3009830652571172,669.0,669.0,39980000.0,39.98,1622.0,0.4124537607891492,-0.6670293797606093,-0.18760891080091557,26.422172898701124,3.949502675441124,-0.051063829787234005,-0.10799999999999998,10.213166278978841,26.07927776885324,21.049912883901715,"fund_neg_eps,fund_low_adv20,fund_small_mcap",1,trend_break,True,False,False,False,False,False,False,False,False,6620.T,,669.0,-13.825170489770613,1.0919578,-48.39,612.661,26769332224.0,,1754542800.0,1754974800.0,True,,,False,1754542800.0,2025-08-07,-219.0
5,True,40.10889292196007,False,False,True,True,0.2810885110108533,14730.0,14730.0,3569354350.0,3569.35435,18070.0,0.8151632540121748,-0.31996380309098627,0.29952150154228674,882.5359979888161,5.9914188593945426,-0.15002885170225044,-0.18483674598782518,21.342506542366934,22.34888432085698,25.987713505920762,,3,macd_sell_like;trailing_stop;ext_dev200;di_bear,False,False,True,False,True,True,True,False,False,6622.T,,14730.0,24.89269,2.2575512,591.74,6524.769,347728379904.0,1778481000.0,1785825000.0,1785825000.0,True,,,True,1785825000.0,2026-08-04,39.0
2,False,42.857142857142854,False,False,True,False,0.3662870287310794,322.0,322.0,165484520.0,165.48452,421.73602294921875,0.7635107803887363,-0.46121007208212705,-0.1228276759990169,12.676473972760045,3.9367931592422503,-0.07736389684813749,-0.2240963855421687,30.960003760437516,16.8001855444391,35.01597752054699,fund_low_adv20,2,trend_break;di_bear,True,False,False,False,False,False,True,False,False,6625.T,,322.0,19.754602,1.8784821,16.3,171.415,35602804736.0,,1747031400.0,1747031400.0,True,,,False,1747031400.0,2025-05-12,-282.0
1,False,48.262548262548265,False,False,True,True,0.4719635992275573,2014.0,2014.0,51880370.0,51.88037,2924.887451171875,0.6885735036379188,-0.31997383379552113,-0.13095537600859797,80.64973250059109,4.004455436970758,-0.09888143176733777,-0.26875847919807005,28.284714099679263,12.986890324814132,31.45137117207716,"fund_low_adv20,fund_small_mcap",4,trend_break;macd_sell_like;trailing_stop;di_bear,True,False,True,False,True,False,True,False,False,6626.T,,2014.0,7.2899704,0.8102245,276.27,2485.731,19326285824.0,,1747117800.0,1747117800.0,True,,,False,1747117800.0,2025-05-13,-281.0
2,True,30.174563591022448,False,False,True,True,0.268607299113326,9260.0,9260.0,1566618050.0,1566.61805,12820.0,0.7223088923556942,-0.4461916684661348,0.2680105119362417,772.8952807981078,8.346601304515202,-0.2776911076443058,-0.2776911076443058,20.731910944099624,20.50161772688554,30.632042452679602,,3,macd_sell_like;trailing_stop;ext_dev200;di_bear,False,False,True,False,True,True,True,False,False,6627.T,,9260.0,25.01959,3.816473,370.11,2426.324,84238114816.0,,1754978400.0,1755496800.0,True,,,True,1754978400.0,2025-08-12,-216.0
2,True,31.22529644268775,False,False,True,True,0.525855302131053,940.0,940.0,450538755.0,450.538755,1539.0,0.6107862248213125,-0.3892137751786875,0.15629892740033435,77.41378062474992,8.235508577101056,-0.2829900839054157,-0.3892137751786875,21.377829125932422,22.012915491647718,28.4201954560984,"fund_neg_eps,fund_small_mcap",2,trailing_stop;di_bear,False,False,False,False,True,False,True,False,False,6629.T,,940.0,-20.550940096195887,1.0318785,-45.74,910.96,12668378112.0,,1746774000.0,1746774000.0,True,,,False,1746774000.0,2025-05-09,-283.0
4,False,46.15384615384615,True,False,True,True,0.41024363598931357,723.0,723.0,36045715.0,36.045715,865.9703979492188,0.8349015182415015,-0.2692917534017282,-0.03221658589198628,13.349119718187868,1.8463512749914064,-0.009589041095890427,-0.04238410596026487,10.071140829631457,28.660758717715684,20.990583590951935,"fund_neg_eps,fund_low_adv20",1,trend_break,True,False,False,False,False,False,False,False,False,6630.T,,723.0,-80.33333333333333,1.6405606,-9.0,440.703,39780315136.0,,1749794400.0,1749794400.0,True,,,False,1749794400.0,2025-06-13,-258.0
1,False,55.41069100391134,False,False,True,False,0.17837218239286665,1149.0,1149.0,1662620332.5,1662.6203325,1419.6922607421875,0.8093303258547914,-0.4039530698478948,-0.04034933367047133,52.69845977529382,4.586462991757513,-0.08737092930897539,-0.10791925465838514,17.811377096467986,21.89122339478253,26.544128934327897,,2,trend_break;trailing_stop,True,False,False,False,True,False,False,False,False,6632.T,,1149.0,10.289246,1.1290153,111.67,1017.701,163367174144.0,1777617000.0,1785393000.0,1785393000.0,True,,,True,1785393000.0,2026-07-30,36.0
3,False,34.21052631578948,False,False,True,False,0.4892587636726169,334.0,334.0,9462240.0,9.46224,411.0,0.8126520681265207,-0.22627737226277367,-0.05725635222204373,12.193631553030785,3.650787890128978,-0.10933333333333328,-0.10933333333333328,21.28792815991184,16.967221927377558,21.942824349923136,"fund_low_adv20,fund_small_mcap",4,trend_break;trailing_stop;di_bear;natr_spike,True,False,False,False,True,False,True,False,True,6633.T,,334.0,12.018711,0.9692903,27.79,344.582,3173456640.0,,1754550000.0,1754982000.0,True,,,False,1754550000.0,2025-08-07,-219.0
0,False,10.344827586206904,False,False,True,False,0.34032182172842895,50.0,50.0,67909020.0,67.90902,214.0,0.2336448598130841,-0.7663551401869159,-0.5723754543510797,5.898461852700517,11.796923705401033,-0.4565217391304348,-0.5327102803738317,37.08866033383563,12.686855340544989,38.49329844913099,"fund_neg_eps,fund_low_adv20,fund_small_mcap",5,trend_break;macd_sell_like;trailing_stop;di_bear;natr_spike,True,False,True,False,True,False,True,False,True,6634.T,,50.0,-2.493765586034913,0.7451121,-20.05,67.104,2308322304.0,,1752127200.0,1752472800.0,True,,,False,1752127200.0,2025-07-10,-239.0
3,True,57.50915750915751,False,False,True,False,0.28045240772478713,731.0,731.0,253895370.0,253.89537,1012.0,0.7223320158102767,-0.2911984215777973,0.27399873215058834,57.15674712308423,7.8189804545942865,-0.27766798418972327,-0.27766798418972327,32.17731255308288,41.64820004777161,25.38167400109499,fund_small_mcap,3,macd_sell_like;trailing_stop;ext_dev200;natr_spike,False,False,True,False,True,True,False,False,True,6635.T,,731.0,23.287672,0.6673611,31.39,1095.359,4847712256.0,,1754978400.0,1755496800.0,True,,,False,1754978400.0,2025-08-12,-216.0
2,False,44.65408805031447,True,False,True,False,0.4026513857755284,3320.0,3320.0,185358050.0,185.35805,4900.2392578125,0.6775179384775736,-0.3357467199564753,-0.19045837172612257,136.22273172715745,4.103094329131249,-0.13202614379084965,-0.21327014218009477,32.49398695554813,13.917461373606063,30.43179883944892,fund_low_adv20,3,trend_break;trailing_stop;di_bear,True,False,False,False,True,False,True,False,False,6637.T,,3320.0,10.14856,0.73492473,327.14,4517.469,40718721024.0,,1747291500.0,1747291500.0,True,,,False,1747291500.0,2025-05-15,-279.0
4,False,45.370370370370374,False,False,True,True,0.4042460474804448,1774.0,1774.0,162059755.0,162.059755,2141.0087890625,0.8285813720441545,-0.3242966133352916,0.058567739501588445,60.81269796645765,3.427998757973937,-0.0452099031216362,-0.0452099031216362,27.077513927513714,26.700362027698116,20.093144609749004,fund_low_adv20,2,trend_break;macd_sell_like,True,False,True,False,False,False,False,False,False,6638.T,,1774.0,7.622567,1.28783,232.73,1377.511,51379269632.0,,1754373600.0,1754978400.0,True,,,False,1754373600.0,2025-08-05,-221.0
3,True,29.447852760736197,False,False,True,True,0.37114483285105304,4920.0,4920.0,78463350.0,78.46335,6902.09814453125,0.7128267226826195,-0.2871732773173805,0.038439707814872826,254.06172837021072,5.16385626768721,-0.23720930232558135,-0.27002967359050445,20.725285811182086,17.990510515902038,31.325085224455457,"fund_low_adv20,fund_small_mcap",2,trailing_stop;di_bear,False,False,False,False,True,False,True,False,False,6643.T,,4920.0,8.73161,0.9447541,563.47,5207.704,22811836416.0,,1747029600.0,1747029600.0,True,,,False,1747029600.0,2025-05-12,-282.0
1,False,29.19354838709677,False,True,False,True,0.48398439164265306,1405.0,1405.0,686663035.0,686.663035,2188.0,0.6421389396709324,-0.3578610603290676,-0.015800652536662074,86.61846148874054,6.165015052579398,-0.23265974877116324,-0.3578610603290676,25.549601800329164,15.745315670811685,36.465776388112474,,5,trend_break;macd_sell_like;trailing_stop;di_bear;vol_distribution,True,False,True,False,True,False,True,True,False,6644.T,,1405.0,11.052548,1.0907598,127.12,1288.093,62249807872.0,,1754283600.0,1754629200.0,True,,,True,1754283600.0,2025-08-04,-222.0
4,True,51.516329704510106,False,False,True,False,0.31662984513752834,5487.0,5487.0,10546546715.0,10546.546715,6272.0,0.8748405612244898,-0.48214555449150454,0.2362993730706482,300.4997597587058,5.476576631286783,-0.11954428754813862,-0.12515943877551017,19.849879845524548,22.487000966401975,25.95853193769866,,3,cross_sma25_down;macd_sell_like;trailing_stop;ext_dev200,False,True,True,False,True,True,False,False,False,6645.T,,5487.0,31.619892,1.2907345,173.53,4251.068,1078905470976.0,1778653800.0,1785997800.0,1785997800.0,True,,,True,1785997800.0,2026-08-06,41.0
5,True,61.08007448789572,True,False,True,False,0.2180163065477206,2520.0,2520.0,4692730.0,4.69273,3105.0,0.8115942028985508,-0.226731078904992,0.07321741109997992,62.578722933757014,2.4832826561014687,-0.1331269349845201,-0.18840579710144922,14.90704029395331,30.804393911215243,35.38176403800433,"fund_low_adv20,fund_small_mcap",1,trailing_stop,False,False,False,False,True,False,False,False,False,6647.T,,2520.0,5.1732635,0.5507537,487.12,4575.548,3334968064.0,,1747285200.0,1747285200.0,True,,,False,1747285200.0,2025-05-15,-279.0
1,False,26.890756302521012,False,False,True,True,0.4431844325123368,1600.0,1600.0,172337035.0,172.337035,2634.05712890625,0.6074279796142366,-0.39257202038576344,-0.15433556250570246,92.377735001099,5.773608437568687,-0.21722113502935425,-0.375487900078064,29.33588325117425,14.125859063312351,33.431001644140345,"fund_low_adv20,fund_small_mcap",4,trend_break;macd_sell_like;trailing_stop;di_bear,True,False,True,False,True,False,True,False,False,6648.T,,1600.0,13.056961,3.254341,122.54,491.651,25624848384.0,,1746774000.0,1746774000.0,True,,,False,1746774000.0,2025-05-09,-283.0
4,True,24.260355029585796,False,False,True,True,0.16806947226752175,4345.0,4345.0,450087150.0,450.08715,5020.0,0.8655378486055777,-0.14203803971903695,0.07671600247118726,141.1548127172767,3.248672329511547,-0.1344621513944223,-0.1344621513944223,20.215492809182713,16.381060167307222,31.851884935836626,,3,macd_sell_like;trailing_stop;di_bear,False,False,True,False,True,False,True,False,False,6651.T,,4345.0,14.33804,1.3324035,303.04,3261.024,164836786176.0,,1754289000.0,1754634600.0,True,,,True,1754289000.0,2025-08-04,-222.0
4,True,25.17985611510791,False,False,True,False,0.3181455938799367,3130.0,3130.0,499286600.0,499.2866,3685.0,0.8493894165535957,-0.2547894626611553,0.11029853109232435,110.72376073838745,3.5375003430794716,-0.15061058344640432,-0.15061058344640432,24.567909800402315,20.907977569426308,27.378103413007626,,3,macd_sell_like;trailing_stop;di_bear,False,False,True,False,True,False,True,False,False,6652.T,,3130.0,23.847618,1.3221786,131.25,2367.305,92485148672.0,,1753941600.0,1754287200.0,True,,,True,1753941600.0,2025-07-31,-224.0
4,True,48.95591647331786,False,False,True,True,0.258715689226844,2274.0,2274.0,362562965.0,362.562965,2844.0,0.79957805907173,-0.2214494875549048,0.041311133029544145,136.31642768452417,5.994565861236771,-0.14123867069486407,-0.20042194092827004,14.42454109497514,24.38058544361906,25.578168870168263,,1,trailing_stop,False,False,False,False,True,False,False,False,False,6653.T,,2274.0,15.097597,1.5965154,150.62,1424.352,30756866048.0,,1753684200.0,1754029800.0,True,,,True,1753684200.0,2025-07-28,-227.0
4,False,46.97986577181208,False,False,True,False,0.19807237333744893,1064.0,1064.0,8281840.0,8.28184,1120.0,0.95,-0.0679266114263164,-0.015268299425391985,15.580712316748876,1.4643526613485784,-0.04144144144144146,-0.04144144144144146,18.697093466090607,16.51941613800751,25.165270297038912,"fund_low_adv20,fund_small_mcap",2,trend_break;macd_sell_like,True,False,True,False,False,False,False,False,False,6654.T,,1064.0,24.077847,0.5347244,44.19,1989.81,5523298304.0,,1756711800.0,1757057400.0,True,,,False,1756711800.0,2025-09-01,-202.0
4,True,78.01539777587682,False,False,False,False,0.31527870501717664,1370.0,1370.0,592514630.0,592.51463,1370.0,1.0,-0.42932862190812726,1.0805491434819583,157.74482217267382,11.514220596545535,0.0,0.0,37.70328801538021,36.699506945117626,9.124935077291337,"fund_neg_eps,fund_small_mcap",1,ext_dev200;natr_spike,False,False,False,False,False,True,False,False,True,6656.T,,1370.0,-14.901022405916903,4.694723,-91.94,291.817,5497272832.0,,1749812340.0,1749812340.0,True,,,False,1749812340.0,2025-06-13,-258.0
1,False,35.45454545454547,False,False,True,True,0.5444384473984418,433.0,433.0,97237640.0,97.23764,805.7237548828125,0.537405031657503,-0.462594968342497,-0.3301251995447966,17.1558700868705,3.9620947082841798,-0.1357285429141717,-0.41706387630592734,53.10685340898716,11.958380926857556,44.09913762165037,"fund_low_adv20,fund_small_mcap",3,trend_break;trailing_stop;di_bear,True,False,False,False,True,False,True,False,False,6658.T,,433.0,4.9502687,0.5923376,87.47,731.002,6493204992.0,,1747204200.0,1747204200.0,True,,,False,1747204200.0,2025-05-14,-280.0
2,False,56.17283950617284,False,False,True,False,0.2991344856694505,65.0,65.0,1700210940.0,1700.21094,96.0,0.6770833333333334,-0.8397212543554007,0.2636080870917574,12.29152103801475,18.910032366176537,-0.32291666666666663,-0.32291666666666663,53.09326240599536,34.68869000320854,15.538565103013543,"fund_neg_eps,fund_small_mcap",4,trend_break;macd_sell_like;trailing_stop;ext_dev200;natr_spike,True,False,True,False,True,True,False,False,True,6659.T,,65.0,-3.013444598980065,1.9287833,-21.57,33.7,4905137152.0,,1747290600.0,1747290600.0,True,,,False,1747290600.0,2025-05-15,-279.0
3,False,47.05882352941176,False,True,False,True,0.4545441479808921,217.0,217.0,2353685.0,2.353685,279.0,0.7777777777777778,-0.24014336917562729,-0.09965977927142977,4.014192255839181,1.8498581824143694,-0.013636363636363669,-0.03125,29.23926221388423,24.94650215871074,17.113754511896094,"fund_neg_eps,fund_low_adv20,fund_small_mcap",2,trend_break;vol_distribution,True,False,False,False,False,False,False,True,False,6662.T,,217.0,-9.670231729055258,2.1513267,-22.44,100.868,3209777152.0,,1746774000.0,1746774000.0,True,,,False,1746774000.0,2025-05-09,-283.0
5,True,53.793103448275865,False,False,True,False,0.3763482601108671,324.0,324.0,92845735.0,92.845735,440.0,0.7363636363636363,-0.34318181818181814,0.08498379526354749,26.147896072792904,8.070338294071885,-0.17974683544303793,-0.17974683544303793,24.192586712302774,24.61578221916621,20.794783513927037,"fund_low_adv20,fund_small_mcap",2,macd_sell_like;trailing_stop,False,False,True,False,True,False,False,False,False,6663.T,,324.0,14.185639,0.72289157,22.84,448.2,1939520000.0,,1753682400.0,1754028000.0,True,,,False,1753682400.0,2025-07-28,-227.0
0,False,26.829268292682926,False,True,False,True,0.38263121070053063,247.0,247.0,2757295.0,2.757295,401.0,0.6159600997506235,-0.3865336658354115,-0.17118265859101045,7.895435490203538,3.1965325871269386,-0.10830324909747291,-0.19805194805194803,18.168622973847512,17.548331362529346,27.319264184574738,"fund_neg_eps,fund_low_adv20,fund_small_mcap",2,trend_break;trailing_stop,True,False,False,False,True,False,False,False,False,6664.T,,247.0,-6.752323674138874,0.36875415,-36.58,669.823,3630228480.0,,1750935540.0,1750935540.0,True,,,False,1750935540.0,2025-06-26,-249.0
4,True,56.07217210270645,False,False,True,False,0.43790088687243606,1163.0,1163.0,525857410.0,525.85741,1434.0,0.8110181311018131,-0.3969308825999104,0.9087870595286387,138.49142003794432,11.90811866190407,-0.1889818688981869,-0.1889818688981869,29.938389067384875,23.415693628671995,17.315585341583706,"fund_neg_eps,fund_small_mcap",2,macd_sell_like;trailing_stop;ext_dev200,False,False,True,False,True,True,False,False,False,6666.T,,1163.0,-765.1315789473684,2.087102,-1.52,557.232,9571450880.0,,1746772800.0,1746772800.0,True,,,False,1746772800.0,2025-05-09,-283.0
5,True,47.65861027190332,False,False,True,False,0.5159262937224834,2865.0,2865.0,332541150.0,332.54115,3520.0,0.8139204545454546,-0.4090304613445531,0.6268460163716292,210.2718839768953,7.3393327740626635,-0.18607954545454541,-0.18607954545454541,24.843023071146735,20.11345258151262,19.568405755171167,fund_small_mcap,3,macd_sell_like;trailing_stop;ext_dev200;natr_spike,False,False,True,False,True,True,False,False,True,6668.T,,2865.0,14.943667,1.7490298,191.72,1638.051,24458432512.0,,1752127200.0,1752472800.0,True,,,False,1752127200.0,2025-07-10,-239.0
5,True,35.71428571428572,False,True,False,True,0.4216711780566626,2183.0,2183.0,373154245.0,373.154245,2357.0,0.9261773440814595,-0.1688476053852227,0.2180934020405716,4.616674778269847,0.2114830406903274,-0.0018289894833104503,-0.0586459680896938,12.101802546872678,21.561865394924986,16.074710450802396,,1,ext_dev200;vol_distribution,False,False,False,False,False,True,False,True,False,6670.T,,2183.0,14.2381935,2.0493264,153.32,1065.228,205590396928.0,,1754287200.0,1754632800.0,True,,,True,1754287200.0,2025-08-04,-222.0
5,True,55.054054054054056,False,False,True,False,0.4132306813487214,6412.0,6412.0,6767976720.0,6767.97672,7495.0,0.8555036691127418,-0.24540332470296544,0.41616794657957734,369.16165783926334,5.757355861498181,-0.14449633088725822,-0.14449633088725822,24.755721278877175,26.520612796649495,22.157362911931276,,2,macd_sell_like;trailing_stop;ext_dev200,False,False,True,False,True,True,False,False,False,6674.T,,6412.0,20.417131,1.6298679,314.05,3934.061,643248488448.0,1778653800.0,1785911400.0,1785911400.0,True,,,True,1785911400.0,2026-08-05,40.0
3,False,38.35920177383593,True,False,True,True,0.5357248286277396,1911.0,1911.0,73242195.0,73.242195,2660.08837890625,0.7183971837754304,-0.2917528549278331,-0.022508533125444208,58.9573095015377,3.0851548666424753,-0.11691312384473196,-0.257173664425854,30.558507831991587,17.64809167298668,37.95258323128185,fund_low_adv20,3,trend_break;trailing_stop;di_bear,True,False,False,False,True,False,True,False,False,6675.T,,1911.0,24.195997,1.0992115,78.98,1738.519,33296863232.0,,1753943400.0,1754289000.0,True,,,False,1753943400.0,2025-07-31,-224.0
4,True,66.88102893890675,True,False,True,True,0.4492691639154201,2597.0,2597.0,241898525.0,241.898525,2685.0,0.9672253258845438,-0.16038437129126193,0.1726678316861252,79.24251229186588,3.051309676236653,0.0,-0.032774674115456204,16.364813722377384,32.75076659776554,16.68176498175876,,0,,False,False,False,False,False,False,False,False,False,6676.T,,2597.0,8.120446,1.4831144,319.81,1751.045,61569064960.0,,1754547600.0,1754979600.0,True,,,True,1754547600.0,2025-08-07,-219.0
5,True,45.652173913043484,False,False,True,True,0.2663895319718075,3180.0,3180.0,156993025.0,156.993025,3615.0,0.8796680497925311,-0.2647183931254863,0.0182271014115718,102.3707396677055,3.2192056499278454,-0.06881405563689602,-0.1203319502074689,16.104237509190742,18.652428935830795,28.180033479937745,fund_low_adv20,1,macd_sell_like,False,False,True,False,False,False,False,False,False,6677.T,,3180.0,11.368511,0.92871255,279.72,3424.095,33062164480.0,,1754980200.0,1755498600.0,True,,,False,1754980200.0,2025-08-12,-216.0
2,False,38.28828828828829,False,True,False,True,0.4458226594637761,1982.0,1982.0,39131375.0,39.131375,2562.93701171875,0.7733315297791249,-0.23018006647113343,-0.043739673747871466,71.31908855768957,3.5983394832335804,-0.07856810785681079,-0.17313308302044217,16.691677481104513,19.145969178010933,22.193331906053558,"fund_low_adv20,fund_small_mcap",2,trend_break;vol_distribution,True,False,False,False,False,False,False,True,False,6678.T,,1982.0,12.769795,0.9332672,155.21,2123.722,13212860416.0,,1754373600.0,1754978400.0,True,,,False,1754373600.0,2025-08-05,-221.0
6,True,41.50943396226415,False,True,False,True,0.37409695200961646,642.0,642.0,2168725.0,2.168725,665.0,0.9654135338345865,-0.3784126734375509,0.024578305230430253,7.4758588962307595,1.1644640025281559,-0.016845329249617125,-0.016845329249617125,12.457956436657943,23.188039271648204,23.642982617482467,"fund_neg_eps,fund_low_adv20,fund_small_mcap",2,macd_sell_like;vol_distribution,False,False,True,False,False,False,False,True,False,6694.T,,642.0,-1.609668037308194,0.50404453,-398.84,1273.697,2775383296.0,,1754978400.0,1755496800.0,True,,,False,1754978400.0,2025-08-12,-216.0
5,True,,False,False,True,True,0.4510721467471747,150.0,150.0,0.0,0.0,150.0,1.0,0.0,0.009628497835767025,0.0,0.0,0.0,0.0,,,,"fund_low_adv20,fund_small_mcap",0,,False,False,False,False,False,False,False,False,False,6695.T,,150.0,0.26198035,0.08426753,572.562,1780.045,,,1734073200.0,1734073200.0,True,,,False,1734073200.0,2024-12-13,-388.0
0,False,15.168539325842701,False,False,True,False,0.41084359701960593,249.0,249.0,29043785.0,29.043785,610.0,0.4081967213114754,-0.6081967213114754,-0.3408862300809995,20.389471775621573,8.188542881775732,-0.36641221374045807,-0.4141176470588235,35.99675531949286,11.45679890640782,37.522811225542505,"fund_neg_eps,fund_low_adv20,fund_small_mcap",3,trend_break;trailing_stop;di_bear,True,False,False,False,True,False,True,False,False,6696.T,,249.0,-19.483568075117372,3.902271,-12.78,63.809,1201893120.0,,1757311200.0,1757656800.0,True,,,False,1757311200.0,2025-09-08,-197.0
1,False,51.61290322580645,False,False,True,False,0.41655890270631635,464.0,464.0,94158440.0,94.15844,689.7374267578125,0.6727197655216183,-0.34322833236790284,-0.1791922995241204,17.911662773097778,3.860272149374521,-0.13432835820895528,-0.30045093276570745,30.19944137437677,15.14630514916157,23.9558062310846,"fund_low_adv20,fund_small_mcap",3,trend_break;trailing_stop;di_bear,True,False,False,False,True,False,True,False,False,6699.T,,464.0,4.9304004,0.30052027,94.11,1543.989,5076495872.0,,1754978400.0,1755496800.0,True,,,False,1754978400.0,2025-08-12,-216.0
1,False,43.953732912723446,False,False,True,True,0.49838989654541677,4010.0,4010.0,31372470530.0,31372.47053,6040.50927734375,0.6638513105244919,-0.39529141749110397,-0.1574624531069998,174.01935723430594,4.339634843748278,-0.09562471808750561,-0.13297297297297295,10.321996108871199,18.43223583294544,27.320117109685565,,3,trend_break;macd_sell_like;trailing_stop,True,False,True,False,True,False,False,False,False,6701.T,,4010.0,19.769278,2.4213295,202.84,1656.115,5327278309376.0,1777357800.0,1785306600.0,1785306600.0,True,,,True,1785306600.0,2026-07-29,35.0
3,False,54.01402961808262,False,False,True,True,0.3995624565568822,3362.0,3362.0,31660346710.0,31660.34671,4586.318359375,0.733049853185106,-0.32952757330630544,-0.09988884878166004,155.12875182738068,4.614180601647254,-0.09159686571196979,-0.13417460726242592,12.062194514030653,24.204688308872722,30.163902083488892,,3,trend_break;macd_sell_like;trailing_stop,True,False,True,False,True,False,False,False,False,6702.T,,3362.0,19.485338,2.8802817,172.54,1167.247,5832324415488.0,1777357800.0,1777357800.0,1777357800.0,True,,,True,1777357800.0,2026-04-28,-31.0
4,True,49.31209268645909,False,False,True,False,0.286567618866694,2950.0,2950.0,2535024200.0,2535.0242,3545.0,0.8321579689703809,-0.254901993343696,0.2849098863603534,190.74899107650037,6.466067494118658,-0.16784203102961914,-0.16784203102961914,18.2173494708682,22.887901979925886,29.850895904991525,,2,macd_sell_like;trailing_stop;ext_dev200,False,False,True,False,True,True,False,False,False,6703.T,,2950.0,11.891805,1.4190798,248.07,2078.812,255900860416.0,1778653800.0,1785911400.0,1785911400.0,True,,,True,1785911400.0,2026-08-05,40.0
5,True,37.86407766990291,False,True,False,True,0.4722260428928569,3290.0,3290.0,120896275.0,120.896275,3525.0,0.9333333333333333,-0.1607187836173597,0.2384681423018693,91.64060955296202,2.7854288617921585,-0.06666666666666665,-0.06666666666666665,28.347419761392818,18.01067803009161,26.99529455464935,"fund_low_adv20,fund_small_mcap",3,macd_sell_like;ext_dev200;di_bear;vol_distribution,False,False,True,False,False,True,True,True,False,6706.T,,3290.0,15.359477,0.7806503,214.2,4214.435,28681091072.0,,1754550000.0,1754982000.0,True,,,False,1754550000.0,2025-08-07,-219.0
4,True,28.84615384615384,False,True,False,False,0.5304452250770662,7915.0,7915.0,1551155715.0,1551.155715,9891.0,0.8002224244262461,-0.4458932352613396,0.05932061613245576,498.6899208578101,6.300567540844095,-0.15501227714316212,-0.19977757557375386,16.407857319484393,16.271995285999168,31.962444285665665,fund_neg_eps,3,macd_sell_like;trailing_stop;vol_distribution,False,False,True,False,True,False,False,True,False,6707.T,,7915.0,-16.73184652785118,1.319816,-473.05,5997.048,158227480576.0,1778653800.0,1786602600.0,1786602600.0,True,,,False,1786602600.0,2026-08-13,46.0
3,False,36.513157894736835,False,False,True,True,0.3499478621354071,2640.0,2640.0,85939320.0,85.93932,3026.974609375,0.8721579599060789,-0.1490015605966798,-0.048917364803908625,40.00332795221879,1.5152775739476816,-0.045898084568124276,-0.08333333333333337,17.74278761063676,17.07765860729972,29.554906755988092,fund_low_adv20,2,trend_break;macd_sell_like,True,False,True,False,False,False,False,False,False,6718.T,,2640.0,17.506632,0.6169637,150.8,4279.02,43208437760.0,,1754288400.0,1754634000.0,True,,,False,1754288400.0,2025-08-04,-222.0
0,False,30.95238095238095,False,False,True,False,0.34742656805473837,78.0,78.0,72682065.0,72.682065,156.0,0.5,-0.6092436974789917,-0.2817348865049035,5.388015818409075,6.907712587703942,-0.21212121212121215,-0.3275862068965517,20.167940158653664,22.95655310586455,25.727953727071313,"fund_neg_eps,fund_low_adv20,fund_small_mcap",3,trend_break;trailing_stop;di_bear,True,False,False,False,True,False,True,False,False,6721.T,,78.0,-3.326226012793177,12.164691,-23.45,6.412,4310950912.0,,1754983800.0,1755502200.0,True,,,False,1754983800.0,2025-08-12,-216.0
4,True,59.25008843296781,False,False,True,False,0.48726938222826915,4308.0,4308.0,80334259065.0,80334.259065,4838.0,0.8904505994212485,-0.48129974938332165,0.7615140728870169,298.92634039844484,6.938865840261023,-0.10954940057875151,-0.10954940057875151,35.5649404430833,38.46644850400215,27.488115923684475,fund_neg_eps,2,macd_sell_like;trailing_stop;ext_dev200,False,False,True,False,True,True,False,False,False,6723.T,,4308.0,-150.78753937696885,3.0762289,-28.57,1400.416,7815981694976.0,1777012200.0,1784701800.0,1784701800.0,True,,,False,1784701800.0,2026-07-22,30.0
4,True,65.6783103168156,False,False,True,False,0.44103822046083213,2823.5,2823.5,7036904942.5,7036.9049425,3102.0,0.9102192134107028,-0.36570384797737243,0.38067079822592764,109.73902834014699,3.886631072787214,-0.08978078658929722,-0.08978078658929722,47.3073970662917,32.16106901088442,18.466714994882167,,2,macd_sell_like;trailing_stop;ext_dev200,False,False,True,False,True,True,False,False,False,6724.T,,2823.5,49.665787,1.0600172,56.85,2663.636,904727756800.0,1777617000.0,1777617000.0,1777617000.0,True,,,True,1777617000.0,2026-05-01,-28.0
5,True,57.30337078651685,False,False,True,True,0.32279660146395694,881.0,881.0,590176590.0,590.17659,920.0,0.9576086956521739,-0.24314709215454733,0.12140080729337632,30.553256515681337,3.468020035832161,-0.04239130434782612,-0.04239130434782612,27.38966957658909,31.000506479566315,22.08810582399411,,0,,False,False,False,False,False,False,False,False,False,6727.T,,881.0,12.404957,3.1681302,71.02,278.082,118538665984.0,1778567400.0,1785306600.0,1785306600.0,True,,,True,1785306600.0,2026-07-29,35.0
3,True,34.849416103257525,False,False,True,True,0.34639719912164296,8213.0,8213.0,5623688895.0,5623.688895,11320.0,0.725530035335689,-0.557236031108,0.029038094331206743,443.2748438656397,5.397234188063311,-0.18115653040877366,-0.27446996466431095,17.23761713453148,19.019202535166574,35.69788830900461,,2,macd_sell_like;trailing_stop,False,False,True,False,True,False,False,False,False,6728.T,,8213.0,32.463734,1.7587974,252.99,4669.668,403864354816.0,1786689000.0,1786689000.0,1786689000.0,True,,,True,1786689000.0,2026-08-14,47.0
4,False,60.92592592592593,False,True,False,False,0.4123269533311863,1188.0,1188.0,112459305.0,112.459305,1338.0296630859375,0.8878726927922362,-0.41057728918771264,0.0228195087313936,64.99157612204371,5.47067139074442,-0.04270749395648665,-0.04270749395648665,22.52765545954266,40.37307353553432,17.07636440592219,"fund_low_adv20,fund_small_mcap",2,trend_break;vol_distribution,True,False,False,False,False,False,False,True,False,6730.T,,1188.0,10.462351,0.9407606,113.55,1262.808,12794347520.0,,1754289000.0,1754634600.0,True,,,False,1754289000.0,2025-08-04,-222.0
0,False,25.0,False,False,False,True,0.5050882742590443,122.0,122.0,27643010.0,27.64301,1160.0,0.10517241379310345,-0.8948275862068965,-0.6846934160366996,8.805411705045465,7.2175505779061195,-0.20779220779220775,-0.769811320754717,28.727783564689826,11.238149134612113,32.9030944160955,"fund_neg_eps,fund_low_adv20,fund_small_mcap",3,trend_break;trailing_stop;di_bear,True,False,False,False,True,False,True,False,False,6731.T,,122.0,-1.2643797284692715,24.867508,-96.49,4.906,1965685376.0,,1754982000.0,1755500400.0,True,,,False,1754982000.0,2025-08-12,-216.0
6,True,41.596638655462186,False,False,True,True,0.422525405133248,9030.0,9030.0,322282250.0,322.28225,11930.5556640625,0.7568800862478164,-0.49370807297102004,0.07430660256942367,396.1275660431696,4.386794751308633,-0.06714876033057848,-0.06714876033057848,27.54002508828597,30.14959611780662,18.09717451495857,,0,,False,False,False,False,False,False,False,False,False,6736.T,,9030.0,9.461343,4.0341763,954.41,2238.375,194307915776.0,,1754550000.0,1754982000.0,True,,,True,1754550000.0,2025-08-07,-219.0
5,True,50.59382422802851,False,False,True,False,0.39593701661038333,2539.0,2539.0,761141190.0,761.14119,2653.0,0.9570297776102525,-0.15341718740174604,0.16147868858262693,69.98284919631921,2.756315446881418,-0.04297022238974746,-0.04297022238974746,43.4616198239609,26.330004569619707,18.397763784463773,,1,macd_sell_like,False,False,True,False,False,False,False,False,False,6737.T,,2539.0,14.064923,0.73304915,180.52,3463.615,100376428544.0,,1753772400.0,1754290800.0,True,,,True,1753772400.0,2025-07-29,-226.0
3,True,40.0,False,False,False,True,0.45874420870627186,54.0,54.0,4091951180.0,4091.95118,133.0,0.40601503759398494,-0.5939849624060151,0.360544217687075,7.7235015709543475,14.302780686952495,-0.22857142857142854,-0.5939849624060151,12.677815934451429,24.626250380019076,20.999136024019727,fund_neg_eps,1,trailing_stop;ext_dev200,False,False,False,False,True,True,False,False,False,6740.T,,54.0,-16.875,-45.075127,-3.2,-1.198,209541251072.0,,1754546400.0,1754892000.0,True,,,False,1754546400.0,2025-08-07,-219.0
5,True,44.50867052023122,False,False,True,True,0.45433381454083205,1544.0,1544.0,264219470.0,264.21947,1755.9595947265625,0.8792913029644234,-0.12127818622143438,0.09869742858154074,51.623125115161784,3.343466652536385,-0.04984615384615387,-0.11059907834101379,7.236405729774004,20.47907351942259,22.517880014781248,,1,macd_sell_like,False,False,True,False,False,False,False,False,False,6741.T,,1544.0,8.306434,0.84226835,185.88,1833.145,96300744704.0,,1754287200.0,1754632800.0,True,,,True,1754287200.0,2025-08-04,-222.0
4,True,84.16149068322981,False,False,False,False,0.3480095017920178,956.0,956.0,402949880.0,402.94988,985.0,0.9705583756345177,-0.30733878630338407,0.5501397429130548,42.64103537195296,4.460359348530645,-0.029441624365482255,-0.029441624365482255,23.611992921982598,38.97716521920629,13.154452258130817,,1,rsi_reversal;ext_dev200,False,False,False,True,False,True,False,False,False,6742.T,,956.0,11.750246,1.0599728,81.36,901.91,59006586880.0,,1754546400.0,1754978400.0,True,,,True,1754546400.0,2025-08-07,-219.0
3,True,57.2192513368984,False,False,True,False,0.4084599834832987,839.0,839.0,34463715.0,34.463715,913.9473266601562,0.9179960108488563,-0.21421108549134094,0.17457213007883143,29.577435695769463,3.525320106766325,-0.037844036697247674,-0.037844036697247674,10.211633213927952,20.218406490127595,18.475805005481764,"fund_low_adv20,fund_small_mcap",0,,False,False,False,False,False,False,False,False,False,6743.T,,839.0,7.424122,0.47883344,113.01,1752.175,13322392576.0,,1747292400.0,1747292400.0,True,,,False,1747292400.0,2025-05-15,-279.0
6,True,35.03937007874015,False,False,True,False,0.306254161420133,4290.0,4290.0,631823800.0,631.8238,4940.0,0.868421052631579,-0.1749717121531098,0.07801385300843422,159.9914638494442,3.7294047517352955,-0.13157894736842102,-0.13157894736842102,25.357241126763284,22.593270612111198,24.07232809503354,,3,macd_sell_like;trailing_stop;di_bear,False,False,True,False,True,False,True,False,False,6744.T,,4290.0,18.50973,1.8225784,231.77,2353.808,252521938944.0,1778481000.0,1785997800.0,1785997800.0,True,,,True,1785997800.0,2026-08-06,41.0
4,True,38.61607142857143,False,False,True,False,0.44051557914663697,1960.0,1960.0,837998000.0,837.998,2338.0,0.8383233532934131,-0.18733960650128312,0.19747780238502788,109.26416456790493,5.574702273872701,-0.16167664670658688,-0.16167664670658688,9.819854333586031,26.609690469229207,25.27263339219831,,1,trailing_stop;ext_dev200,False,False,False,False,True,True,False,False,False,6745.T,,1960.0,15.591441,1.9699739,125.71,994.937,146226151424.0,,1754285400.0,1754631000.0,True,,,True,1754285400.0,2025-08-04,-222.0
1,False,30.769230769230774,False,True,False,False,0.5045660185461931,688.0,688.0,24810285.0,24.810285,940.0,0.7319148936170212,-0.2680851063829788,-0.1046336814202039,19.836749243206185,2.883248436512527,-0.0677506775067751,-0.14214463840399005,27.22486662891241,10.21527030690107,33.059335605854336,"fund_low_adv20,fund_small_mcap",4,trend_break;macd_sell_like;di_bear;vol_distribution,True,False,True,False,False,False,True,True,False,6748.T,,688.0,7.236773,0.7521888,95.07,914.664,8864189440.0,,1754550000.0,1754895600.0,True,,,False,1754550000.0,2025-08-07,-219.0
3,False,81.02564102564102,True,False,False,True,0.2460997113147571,1786.0,1786.0,328930160.0,328.93016,1976.443603515625,0.9036432898075761,-0.19805452724243666,0.040476434059253386,35.73538667191661,2.000861515784804,0.0,0.0,19.430046358151003,34.37093621980098,12.348040860155141,,1,trend_break,True,False,False,False,False,False,False,False,False,6750.T,,1786.0,6.89815,1.3253368,258.91,1347.582,143841968128.0,1786602600.0,1786602600.0,1786602600.0,True,,,True,1786602600.0,2026-08-13,46.0
4,True,59.90538143110586,False,False,True,False,0.3280680454722125,3756.0,3756.0,44265118175.0,44265.118175,3924.0,0.9571865443425076,-0.24026638745003293,0.6513560874539062,204.87602219363723,5.454633178744335,-0.042813455657492394,-0.042813455657492394,31.266826989675906,35.488415819444,16.793117357693873,,1,macd_sell_like;ext_dev200,False,False,True,False,False,True,False,False,False,6752.T,,3756.0,46.23907,1.6827263,81.23,2232.092,8769143046144.0,1778567400.0,1785393000.0,1785393000.0,True,,,True,1785393000.0,2026-07-30,36.0
1,False,59.46803131928789,False,False,True,False,0.5234222295762523,636.2000122070312,636.2000122070312,2853282614.147339,2853.282614147339,889.7999877929688,0.7149921565913271,-0.42842699409942075,-0.1331308835908026,26.705301328867215,4.19762666087105,-0.052709893784646966,-0.052709893784646966,29.26384721766385,24.860182878598366,16.017904629554128,,1,trend_break,True,False,False,False,False,False,False,False,False,6753.T,,636.2,8.706719,1.4656386,73.07,434.077,413088907264.0,1778567400.0,1785997800.0,1785997800.0,True,,,True,1785997800.0,2026-08-06,41.0
5,True,35.08936970837253,False,True,False,False,0.40788591745362984,3834.0,3834.0,8677941530.0,8677.94153,4776.0,0.8027638190954773,-0.19723618090452266,0.4645934505081255,267.5762954996955,6.9790374413066125,-0.19723618090452266,-0.19723618090452266,40.77456643617417,19.08350631191847,27.759595520229762,,5,macd_sell_like;trailing_stop;ext_dev200;di_bear;vol_distribution;natr_spike,False,False,True,False,True,True,True,True,True,6754.T,,3834.0,42.044083,3.6974995,91.19,1036.917,490720952320.0,1777271400.0,1777271400.0,1777271400.0,True,,,True,1777271400.0,2026-04-27,-32.0
4,False,48.21428571428571,False,True,False,True,0.5729654369551671,825.0,825.0,3119115.0,3.119115,965.1063842773438,0.8548280411778094,-0.26614327179833486,-0.04782286988275675,12.985824905974246,1.5740393825423329,-0.0119760479041916,-0.03055229142185667,18.589069047010213,13.731678760118246,21.839865272439692,"fund_low_adv20,fund_small_mcap",2,trend_break;vol_distribution,True,False,False,False,False,False,False,True,False,6757.T,,825.0,40.22428,1.7372956,20.51,474.876,4306758144.0,,1741933800.0,1741933800.0,True,,,False,1741933800.0,2025-03-14,-323.0
2,False,39.47696139476962,False,False,True,False,0.4831761810341711,3385.0,3385.0,78352928260.0,78352.92826,4681.6923828125,0.7230291363070037,-0.335069512164342,-0.11731761873621083,120.4300498132182,3.55775627217779,-0.09005376344086025,-0.09005376344086025,14.28717309906867,22.48899275555185,28.16992334723211,,4,trend_break;cross_sma25_down;macd_sell_like;trailing_stop,True,True,True,False,True,False,False,False,False,6758.T,,3385.0,19.742212,2.4630399,171.46,1374.318,19934235066368.0,1785479400.0,1785479400.0,1785479400.0,True,,,True,1785479400.0,2026-07-31,37.0
4,True,60.33982594280978,False,False,True,False,0.5501328603399882,3640.0,3640.0,63487307340.0,63487.30734,4111.0,0.8854293359279981,-0.32162191012522834,0.5367079107265429,239.3178553010718,6.574666354425049,-0.1145706640720019,-0.1145706640720019,50.90676841771344,27.88635357919411,13.810898968132795,,2,macd_sell_like;trailing_stop;ext_dev200,False,False,True,False,True,True,False,False,False,6762.T,,3640.0,35.284992,3.1589131,103.16,1152.295,6909231890432.0,1777357800.0,1777357800.0,1777357800.0,True,,,True,1777357800.0,2026-04-28,-31.0
5,True,57.015306122448976,False,False,True,False,0.07727615706330665,3015.0,3015.0,39496465.0,39.496465,3235.0,0.9319938176197836,-0.3029118886582245,0.1402442077302568,109.73027017497904,3.639478281093832,-0.06800618238021638,-0.06800618238021638,25.451451019285205,26.51808274106559,23.141094818002088,"fund_low_adv20,fund_small_mcap",0,,False,False,False,False,False,False,False,False,False,6763.T,,3015.0,22.133314,0.9723683,136.22,3100.677,27839340544.0,,1754460000.0,1754978400.0,True,,,False,1754460000.0,2025-08-06,-220.0
5,True,50.99457504520795,False,False,True,False,0.3780669971064248,946.0,946.0,1249551415.0,1249.551415,1122.0,0.8431372549019608,-0.3975233654108449,0.4597171184595963,65.32512992931775,6.905404855107585,-0.1568627450980392,-0.1568627450980392,31.569205459746332,25.58321030314035,23.113052246433146,fund_neg_eps,2,macd_sell_like;trailing_stop;ext_dev200,False,False,True,False,True,True,False,False,False,6768.T,,946.0,-54.84057971014493,1.1983042,-17.25,789.449,75279900672.0,,1754287200.0,1754632800.0,True,,,False,1754287200.0,2025-08-04,-222.0
4,True,40.67547723935389,False,False,True,True,0.38137947996192784,1029.0,1029.0,240602090.0,240.60209,1329.0,0.7742663656884876,-0.5475676459455328,0.1534255751889615,93.09620881427342,9.047250613632015,-0.2257336343115124,-0.2257336343115124,28.517690738947685,17.803588349552925,22.733497849862005,"fund_neg_eps,fund_small_mcap",4,macd_sell_like;trailing_stop;di_bear;natr_spike,False,False,True,False,True,False,True,False,True,6769.T,,1029.0,-32.82296650717703,1.2937716,-31.35,795.349,10817221632.0,,1753941600.0,1754287200.0,True,,,False,1753941600.0,2025-07-31,-224.0
5,True,39.681133746678476,False,False,True,True,0.26733113700613415,2035.0,2035.0,4139521225.0,4139.521225,2366.5,0.8599197126558208,-0.175918794757721,0.013404802369975544,93.93993245687689,4.616212897143828,-0.08662477558348292,-0.1400802873441792,20.152251268940375,11.774160058864002,26.33619480997669,,3,macd_sell_like;trailing_stop;di_bear,False,False,True,False,True,False,True,False,False,6770.T,,2035.0,15.105404,0.88721746,134.72,2293.688,397058211840.0,1777530600.0,1785393000.0,1785393000.0,True,,,True,1785393000.0,2026-07-30,36.0
2,False,34.78260869565217,True,False,True,True,0.4239065483924287,618.0,618.0,32569595.0,32.569595,854.0,0.7236533957845434,-0.27634660421545665,-0.055573577117841055,24.915936696542115,4.031704967078012,-0.2137404580152672,-0.27634660421545665,33.06430841480139,15.846437114152714,33.513778975995166,"fund_low_adv20,fund_small_mcap",3,trend_break;trailing_stop;di_bear,True,False,False,False,True,False,True,False,False,6771.T,,618.0,10.529903,0.2771743,58.69,2229.644,3964354560.0,,1754460000.0,1754978400.0,True,,,False,1754460000.0,2025-08-06,-220.0
1,False,43.645083932853716,False,True,False,False,0.3152321486907851,1090.0,1090.0,2755040.0,2.75504,1816.700439453125,0.5999888458925672,-0.4000111541074328,-0.26707405420010466,42.75000875979354,3.922019152274636,-0.13833992094861658,-0.14777169663799838,15.257592384247,27.938690638185403,31.698082365047707,"fund_low_adv20,fund_small_mcap",4,trend_break;macd_sell_like;trailing_stop;vol_distribution,True,False,True,False,True,False,False,True,False,6772.T,,1090.0,259.52383,0.95392627,4.2,1142.646,7369081344.0,,1747029000.0,1747029000.0,True,,,False,1747029000.0,2025-05-12,-282.0
3,False,44.827586206896555,False,True,False,False,0.2922304667105202,121.0,121.0,90866535.0,90.866535,193.0,0.6269430051813472,-0.37305699481865284,-0.06386600131522957,12.353046304978927,10.209129177668535,-0.23417721518987344,-0.2666666666666667,36.031599790694614,35.34558723053579,21.08709896095389,"fund_neg_eps,fund_low_adv20,fund_small_mcap",4,trend_break;macd_sell_like;trailing_stop;vol_distribution,True,False,True,False,True,False,False,True,False,6775.T,,121.0,-8.624376336421953,3.5382185,-14.03,34.198,1691469440.0,,1746774000.0,1746774000.0,True,,,False,1746774000.0,2025-05-09,-283.0
2,False,33.33333333333333,False,False,True,True,0.2992203928925661,251.0,251.0,3704125.0,3.704125,286.0,0.8776223776223776,-0.3357510471401731,-0.046910842531688646,4.777410317166607,1.9033507239707599,-0.08058608058608063,-0.1223776223776224,26.383371957237713,11.312624963965222,31.98148983245294,"fund_low_adv20,fund_small_mcap",4,trend_break;macd_sell_like;trailing_stop;di_bear,True,False,True,False,True,False,True,False,False,6776.T,,251.0,8.462576,0.38776815,29.66,647.294,4270492416.0,,1747292400.0,1747292400.0,True,,,False,1747292400.0,2025-05-15,-279.0
4,True,43.291995490417136,False,False,True,False,0.42436539888609803,23640.0,23640.0,6177366450.0,6177.36645,33000.0,0.7163636363636363,-0.4905949643095866,0.6007489126683572,2674.853121689119,11.314945523219624,-0.2681114551083591,-0.2836363636363637,16.922497895269835,28.596054897182093,26.357343491394897,,2,macd_sell_like;trailing_stop;ext_dev200,False,False,True,False,True,True,False,False,False,6777.T,,23640.0,36.330105,9.988338,650.7,2366.76,278015377408.0,,1746772800.0,1746772800.0,True,,,True,1746772800.0,2025-05-09,-283.0
4,True,60.0,False,True,False,True,0.31469056150441616,631.0,631.0,5502695.0,5.502695,674.0,0.9362017804154302,-0.17655786350148372,0.02192027078457892,10.295152437608554,1.6315614005718786,-0.006299212598425252,-0.027734976887519247,10.246835212947497,24.96711506001106,24.256211726092978,"fund_low_adv20,fund_small_mcap",1,vol_distribution,False,False,False,False,False,False,False,True,False,6778.T,,631.0,30.916218,0.84052193,20.41,750.724,5539883520.0,,1749794400.0,1749794400.0,True,,,False,1749794400.0,2025-06-13,-258.0
4,True,69.85645933014354,False,True,False,False,0.5121280346251015,4270.0,4270.0,9949278560.0,9949.27856,4830.0,0.8840579710144928,-0.5381040597085917,2.1571352732723756,493.7467511884961,11.56315576553855,-0.1159420289855072,-0.1159420289855072,51.01180461778641,29.05073392983605,10.11028412554111,,4,rsi_reversal;trailing_stop;ext_dev200;vol_distribution;natr_spike,False,False,False,True,True,True,False,True,True,6779.T,,4270.0,47.528942,3.0749266,89.84,1388.651,97900724224.0,,1754373600.0,1754978400.0,True,,,True,1754373600.0,2025-08-05,-221.0
4,True,48.901098901098905,False,False,True,True,0.3293669997925938,3160.0,3160.0,225604450.0,225.60445,3430.0,0.9212827988338192,-0.1350649350649351,0.24863423455706335,134.63555738731569,4.2606189046618885,-0.07871720116618075,-0.07871720116618075,20.453949782991906,21.55622370310227,26.219016626751255,,2,macd_sell_like;ext_dev200;di_bear,False,False,True,False,False,True,True,False,False,6785.T,,3160.0,14.401605,1.4492216,219.42,2180.481,45375332352.0,,1754461800.0,1754980200.0,True,,,True,1754461800.0,2025-08-06,-220.0
1,False,50.0,False,False,True,True,0.423421457473174,50.0,50.0,3932660.0,3.93266,138.0,0.36231884057971014,-0.6594202898550725,-0.2024882367014913,1.933918248423754,3.8678364968475076,-0.038461538461538436,-0.1228070175438597,12.133060292278259,12.891227148370014,20.338606499269694,"fund_low_adv20,fund_small_mcap",1,trend_break,True,False,False,False,False,False,False,False,False,6786.T,,50.0,43.10345,1.6210608,1.16,30.844,1266051328.0,,1754978400.0,1755496800.0,True,,,False,1754978400.0,2025-08-12,-216.0
3,True,27.628361858190715,False,False,True,False,0.5148251732568031,30900.0,30900.0,20749668250.0,20749.66825,43450.0,0.7111622554660529,-0.41503838817946315,0.7518691807269287,3230.425022258985,10.454449910223254,-0.28883774453394706,-0.28883774453394706,20.712756763853307,19.959187729980542,26.344132807735082,,3,macd_sell_like;trailing_stop;ext_dev200;di_bear,False,False,True,False,True,True,True,False,False,6787.T,,30900.0,40.763557,5.8197217,758.03,5309.532,793101402112.0,1785997800.0,1785997800.0,1785997800.0,True,,,True,1785997800.0,2026-08-06,41.0
2,False,63.687150837988824,False,False,False,False,0.4504259201997387,4570.0,4570.0,58615475.0,58.615475,5012.7333984375,0.9116782475254912,-0.1970448695207654,-0.006186836183540434,132.38123927440336,2.8967448418906643,-0.017204301075268824,-0.03896631705991482,20.111328772081862,26.845914635414346,11.896609644580945,fund_low_adv20,1,trend_break,True,False,False,False,False,False,False,False,False,6788.T,,4570.0,16.944752,1.4311411,269.7,3193.256,33974247424.0,,1747290600.0,1747377000.0,True,,,False,1747290600.0,2025-05-15,-279.0
5,True,49.831649831649834,False,False,True,False,0.4637655514446882,2811.0,2811.0,692039010.0,692.03901,3460.0,0.8124277456647399,-0.25494727881917356,0.04572133619303376,125.81960030885149,4.475972974345481,-0.06611295681063123,-0.18757225433526015,25.89094266186209,19.435205341540744,29.155430980394254,,1,di_bear,False,False,False,False,False,False,True,False,False,6794.T,,2811.0,12.714279,0.9327755,221.09,3013.587,63157006336.0,,1754460000.0,1754978400.0,True,,,True,1754460000.0,2025-08-06,-220.0
5,False,49.6,True,False,True,True,0.4831100086762193,1161.0,1161.0,8111400.0,8.1114,1271.1915283203125,0.9133163446534969,,-0.030333203966596223,18.29481541129866,1.5757808278465686,-0.036514522821576745,-0.07783955520254171,19.66154262397261,21.60825383296142,21.378448321212183,"fund_low_adv20,fund_small_mcap",1,trend_break,True,False,False,False,False,False,False,False,False,6797.T,,1161.0,8.983982,0.56886727,129.23,2040.898,13647269888.0,,1747118400.0,1747118400.0,True,,,False,1747118400.0,2025-05-13,-281.0
5,True,41.791044776119406,False,False,True,True,0.2919406204387137,3390.0,3390.0,56073900.0,56.0739,3670.0,0.9237057220708447,-0.2669315982755025,0.22767911375895444,112.65205477918732,3.3230694625129003,-0.05307262569832405,-0.07629427792915533,14.172343982008302,17.978292623931125,24.109856620545667,"fund_low_adv20,fund_small_mcap",1,macd_sell_like;ext_dev200,False,False,True,False,False,True,False,False,False,6798.T,,3390.0,387.42856,0.6885846,8.75,4923.142,21453543424.0,,1753763400.0,1754281800.0,True,,,False,1753763400.0,2025-07-29,-226.0
4,True,56.77966101694915,False,False,True,True,0.37614864393453223,5200.0,5200.0,1188253200.0,1188.2532,5570.0,0.933572710951526,-0.43447261413657545,0.9326564704135574,359.9197066684893,6.921532820547871,-0.06642728904847395,-0.06642728904847395,31.595867179534864,25.8113395915641,17.98446811970232,,1,macd_sell_like;ext_dev200,False,False,True,False,False,True,False,False,False,6800.T,,5200.0,31.223732,2.0126605,166.54,2583.645,121214476288.0,,1754461800.0,1754980200.0,True,,,True,1754461800.0,2025-08-06,-220.0
3,False,35.0,True,False,True,True,0.37877136414970275,95.0,95.0,32444975.0,32.444975,132.83477783203125,0.715174155070496,-0.31755254372351127,-0.07052759332522351,3.3324405679269713,3.5078321767652327,-0.07766990291262132,-0.19467787250717683,35.29092195610125,8.902585170540501,22.029377273774934,"fund_low_adv20,fund_small_mcap",2,trend_break;di_bear,True,False,False,False,False,False,True,False,False,6803.T,,95.0,4.7334332,0.6722713,20.07,141.312,2736141312.0,,1754535600.0,1754967600.0,True,,,False,1754535600.0,2025-08-07,-219.0
5,True,68.27133479212253,False,False,True,True,0.22219585596068037,2729.0,2729.0,694136985.0,694.136985,2918.435791015625,0.9350899575728885,-0.14577527877273322,0.08688011642309323,90.17825474774565,3.304443193394857,-0.03466572338167673,-0.04111033028812372,13.43627793503825,23.344275366520346,20.60913617757253,,1,rsi_reversal,False,False,False,True,False,False,False,False,False,6804.T,,2729.0,9.080625,0.8942697,300.53,3051.652,134355959808.0,,1754548800.0,1754980800.0,True,,,True,1754548800.0,2025-08-07,-219.0
4,True,66.43002028397567,False,False,True,False,0.42420456140955143,26725.0,26725.0,5050669700.0,5050.6697,28690.0,0.9315092366678285,-0.22724070604469537,0.3429792549393724,1131.6044588254756,4.234254289337608,-0.06849076333217152,-0.06849076333217152,38.86689679916382,32.19285348761128,18.939803078506635,,1,macd_sell_like;ext_dev200,False,False,True,False,False,True,False,False,False,6806.T,,26725.0,26.948132,2.3129659,991.72,11554.429,874477453312.0,1778481000.0,1785825000.0,1785825000.0,True,,,True,1785825000.0,2026-08-04,39.0
1,False,32.0675105485232,False,False,True,False,0.19533645162402172,2274.0,2274.0,766627905.0,766.627905,2871.9111328125,0.7918072303905317,-0.23066341317114825,-0.07833980087647952,88.10370008183313,3.8743931434403307,-0.12030947775628631,-0.12030947775628631,13.596498260270309,19.675583898759,33.920443000632126,,3,trend_break;macd_sell_like;trailing_stop,True,False,True,False,True,False,False,False,False,6807.T,,2274.0,21.700544,1.0621344,104.79,2140.972,153331843072.0,1777012200.0,1784701800.0,1784701800.0,True,,,True,1784701800.0,2026-07-22,30.0
5,True,56.27906976744186,True,False,True,True,0.45541804062285846,1562.0,1562.0,203429870.0,203.42987,1848.0,0.8452380952380952,-0.17478354978354982,0.025511110645921375,36.49262942154048,2.336275891263795,-0.026791277258567003,-0.15476190476190477,22.23347218680134,21.527093221927917,25.796752613011975,,1,di_bear,False,False,False,False,False,False,True,False,False,6809.T,,1562.0,19.847523,0.92928565,78.7,1680.861,54194995200.0,,1753941600.0,1754287200.0,True,,,True,1753941600.0,2025-07-31,-224.0
3,False,81.67539267015707,False,False,False,True,0.40998986964128875,2125.0,2125.0,601129935.0,601.129935,2477.197265625,0.8578242958232314,-0.24228884552460928,-0.005545022514235276,77.67550330131387,3.6553178024147703,-0.019381633594831582,-0.0449438202247191,23.520756991653993,25.686497219827025,13.436380909421297,,1,trend_break,True,False,False,False,False,False,False,False,False,6810.T,,2125.0,10.521885,0.899736,201.96,2361.804,78330118144.0,1777271400.0,1777271400.0,1777271400.0,True,,,True,1777271400.0,2026-04-27,-32.0
2,False,44.329896907216494,False,False,True,True,0.5351025710940569,5760.0,5760.0,1972841550.0,1972.84155,9844.1494140625,0.5851191157025474,-0.4148808842974526,-0.18150619418206582,280.6300359815873,4.8720492357914456,-0.11111111111111116,-0.2558139534883721,16.10924902635335,21.00483565764972,30.24112684464865,,2,trend_break;trailing_stop,True,False,False,False,True,False,False,False,False,6814.T,,5760.0,10.8822975,2.0377955,529.3,2826.584,182066823168.0,1783665000.0,1783665000.0,1783665000.0,True,,,True,1783665000.0,2026-07-10,22.0
4,True,63.013698630136986,False,False,True,False,0.34963232412488604,1482.0,1482.0,482096155.0,482.096155,1610.0,0.9204968944099379,-0.15294529813332414,0.266573321596171,66.01907740462765,4.454728569812931,-0.07950310559006213,-0.07950310559006213,33.266734967222455,29.983197680200984,18.351897470558782,,0,ext_dev200,False,False,False,False,False,True,False,False,False,6817.T,,1482.0,13.5677,0.7816258,109.23,1896.048,49052499968.0,,1753779600.0,1754298000.0,True,,,True,1753779600.0,2025-07-29,-226.0
1,False,28.94736842105263,False,False,True,False,0.4313733830890137,455.0,455.0,7005280.0,7.00528,496.1111145019531,0.9171332524101488,-0.2257483197701663,-0.03102433654417114,4.99714329069644,1.0982732507025144,-0.04008438818565396,-0.0657084188911704,32.70351078178025,11.131195004367664,27.657548775740104,"fund_low_adv20,fund_small_mcap",2,trend_break;di_bear,True,False,False,False,False,False,True,False,False,6819.T,,455.0,10.090929,1.328564,45.09,342.475,8419244544.0,,1747206000.0,1747206000.0,True,,,False,1747206000.0,2025-05-14,-280.0
6,True,48.820754716981135,False,False,True,True,0.2747663038979725,3010.0,3010.0,43187880.0,43.18788,3255.0,0.9247311827956989,-0.16651165384255173,0.018414998613847544,73.99688661586303,2.458368326108406,-0.042925278219395846,-0.07526881720430112,16.343932491461775,19.977251763907518,25.020610603710992,fund_low_adv20,0,,False,False,False,False,False,False,False,False,False,6820.T,,3010.0,16.207193,0.591056,185.72,5092.58,43200274432.0,,1754978400.0,1755496800.0,True,,,False,1754978400.0,2025-08-12,-216.0
4,True,25.531914893617028,False,False,True,False,0.3983720207312998,5360.0,5360.0,78423000.0,78.423,6240.0,0.8589743589743589,-0.23851199310524296,0.21070975809509696,235.39627991452127,4.391721640196292,-0.14102564102564108,-0.14102564102564108,18.350279949813334,21.017593669280522,23.620401430017882,"fund_low_adv20,fund_small_mcap",2,macd_sell_like;trailing_stop;ext_dev200,False,False,True,False,True,True,False,False,False,6822.T,,5360.0,5.191233,0.795866,1032.51,6734.802,7169889792.0,,1747117800.0,1747117800.0,True,,,False,1747117800.0,2025-05-13,-281.0
5,True,52.08333333333334,False,False,True,False,0.48439741180412066,3600.0,3600.0,297501125.0,297.501125,3870.0,0.9302325581395349,-0.23404431736883702,0.2804420392692131,150.2320748042402,4.173113189006672,-0.06976744186046513,-0.06976744186046513,35.537705009229406,27.730040964666447,19.412171524107134,,1,macd_sell_like;ext_dev200,False,False,True,False,False,True,False,False,False,6823.T,,3600.0,13.25625,1.2754325,271.57,2822.572,44389146624.0,,1753682400.0,1754028000.0,True,,,True,1753682400.0,2025-07-28,-227.0
4,True,56.18811881188118,True,False,True,False,0.36234761682292344,4660.0,4660.0,69628250.0,69.62825,5910.0,0.7884940778341794,-0.2893401015228426,0.09423576160904434,287.5084916609799,6.169710121480256,-0.14338235294117652,-0.21150592216582065,17.28573070991022,17.532249561162832,19.004810240811036,fund_low_adv20,1,trailing_stop,False,False,False,False,True,False,False,False,False,6824.T,,4660.0,10.966513,1.0631015,424.93,4383.401,56707543040.0,,1747292400.0,1747292400.0,True,,,False,1747292400.0,2025-05-15,-279.0
1,False,32.9159212880143,False,True,False,True,0.22719744775543088,2392.0,2392.0,106949580.0,106.94958,3090.0,0.7741100323624596,-0.39127532722502456,-0.016549424350218445,169.4340990446238,7.083365344674908,-0.19839142091152817,-0.22588996763754043,21.577167023218664,16.86054080083441,30.46239395615163,"fund_low_adv20,fund_small_mcap",5,trend_break;macd_sell_like;trailing_stop;di_bear;vol_distribution,True,False,True,False,True,False,True,True,False,6832.T,,2392.0,386.42972,0.6194584,6.19,3861.438,26787856384.0,,1753934400.0,1754280000.0,True,,,False,1753934400.0,2025-07-31,-224.0
3,True,49.402023919043245,False,False,True,False,0.38508170611207737,24930.0,24930.0,9645120200.0,9645.1202,35400.0,0.7042372881355933,-0.2957627118644067,0.4518456029925486,2814.570022269227,11.289891786077927,-0.2699853587115666,-0.2957627118644067,15.123006331220267,20.341949824938318,25.18250559119336,,2,macd_sell_like;trailing_stop;ext_dev200,False,False,True,False,True,True,False,False,False,6834.T,,24930.0,35.771683,6.5854278,696.92,3785.631,222856019968.0,,1747206000.0,1747206000.0,True,,,True,1747206000.0,2025-05-14,-280.0
3,True,33.82352941176471,False,False,True,False,0.4584737817711315,253.0,253.0,159613150.0,159.61315,376.0,0.6728723404255319,-0.4330986274957145,0.016484264630890255,12.208834100558724,4.825626126703052,-0.15946843853820603,-0.15946843853820603,15.753608037933752,14.682391474208512,27.094721604535405,"fund_low_adv20,fund_small_mcap",2,macd_sell_like;trailing_stop,False,False,True,False,True,False,False,False,False,6835.T,,253.0,9.186637,1.2356774,27.54,204.746,26315079680.0,,1754978400.0,1755496800.0,True,,,False,1754978400.0,2025-08-12,-216.0
0,False,20.51282051282051,False,True,False,True,0.20341017628205466,710.0,710.0,23680085.0,23.680085,1860.0,0.3817204301075269,-0.6182795698924731,-0.2989904475106756,47.97693132303914,6.757314270850583,-0.2231947483588621,-0.34922089825847846,16.796515118885345,16.661273145242024,28.053614918301168,"fund_low_adv20,fund_small_mcap",4,trend_break;macd_sell_like;trailing_stop;vol_distribution,True,False,True,False,True,False,False,True,False,6836.T,,710.0,148.22546,7.5721216,4.79,93.765,3369596160.0,,1746774000.0,1746774000.0,True,,,False,1746774000.0,2025-05-09,-283.0
3,False,70.51282051282051,False,False,True,False,0.42639464263846394,362.0,362.0,103204015.0,103.204015,404.03387451171875,0.8959644793087774,-0.3041362504684887,0.13436140244885397,21.750745739012718,6.008493298069811,-0.0670103092783505,-0.0670103092783505,41.29589262139177,28.384716135593568,15.192193598449563,"fund_low_adv20,fund_small_mcap",2,trend_break;natr_spike,True,False,False,False,False,False,False,False,True,6837.T,,362.0,11.63239,0.53456986,31.12,677.18,5219936256.0,,1746010740.0,1746010740.0,True,,,False,1746010740.0,2025-04-30,-290.0
3,True,45.84192439862544,False,False,False,True,0.49478919272919986,1836.0,1836.0,1014961335.0,1014.961335,2446.0,0.7506132461161079,-0.2780107849011384,0.7335647717969362,206.09842997022682,11.225404682474228,-0.2493867538838921,-0.2493867538838921,40.1779161160785,21.878117366237472,23.432248165082147,fund_small_mcap,4,cross_sma25_down;macd_sell_like;trailing_stop;ext_dev200;di_bear,False,True,True,False,True,True,True,False,False,6838.T,,1836.0,45.055214,1.907574,40.75,962.479,12527748096.0,,1749798000.0,1749798000.0,True,,,False,1749798000.0,2025-06-13,-258.0
3,True,44.761106454316845,False,False,True,False,0.3553042586425802,830.0,830.0,995770265.0,995.770265,1405.0,0.5907473309608541,-0.4092526690391459,0.7113578490499901,110.84671314711929,13.355025680375817,-0.4092526690391459,-0.4092526690391459,33.21771249449867,23.618875085793775,25.37529472610569,fund_small_mcap,4,macd_sell_like;trailing_stop;ext_dev200;di_bear;natr_spike,False,False,True,False,True,True,True,False,True,6840.T,,830.0,8.635938,1.727051,96.11,480.588,7623201280.0,,1747206000.0,1747206000.0,True,,,False,1747206000.0,2025-05-14,-280.0
2,False,49.519230769230774,False,False,True,True,0.2290101890256703,4757.0,4757.0,7320680690.0,7320.68069,6188.3056640625,0.7687079886220624,-0.24050293325127337,-0.029698058614982314,200.82326702422,4.221636893508935,-0.1108411214953271,-0.17038716428322287,12.13898515452997,22.17490424121523,30.343738046567786,,3,trend_break;macd_sell_like;trailing_stop,True,False,True,False,True,False,False,False,False,6841.T,,4757.0,20.847578,2.3298116,228.18,2041.796,1201014308864.0,1778135400.0,1785825000.0,1785825000.0,True,,,True,1785825000.0,2026-08-04,39.0
2,False,50.0,False,False,True,False,0.4685376429442798,3100.0,3100.0,442754225.0,442.754225,4039.6875,0.7673860911270983,-0.3324284111766733,-0.05344292721248056,168.5499897192219,5.4370964425555455,-0.14835164835164838,-0.14835164835164838,14.871888074827027,22.678204677452054,31.392740965139176,,3,trend_break;macd_sell_like;trailing_stop,True,False,True,False,True,False,False,False,False,6844.T,,3100.0,5.647659,0.43496463,548.9,7127.016,31561035776.0,,1754289000.0,1754634600.0,True,,,True,1754289000.0,2025-08-04,-222.0
5,True,43.55400696864111,False,False,True,False,0.3477453576269127,1528.5,1528.5,2979970155.0,2979.970155,1676.0,0.9119928400954654,-0.17602623123693217,0.0725058037177706,42.89392032946693,2.806275454986387,-0.08800715990453456,-0.08800715990453456,29.516438375289717,27.04316625534976,28.931416757868483,,4,cross_sma25_down;macd_sell_like;trailing_stop;di_bear,False,True,True,False,True,False,True,False,False,6845.T,,1528.5,18.290056,3.0700476,83.57,497.875,770109014016.0,1778653800.0,1785911400.0,1785911400.0,True,,,True,1785911400.0,2026-08-05,40.0
5,True,44.64285714285714,False,True,False,False,0.30805901552472215,850.0,850.0,3994390.0,3.99439,984.5797729492188,0.8633124743705659,-0.1437971577713093,0.006333272212591279,15.654704313650235,1.8417299192529688,-0.026345933562428425,-0.059306374897454384,18.365331701279977,18.243651517043862,16.403258384674338,"fund_low_adv20,fund_small_mcap",1,vol_distribution,False,False,False,False,False,False,False,True,False,6848.T,,850.0,17.697273,0.7229016,48.03,1175.817,16577745920.0,,1754546400.0,1754978400.0,True,,,False,1754546400.0,2025-08-07,-219.0
0,False,32.01438848920863,False,False,True,False,0.4130105679358387,1394.0,1394.0,1029812125.0,1029.812125,1839.051025390625,0.7579996317415426,-0.3352848261314447,-0.13454062360100405,34.73694979836821,2.4918902294381784,-0.0777373470062851,-0.10812539987204095,23.935067478678,12.603146041708863,27.343128520673364,,2,trend_break;di_bear,True,False,False,False,False,False,True,False,False,6849.T,,1394.0,15.608555,1.2516532,89.31,1113.727,223001640960.0,1785997800.0,1785997800.0,1785997800.0,True,,,True,1785997800.0,2026-08-06,41.0
4,True,56.57439446366782,False,False,True,False,0.26706777432443607,1625.0,1625.0,95873280.0,95.87328,1825.9146728515625,0.8899649168502543,-0.20891511926178374,0.13488087987382813,57.66573184743221,3.548660421380444,-0.0644789867587795,-0.0644789867587795,16.91879738370814,27.32983125772076,20.994177505528423,"fund_low_adv20,fund_small_mcap",0,,False,False,False,False,False,False,False,False,False,6850.T,,1625.0,13.494436,1.1682235,120.42,1391.001,27061114880.0,,1754546400.0,1754978400.0,True,,,False,1754546400.0,2025-08-07,-219.0
6,True,49.69135802469136,False,False,True,False,0.4504595657082197,840.0,840.0,128412190.0,128.41219,949.0,0.8851422550052687,-0.19532163742690056,0.14364306079528344,41.200644105777286,4.904838584021105,-0.11485774499473134,-0.11485774499473134,35.21504147693204,34.20549086553277,27.251199038739028,"fund_low_adv20,fund_small_mcap",3,macd_sell_like;trailing_stop;natr_spike,False,False,True,False,True,False,False,False,True,6853.T,,840.0,21.379486,1.1600302,39.29,724.119,21127626752.0,,1754287200.0,1754632800.0,True,,,False,1754287200.0,2025-08-04,-222.0
4,True,46.62162162162162,False,False,True,True,0.41210726595016584,6950.0,6950.0,6868535000.0,6868.535,9904.76171875,0.7016827054853273,-0.47399037473689853,0.3710966456906506,604.6546626063447,8.700067087861074,-0.1833137485311398,-0.1833137485311398,18.025593939281563,25.734820482355087,22.53773835026313,,2,macd_sell_like;trailing_stop;ext_dev200,False,False,True,False,True,True,False,False,False,6855.T,,6950.0,16.31379,2.2683709,426.02,3063.873,101799960576.0,,1754375400.0,1754980200.0,True,,,True,1754375400.0,2025-08-05,-221.0
5,True,48.94971355824316,False,False,True,True,0.38619830797550264,24740.0,24740.0,5323895750.0,5323.89575,26610.0,0.9297256670424653,-0.25902013820702796,0.4499153929667301,977.889787202078,3.9526668844061357,-0.07027433295753471,-0.07027433295753471,34.42642774041194,25.306628166604117,24.202238617165424,,1,macd_sell_like;ext_dev200,False,False,True,False,False,True,False,False,False,6856.T,,24740.0,28.152666,3.0147736,878.78,8206.255,1039188033536.0,1778740200.0,1785997800.0,1785997800.0,True,,,True,1785997800.0,2026-08-06,41.0
5,True,44.11076443057723,False,False,True,True,0.3689169629710114,25235.0,25235.0,229212577025.0,229212.577025,31500.0,0.8011111111111111,-0.31505362419716587,0.18397064195008217,1449.6434772752025,5.7445749049938675,-0.11811986720251622,-0.1988888888888889,12.685078321904827,24.628841960042305,28.040786192910065,,2,macd_sell_like;trailing_stop;ext_dev200,False,False,True,False,True,True,False,False,False,6857.T,,25235.0,49.148876,23.008408,513.44,1096.773,18305117061120.0,1777271400.0,1785220200.0,1785220200.0,True,,,True,1785220200.0,2026-07-28,34.0
4,True,85.77586206896552,True,True,False,True,0.5097482851625919,946.0,946.0,80978730.0,80.97873,946.0,1.0,-0.19255319148936167,0.3509638059780016,33.8221733469595,3.5752825948160147,0.0,0.0,16.0843274707695,47.381936875286364,12.450098708660166,"fund_low_adv20,fund_small_mcap",1,rsi_reversal;ext_dev200,False,False,False,True,False,True,False,False,False,6858.T,,946.0,25.226667,0.5987596,37.5,1579.933,9862166528.0,,1747285200.0,1747285200.0,True,,,False,1747285200.0,2025-05-15,-279.0
4,True,76.86567164179104,False,False,True,False,0.39128937633377514,4090.0,4090.0,586667125.0,586.667125,4190.0,0.9761336515513126,-0.2306717729629021,0.20771471475619951,164.91085647702442,4.032050280611845,-0.023866348448687402,-0.023866348448687402,42.316891840442835,33.39138212670142,8.60974206138313,,0,ext_dev200,False,False,False,False,False,True,False,False,False,6859.T,,4090.0,15.135816,1.4298099,270.22,2860.52,88242315264.0,,1754463600.0,1754982000.0,True,,,True,1754463600.0,2025-08-06,-220.0
4,True,41.358811040339695,False,False,True,True,0.35109290046005603,72890.0,72890.0,53629533650.0,53629.53365,84170.0,0.8659855055245337,-0.28530778825019865,0.20516288586141895,2870.502124386004,3.938128857711626,-0.09599404688081359,-0.13401449447546632,23.29766535358733,23.668074913928546,31.792826009465674,,3,macd_sell_like;trailing_stop;ext_dev200;di_bear,False,False,True,False,True,True,True,False,False,6861.T,,72890.0,39.628345,5.092265,1839.34,14313.865,17677657571328.0,1777012200.0,1777012200.0,1777012200.0,True,,,True,1777012200.0,2026-04-24,-33.0
2,True,30.703986429177263,False,False,True,True,0.29733846066969266,1962.0,1962.0,1427698320.0,1427.69832,3885.0,0.505019305019305,-0.49498069498069497,0.19529917657743834,219.53108955983453,11.189148295608284,-0.3405042016806723,-0.49498069498069497,15.507036117889193,22.422793565128682,28.88356754858136,fund_small_mcap,2,macd_sell_like;trailing_stop;ext_dev200,False,False,True,False,True,True,False,False,False,6862.T,,1962.0,6.9284554,1.8067313,283.18,1085.939,14597888000.0,,1747031400.0,1747031400.0,True,,,False,1747031400.0,2025-05-12,-282.0
4,True,59.5959595959596,False,False,False,False,0.44166906517599575,2583.0,2583.0,72616020.0,72.61602,2721.0,0.9492833517089305,-0.13655834988499183,0.264576446935638,102.63144168083811,3.9733426899279176,-0.05071664829106948,-0.05071664829106948,35.06389252075889,29.81931297752796,20.02259540495039,"fund_low_adv20,fund_small_mcap",1,macd_sell_like;ext_dev200,False,False,True,False,False,True,False,False,False,6863.T,,2583.0,13.315806,1.08342,193.98,2384.117,18488176640.0,,1747204200.0,1747204200.0,True,,,False,1747204200.0,2025-05-14,-280.0
3,True,58.730158730158735,False,False,True,False,0.45075676022307587,1891.0,1891.0,459607205.0,459.607205,2457.0,0.7696377696377696,-0.3902330476551471,0.4221756653246935,182.6856649482766,9.660796665694162,-0.23036223036223036,-0.23036223036223036,35.350698676812414,32.16926513881811,21.837062572878093,fund_small_mcap,3,macd_sell_like;trailing_stop;ext_dev200;natr_spike,False,False,True,False,True,True,False,False,True,6864.T,,1891.0,20.514212,1.0182986,92.18,1857.019,13272501248.0,,1747281000.0,1747281000.0,True,,,False,1747281000.0,2025-05-15,-279.0
5,True,54.33070866141731,False,False,True,False,0.5417540079924619,12490.0,12490.0,981315850.0,981.31585,13270.0,0.9412207987942728,-0.37554300169623833,0.6921727559689477,648.3622465612128,5.191050813140214,-0.058779201205727216,-0.058779201205727216,42.9957788373334,25.629550043586626,13.798064684634031,,2,macd_sell_like;ext_dev200;natr_spike,False,False,True,False,False,True,False,False,True,6866.T,,12490.0,31.02643,3.862887,402.56,3233.333,167434092544.0,,1752472800.0,1752818400.0,True,,,True,1752472800.0,2025-07-14,-237.0
2,False,49.01960784313726,False,False,True,True,0.1537738502312799,411.0,411.0,1532800.0,1.5328,627.6887817382812,0.6547830898965612,-0.3579620797364619,-0.10921542919839344,8.034667545868984,1.9549069454669061,-0.0374707259953162,-0.04195804195804198,12.240834154686555,23.207434756130112,24.59853488625644,"fund_low_adv20,fund_small_mcap",2,trend_break;macd_sell_like,True,False,True,False,False,False,False,False,False,6867.T,,411.0,20.91603,0.5116873,19.65,803.225,1761435392.0,,1747296900.0,1747296900.0,True,,,False,1747296900.0,2025-05-15,-279.0
0,False,65.46052631578948,False,False,True,True,0.35910356556703754,1467.0,1467.0,9689238800.0,9689.2388,2492.663330078125,0.5885271317222055,-0.5516901462169781,-0.0572428807812595,47.243335365269196,3.22040459204289,-0.019712662880053466,-0.019712662880053466,16.432928733314718,32.08991407101879,20.6415633939773,,1,trend_break,True,False,False,False,False,False,False,False,False,6869.T,,1467.0,25.763962,1.8053828,56.94,812.57,902655574016.0,1778740200.0,1785911400.0,1785911400.0,True,,,True,1785911400.0,2026-08-05,40.0
4,True,55.850422195416165,False,False,True,True,0.18095267548302613,2340.0,2340.0,12100650.0,12.10065,2596.0,0.901386748844376,-0.15254237288135597,0.23436520078667566,86.57564388800192,3.699813841367604,-0.06212424849699394,-0.09861325115562403,30.870900072599046,30.68778342579488,19.337385307484162,"fund_low_adv20,fund_small_mcap",1,macd_sell_like;ext_dev200,False,False,True,False,False,True,False,False,False,6870.T,,2340.0,10.525843,0.87104607,222.31,2686.425,13121439744.0,,1753682400.0,1754028000.0,True,,,False,1753682400.0,2025-07-28,-227.0
3,True,29.64824120603015,False,False,True,False,0.4061786481967552,12610.0,12610.0,18248689400.0,18248.6894,16570.0,0.7610138805069403,-0.5132102478053084,0.4010197616886557,1057.8861043893605,8.389263317917212,-0.2389861194930597,-0.2389861194930597,19.141479869618657,23.434480985258023,29.154487962255583,,2,macd_sell_like;trailing_stop;ext_dev200,False,False,True,False,True,True,False,False,False,6871.T,,12610.0,40.478943,6.6069717,311.52,1908.59,488816902144.0,1786516200.0,1786516200.0,1786516200.0,True,,,True,1786516200.0,2026-08-12,45.0
3,False,38.2830626450116,False,False,False,True,0.4334943318450673,2580.0,2580.0,11685385.0,11.685385,2930.0,0.8805460750853242,-0.12525597269624578,-0.02181021980834308,63.26816095268786,2.4522543004917776,-0.0759312320916905,-0.08737177219667491,31.924883496920586,9.116140850525099,37.60078632628349,"fund_low_adv20,fund_small_mcap",2,trend_break;di_bear,True,False,False,False,False,False,True,False,False,6874.T,,2580.0,9.556263,0.95222664,269.98,2709.439,20810213376.0,,1746770400.0,1746770400.0,True,,,False,1746770400.0,2025-05-09,-283.0
5,True,43.24324324324324,False,False,False,False,0.42699890101370225,10610.0,10610.0,2006668750.0,2006.66875,13110.0,0.8093058733790999,-0.2420534223586156,0.2755098641604137,682.9149720044625,6.436521885056197,-0.19069412662090013,-0.19069412662090013,30.123606933073553,26.78495899860001,30.241701214538214,,4,macd_sell_like;trailing_stop;ext_dev200;di_bear;natr_spike,False,False,True,False,True,True,True,False,True,6875.T,,10610.0,18.346561,0.8805936,578.31,12048.69,156052520960.0,1778740200.0,1785997800.0,1785997800.0,True,,,True,1785997800.0,2026-08-06,41.0
4,True,29.23076923076924,False,False,True,True,0.47748276162374925,5780.0,5780.0,370758050.0,370.75805,6680.0,0.8652694610778443,-0.22580639286550885,0.24225535096078143,251.25974206780637,4.347054361034712,-0.10802469135802473,-0.1347305389221557,17.826026182781384,22.632181093363563,27.215941039239656,,2,macd_sell_like;trailing_stop;ext_dev200,False,False,True,False,True,True,False,False,False,6877.T,,5780.0,13.077515,1.1209434,441.98,5156.371,83312992256.0,,1754380800.0,1754380800.0,True,,,True,1754380800.0,2025-08-05,-221.0
4,True,44.98432601880877,False,False,True,False,0.3634525349244687,1286.0,1286.0,240626465.0,240.626465,1508.0,0.8527851458885941,-0.23981856155719206,0.3145317979416282,72.35596406044198,5.626435774528924,-0.1472148541114059,-0.1472148541114059,30.279065468729545,26.13362031080284,26.52219471306448,fund_small_mcap,3,macd_sell_like;trailing_stop;ext_dev200;di_bear,False,False,True,False,True,True,True,False,False,6882.T,,1286.0,44.965034,0.6867593,28.6,1872.563,17117275136.0,,1746772200.0,1746772200.0,True,,,False,1746772200.0,2025-05-09,-283.0
1,False,32.69230769230769,False,True,False,True,0.3566498955540762,512.0,512.0,7619260.0,7.61926,579.6649780273438,0.8832688180375943,-0.11673118196240573,-0.06203055728575091,7.220574372819281,1.410268432191266,-0.048327137546468446,-0.09700176366843039,25.96640808610728,10.804759538502093,32.82186039546527,"fund_low_adv20,fund_small_mcap",4,trend_break;macd_sell_like;di_bear;vol_distribution,True,False,True,False,False,False,True,True,False,6888.T,,512.0,14.422535,1.5122918,35.5,338.559,5093405184.0,,1745989200.0,1745989200.0,True,,,False,1745989200.0,2025-04-30,-290.0
5,True,40.74889867841409,False,False,True,False,0.23843018079678152,7880.0,7880.0,9823664100.0,9823.6641,9800.0,0.8040816326530612,-0.1959183673469388,0.3900034670716921,610.4247821773224,7.746507388037087,-0.1959183673469388,-0.1959183673469388,20.430319968341216,23.192396719540724,25.247504566235037,,3,macd_sell_like;trailing_stop;ext_dev200;di_bear,False,False,True,False,True,True,True,False,False,6890.T,,7880.0,28.527985,1.4212174,276.22,5544.542,369085972480.0,1786689000.0,1786689000.0,1786689000.0,True,,,True,1786689000.0,2026-08-14,47.0
5,True,31.924882629107984,False,False,True,True,0.3744077800217164,2095.0,2095.0,2879650.0,2.87965,2377.6943359375,0.8811056864354953,-0.1264646726842369,0.017899754405759527,25.84262242407845,1.2335380632018353,-0.06888888888888889,-0.06888888888888889,18.568944373894936,22.384235928745213,34.10628143894425,"fund_low_adv20,fund_small_mcap",0,,False,False,False,False,False,False,False,False,False,6894.T,,2095.0,10.031603,0.7150912,208.84,2929.696,2866085632.0,,1747204200.0,1747204200.0,True,,,False,1747204200.0,2025-05-14,-280.0
3,False,55.99999999999999,False,False,True,True,0.4049031641137542,397.0,397.0,3889270.0,3.88927,436.4836120605469,0.9095415933850229,-0.1987526105608437,-0.014785304955261203,3.8505913067461828,0.9699222435128925,-0.002512562814070307,-0.026960784313725505,32.35008429762123,20.61858580819083,8.649168326094117,"fund_neg_eps,fund_low_adv20,fund_small_mcap",1,trend_break,True,False,False,False,False,False,False,False,False,6897.T,,397.0,-3.4736197392597776,0.50809234,-114.29,781.354,4234223360.0,,1744610400.0,1744610400.0,True,,,False,1744610400.0,2025-04-14,-302.0
6,True,67.0520231213873,True,False,True,True,0.3287270140445242,3855.0,3855.0,10621325.0,10.621325,4500.0,0.8566666666666667,-0.2088888888888889,0.10365322099260066,112.78939303638273,2.925794890697347,-0.0012953367875647714,-0.1433333333333333,17.61328858448099,35.66351173156001,20.366985519238675,"fund_low_adv20,fund_small_mcap",0,,False,False,False,False,False,False,False,False,False,6898.T,,3855.0,25.420378,0.79123586,151.65,4872.125,3149118720.0,,1749553140.0,1749553140.0,True,,,False,1749553140.0,2025-06-10,-261.0
3,False,49.134948096885815,False,False,True,False,0.5744332102930128,2205.0,2205.0,23172855.0,23.172855,2703.542724609375,0.8155965059951448,-0.4449976143969898,-0.025702507405031216,52.75426815029134,2.3924838163397433,-0.03289473684210531,-0.09557013945857262,22.40810796167365,19.478840277142055,25.483699007535233,"fund_low_adv20,fund_small_mcap",2,trend_break;di_bear,True,False,False,False,False,False,True,False,False,6899.T,,2205.0,9.668084,0.2758037,228.07,7994.817,6892016128.0,,1747206000.0,1747206000.0,True,,,False,1747206000.0,2025-05-14,-280.0
1,False,55.2,False,False,True,False,0.4177677495374511,1882.5,1882.5,15316632180.0,15316.63218,2273.523193359375,0.8280100266839169,-0.25150323317169476,-0.07927379246422406,51.53585343657516,2.737628336604258,-0.031635802469135776,-0.04301387481692831,9.361308941583072,23.946341107361633,25.417857932655814,,1,trend_break,True,False,False,False,False,False,False,False,False,6902.T,,1882.5,11.545538,0.92260414,163.05,2040.42,5067574870016.0,1777357800.0,1777357800.0,1777357800.0,True,,,True,1777357800.0,2026-04-28,-31.0
3,False,27.77777777777777,True,False,True,True,0.39240645105062916,445.0,445.0,3428945.0,3.428945,504.0,0.8829365079365079,-0.28791666043621766,-0.04143407923987874,3.5496321492091583,0.7976701458896985,-0.03470715835141003,-0.08674042007375338,36.61601163463095,10.35336400137172,25.339422903391306,"fund_low_adv20,fund_small_mcap",2,trend_break;di_bear,True,False,False,False,False,False,True,False,False,6904.T,,445.0,21.696733,0.6866013,20.51,648.12,9412610048.0,,1754548200.0,1754980200.0,True,,,False,1754548200.0,2025-08-07,-219.0
4,True,53.34728033472803,False,False,True,False,0.3517970802436417,1396.0,1396.0,291765075.0,291.765075,1565.0,0.8920127795527156,-0.2046852063916217,0.16558962560907853,59.11524373720268,4.234616313553201,-0.10798722044728437,-0.10798722044728437,18.97511684424507,24.255647164983838,21.347709995271018,fund_neg_eps,2,macd_sell_like;trailing_stop,False,False,True,False,True,False,False,False,False,6905.T,,1396.0,-137.26647000983283,1.0502851,-10.17,1329.163,57423286272.0,,1757903400.0,1758249000.0,True,,,False,1757903400.0,2025-09-15,-192.0
0,False,18.888888888888886,False,False,True,False,0.4379401084480413,595.0,595.0,57162405.0,57.162405,1432.0,0.4155027932960894,-0.5844972067039106,-0.4502677057684934,40.6428392523808,6.83072928611442,-0.3670212765957447,-0.4386792452830188,47.39048548274133,9.839759088184916,36.52074001158051,"fund_low_adv20,fund_small_mcap",3,trend_break;trailing_stop;di_bear,True,False,False,False,True,False,True,False,False,6907.T,,595.0,7.3665967,0.44718483,80.77,1330.546,4706614272.0,,1747292400.0,1747292400.0,True,,,False,1747292400.0,2025-05-15,-279.0
1,False,29.651162790697683,False,False,True,True,0.25673188363070615,3005.0,3005.0,533736325.0,533.736325,3840.0,0.7825520833333334,-0.21744791666666663,-0.07620892127025114,113.8163088763078,3.7875643552847853,-0.13024602026049203,-0.1878378378378378,20.10557027731215,15.42393567404727,26.53504508449678,,4,trend_break;macd_sell_like;trailing_stop;di_bear,True,False,True,False,True,False,True,False,False,6908.T,,3005.0,17.825365,0.847509,168.58,3545.685,64158265344.0,,1753945200.0,1754290800.0,True,,,True,1753945200.0,2025-07-31,-224.0
3,True,34.734917733089574,False,False,True,False,0.2400940245158722,1951.0,1951.0,23626645.0,23.626645,2606.0,0.7486569455103607,-0.25134305448963934,0.042640795137998344,94.62631797558751,4.850144437498079,-0.23037475345167657,-0.25134305448963934,22.717726428830293,15.677778746709947,24.10961371634644,"fund_low_adv20,fund_small_mcap",3,macd_sell_like;trailing_stop;di_bear,False,False,True,False,True,False,True,False,False,6912.T,,1951.0,10.094164,1.0352225,193.28,1884.619,16246833152.0,,1747296000.0,1747296000.0,True,,,False,1747296000.0,2025-05-15,-279.0
5,True,48.43205574912892,False,False,True,False,0.31943386160112336,4250.0,4250.0,1266751450.0,1266.75145,4610.0,0.9219088937093276,-0.19886606356860637,0.5905737751803342,221.1684484834637,5.2039634937285575,-0.0780911062906724,-0.0780911062906724,45.507617507440784,30.15915263182386,13.722527373673893,,1,macd_sell_like;ext_dev200,False,False,True,False,False,True,False,False,False,6914.T,,4250.0,23.136806,2.6350656,183.69,1612.863,151450402816.0,,1754289000.0,1754634600.0,True,,,True,1754289000.0,2025-08-04,-222.0
3,False,39.130434782608695,False,False,False,True,0.44525380693975397,3115.0,3115.0,34770450.0,34.77045,3475.0,0.8964028776978418,-0.25448335563711366,-0.00966061399571061,62.42073854488522,2.00387603675394,-0.023510971786833812,-0.08112094395280234,12.867215124916209,22.965731580725347,25.286370743705465,"fund_low_adv20,fund_small_mcap",1,trend_break,True,False,False,False,False,False,False,False,False,6915.T,,3115.0,11.429096,0.7216689,272.55,4316.384,27459434496.0,,1754460000.0,1754978400.0,True,,,False,1754460000.0,2025-08-06,-220.0
3,True,25.57077625570777,False,False,False,False,0.2764642104243926,2900.0,2900.0,117053575.0,117.053575,3760.0,0.7712765957446809,-0.5743354819661919,0.07131728376018476,181.3672600634793,6.2540434504648035,-0.22872340425531912,-0.22872340425531912,21.492126603175432,16.044650487373747,28.82308319107111,"fund_low_adv20,fund_small_mcap",4,macd_sell_like;trailing_stop;di_bear;natr_spike,False,False,True,False,True,False,True,False,True,6918.T,,2900.0,31.693989,1.8322332,91.5,1582.768,16864378880.0,,1747204200.0,1747204200.0,True,,,False,1747204200.0,2025-05-14,-280.0
3,False,48.205128205128204,False,False,True,True,0.5271563923604122,1325.0,1325.0,15451740.0,15.45174,1588.6534423828125,0.8340396745136811,-0.23184527174646474,-0.05537425259236706,25.76470397283104,1.9445059602136632,-0.05424696645253391,-0.11430481283422456,21.750546773630365,20.198710402553097,26.32340998421268,"fund_low_adv20,fund_small_mcap",2,trend_break;di_bear,True,False,False,False,False,False,True,False,False,6919.T,,1325.0,45.73697,0.6299304,28.97,2103.407,9639823360.0,,1746765000.0,1746765000.0,True,,,False,1746765000.0,2025-05-09,-283.0
5,True,56.74128058302968,False,False,True,False,0.3483938609930058,40650.0,40650.0,117795788100.0,117795.7881,45770.0,0.8881363338431287,-0.6854715303379021,0.33864465809933963,2492.6148092740436,6.131893749751645,-0.055090655509065556,-0.11186366615687127,14.673434365795346,30.18127651222479,22.742863611309165,,0,ext_dev200,False,False,False,False,False,True,False,False,False,6920.T,,40650.0,42.016808,16.158228,967.47,2515.746,3643486765056.0,1777530600.0,1777530600.0,1777530600.0,True,,,True,1777530600.0,2026-04-30,-29.0
4,True,55.72139303482587,False,False,True,True,0.42836597132047016,3546.0,3546.0,2740079605.0,2740.079605,3728.0,0.9511802575107297,-0.14924240356084428,0.164935879778201,91.10330956819261,2.569185267010508,-0.048819742489270346,-0.048819742489270346,43.397002690821175,25.6070943361955,15.724482548218127,,1,macd_sell_like,False,False,True,False,False,False,False,False,False,6923.T,,3546.0,14.74367,0.9588868,240.51,3698.038,435839926272.0,1785393000.0,1785393000.0,1785393000.0,True,,,True,1785393000.0,2026-07-30,36.0
5,True,47.55134281200632,False,False,True,False,0.3346056232443621,3978.0,3978.0,2291942575.0,2291.942575,4310.0,0.922969837587007,-0.19615875335286814,0.4464357872582374,182.6332540910346,4.591082304953107,-0.07703016241299299,-0.07703016241299299,26.30390223497832,28.53163472363878,25.351864188929763,,1,macd_sell_like;ext_dev200,False,False,True,False,False,True,False,False,False,6925.T,,3978.0,41.83845,1.6197991,95.08,2455.86,315646410752.0,1785825000.0,1785825000.0,1785825000.0,True,,,True,1785825000.0,2026-08-04,39.0
2,False,49.557522123893804,False,False,True,False,0.11999569030035705,189.0,189.0,38566460.0,38.56646,238.0,0.7941176470588235,-0.2226890756302521,-0.05239408373025811,9.224134738368932,4.880494570565572,-0.20588235294117652,-0.20588235294117652,26.436469812430126,25.268912725043123,18.01333303350974,"fund_neg_eps,fund_low_adv20,fund_small_mcap",4,trend_break;macd_sell_like;trailing_stop;natr_spike,True,False,True,False,True,False,False,False,True,6926.T,,189.0,-2.5728287503403213,0.71425873,-73.46,264.61,4230545664.0,,1754546400.0,1754892000.0,True,,,False,1754546400.0,2025-08-07,-219.0
1,False,33.33333333333333,False,False,False,True,0.49697475334121943,886.0,886.0,109914550.0,109.91455,1292.8829345703125,0.6852901962809654,-0.31470980371903456,-0.10076540173712223,28.857957060291643,3.257105763012601,-0.17041198501872656,-0.2924239545403542,44.339778382148104,9.480748204245767,36.0191635766217,"fund_low_adv20,fund_small_mcap",4,trend_break;macd_sell_like;trailing_stop;di_bear,True,False,True,False,True,False,True,False,False,6927.T,,886.0,9.824795,0.9311241,90.18,951.538,16082377728.0,,1754290800.0,1754636400.0,True,,,False,1754290800.0,2025-08-04,-222.0
4,True,48.943661971830984,False,False,True,True,0.26755567323102797,3455.0,3455.0,154811550.0,154.81155,3890.0,0.8881748071979434,-0.18851248640404183,0.3955140476501018,186.75724227429924,5.405419458011555,-0.1118251928020566,-0.1118251928020566,32.13491715092742,18.126240518852857,24.16562903029174,"fund_low_adv20,fund_small_mcap",3,macd_sell_like;trailing_stop;ext_dev200;di_bear,False,False,True,False,True,True,True,False,False,6928.T,,3455.0,18.115562,0.9810887,190.72,3521.598,22794694656.0,,1754551800.0,1754983800.0,True,,,False,1754551800.0,2025-08-07,-219.0
6,True,42.15686274509803,False,False,True,False,0.3874014263549615,3790.0,3790.0,560198250.0,560.19825,4200.0,0.9023809523809524,-0.13554987212276215,0.05832063990229508,136.16959644378892,3.5928653415247735,-0.0976190476190476,-0.0976190476190476,17.00533673390674,24.171590587324033,24.99977639969041,,2,macd_sell_like;trailing_stop,False,False,True,False,True,False,False,False,False,6929.T,,3790.0,11.678428,1.7839106,324.53,2124.546,78470283264.0,,1753942200.0,1754287800.0,True,,,True,1753942200.0,2025-07-31,-224.0
3,False,46.58634538152611,False,False,True,True,0.3872960640783352,2385.0,2385.0,144149215.0,144.149215,2960.181884765625,0.8056937353323593,-0.21288620405685654,-0.006254134795150912,78.69574521554678,3.299611958723135,-0.06763096168881944,-0.15485471296952513,16.210540526409822,20.16032774834616,31.86709055232883,fund_low_adv20,2,trend_break;macd_sell_like,True,False,True,False,False,False,False,False,False,6932.T,,2385.0,8.115281,0.70412517,293.89,3387.182,35223154688.0,,1753772400.0,1754290800.0,True,,,False,1753772400.0,2025-07-29,-226.0
2,True,56.64845173041894,False,False,True,False,0.278193283844591,8660.0,8660.0,4981222300.0,4981.2223,11180.0,0.774597495527728,-0.33490607746359746,0.3358290704975797,695.946653218779,8.03633548751477,-0.14087301587301593,-0.22540250447227195,16.02681530494621,24.816344101794392,26.85272575266659,,2,macd_sell_like;trailing_stop;ext_dev200,False,False,True,False,True,True,False,False,False,6941.T,,8660.0,17.6027,3.433882,491.97,2521.927,159836930048.0,,1754287200.0,1754632800.0,True,,,True,1754287200.0,2025-08-04,-222.0
6,True,28.57142857142857,False,False,True,True,0.5006187587191979,1308.0,1308.0,2847600.0,2.8476,1388.0,0.9423631123919308,-0.1282051282051282,0.043986303665924265,9.866413908829669,0.7543129899716872,-0.020224719101123556,-0.05627705627705626,27.417088604910305,27.93682189787302,15.755137348345476,"fund_neg_eps,fund_low_adv20,fund_small_mcap",0,,False,False,False,False,False,False,False,False,False,6942.T,,1308.0,-178.68852459016392,2.0221446,-7.32,646.838,6054300160.0,,1747278000.0,1747278000.0,True,,,False,1747278000.0,2025-05-15,-279.0
6,True,36.36363636363636,False,False,True,False,0.29406801675920774,4865.0,4865.0,1353025.0,1.353025,5125.1982421875,0.9492315750743635,-0.2205755195987158,0.04858069777946894,29.993675771776648,0.6165195430992118,-0.02894211576846306,-0.02894211576846306,17.354071489409325,34.81103155662338,51.451348722773794,"fund_neg_eps,fund_low_adv20,fund_small_mcap",1,macd_sell_like,False,False,True,False,False,False,False,False,False,6943.T,,4865.0,-9.90088935018418,0.29208353,-491.37,16656.193,4002260480.0,,1746687600.0,1746687600.0,True,,,False,1746687600.0,2025-05-08,-284.0
2,False,44.08866995073892,False,False,True,False,0.4122834903697107,5000.0,5000.0,1565619900.0,1565.6199,8796.5078125,0.5684073846776908,-0.4315926153223092,-0.10190787168219206,417.2524514635007,8.345049029270013,-0.23430321592649306,-0.4024261730800227,14.122249647843223,24.754108850138977,27.843338102888538,,3,trend_break;macd_sell_like;trailing_stop,True,False,True,False,True,False,False,False,False,6946.T,,5000.0,19.726978,4.591659,253.46,1088.931,73944064000.0,,1753945200.0,1754290800.0,True,,,True,1753945200.0,2025-07-31,-224.0
2,False,28.57142857142857,False,False,True,True,0.40218735297702646,4595.0,4595.0,278381425.0,278.381425,5574.6376953125,0.8242688137138957,-0.2583046929374089,-0.005962002360516916,114.29955488331227,2.487476711279919,-0.0525773195876289,-0.0525773195876289,11.278439975904332,17.692815177267647,22.942532253009727,,2,trend_break;macd_sell_like,True,False,True,False,False,False,False,False,False,6947.T,,4595.0,18.162056,2.3461797,253.0,1958.503,96843145216.0,,1754287200.0,1754632800.0,True,,,True,1754287200.0,2025-08-04,-222.0
6,True,44.66731898238747,False,False,False,False,0.3941295235393884,6282.0,6282.0,2945508145.0,2945.508145,7320.0,0.8581967213114754,-0.44034114842261696,0.12372730672441401,284.2334818954536,4.524569912375894,-0.1418032786885246,-0.1418032786885246,21.051302388522817,23.13379476049405,35.85781456877411,,3,macd_sell_like;trailing_stop;di_bear,False,False,True,False,True,False,True,False,False,6951.T,,6282.0,14.528887,2.2057817,432.38,2847.97,305941184512.0,1778826600.0,1786602600.0,1786602600.0,True,,,True,1786602600.0,2026-08-13,46.0
4,True,73.7417943107221,False,False,True,False,0.22321149439202045,1765.0,1765.0,3288775147.5,3288.7751475,1883.5,0.9370852136979029,-0.20817166061903958,0.2745279789669741,59.735846062412556,3.384467199003544,-0.06291478630209713,-0.06291478630209713,30.269713208479224,31.160917841005382,18.135914399515038,,1,rsi_reversal;ext_dev200,False,False,False,True,False,True,False,False,False,6952.T,,1765.0,22.05423,1.7001987,80.03,1038.114,396845776896.0,1778740200.0,1785393000.0,1785393000.0,True,,,True,1785393000.0,2026-07-30,36.0
5,True,37.331838565022416,False,False,True,False,0.3722487620023755,6763.0,6763.0,59606360515.0,59606.360515,8428.0,0.8024442335073564,-0.24727678873470638,0.17349907059248149,415.0380158614662,6.136892146406421,-0.19755576649264361,-0.19755576649264361,26.627281322134497,21.95954527373066,30.376777211455032,,3,macd_sell_like;trailing_stop;di_bear,False,False,True,False,True,False,True,False,False,6954.T,,6763.0,37.837082,3.3841228,178.74,1998.45,6310950076416.0,1777012200.0,1784788200.0,1784788200.0,True,,,True,1784788200.0,2026-07-23,31.0
4,True,63.43115124153499,False,True,False,False,0.3674362274810242,525.0,525.0,405758640.0,405.75864,640.0,0.8203125,-0.5455764075067024,0.27774532710280386,45.638098753216234,8.692971191088807,-0.1796875,-0.1796875,30.68225839130629,35.03828205218526,16.365951637631287,fund_small_mcap,3,trailing_stop;ext_dev200;vol_distribution;natr_spike,False,False,False,False,True,True,False,True,True,6955.T,,525.0,24.294308,0.9531244,21.61,550.82,18115117056.0,,1753250400.0,1753682400.0,True,,,False,1753250400.0,2025-07-23,-230.0
3,True,63.82428940568475,False,False,True,False,0.41223605563293214,754.0,754.0,1079819895.0,1079.819895,784.0,0.9617346938775511,-0.46979300266410084,0.49540683123509255,45.379485265246046,6.018499372048548,-0.03826530612244894,-0.03826530612244894,18.663945866900097,25.61999260104123,13.215055783661892,,0,ext_dev200,False,False,False,False,False,True,False,False,False,6958.T,,754.0,13.34041,0.6438534,56.52,1171.074,53754793984.0,,1754546400.0,1754892000.0,True,,,True,1754546400.0,2025-08-07,-219.0
5,True,45.038167938931295,False,False,True,False,0.3786390292444156,11510.0,11510.0,737533700.0,737.5337,12420.0,0.926731078904992,-0.13536810296845525,0.3666132757022167,420.9967657087902,3.657660866279672,-0.07326892109500804,-0.07326892109500804,24.082113434495692,28.057501113380418,22.613947729586613,,1,macd_sell_like;ext_dev200,False,False,True,False,False,True,False,False,False,6960.T,,11510.0,16.845217,1.6604979,683.28,6931.656,310952820736.0,1778826600.0,1785393000.0,1785393000.0,True,,,True,1785393000.0,2026-07-30,36.0
4,True,41.38381201044386,False,False,True,True,0.3340608019687552,11660.0,11660.0,2950520700.0,2950.5207,17590.0,0.6628766344513929,-0.5935688820053986,0.12948584056062606,1097.3387396189667,9.411138418687536,-0.2403908794788273,-0.3371233655486071,11.580949643209241,21.000059008765877,27.462829743000285,,2,macd_sell_like;trailing_stop,False,False,True,False,True,False,False,False,False,6961.T,,11660.0,26.511448,1.6871156,439.81,6911.204,104756346880.0,,1753768800.0,1754287200.0,True,,,True,1753768800.0,2025-07-29,-226.0
4,True,65.14018691588785,False,True,False,False,0.41784063996934323,1106.0,1106.0,1665438960.0,1665.43896,1213.0,0.9117889530090684,-0.32029937227906013,0.7556845088777222,92.14420109143265,8.33130208783297,-0.08821104699093163,-0.08821104699093163,36.27978757976803,34.43173475901751,11.994479732204516,,3,trailing_stop;ext_dev200;vol_distribution;natr_spike,False,False,False,False,True,True,False,True,True,6962.T,,1106.0,83.66112,0.9014649,13.22,1226.892,35175145472.0,,1754288400.0,1754634000.0,True,,,True,1754288400.0,2025-08-04,-222.0
5,True,54.64421510048887,False,False,False,False,0.38831391330228043,4739.0,4739.0,31292042260.0,31292.04226,5616.0,0.8438390313390314,-0.34012329955484655,0.68499004478321,338.26344185185644,7.137865411518389,-0.15616096866096862,-0.15616096866096862,32.411928037698516,32.28314904111681,26.361987964250737,fund_neg_eps,3,macd_sell_like;trailing_stop;ext_dev200;natr_spike,False,False,True,False,True,True,False,False,True,6963.T,,4739.0,-11.545864295285662,2.413192,-410.45,1963.789,1829420269568.0,1785911400.0,1785911400.0,1785911400.0,True,,,False,1785911400.0,2026-08-05,40.0
4,True,15.151515151515156,False,False,True,True,0.471748643689123,655.0,655.0,3191985.0,3.191985,725.0,0.903448275862069,-0.09931034482758616,0.05967671222123583,9.662030228937244,1.4751191189217168,-0.06960227272727271,-0.096551724137931,19.49121503076988,21.07700445395562,35.213360248945904,"fund_low_adv20,fund_small_mcap",0,,False,False,False,False,False,False,False,False,False,6964.T,,655.0,9.604106,0.3559531,68.2,1840.13,5812000768.0,,1746774000.0,1746774000.0,True,,,False,1746774000.0,2025-05-09,-283.0
3,True,41.379310344827594,False,False,False,False,0.34326582109167714,2368.5,2368.5,17824302797.5,17824.3027975,2973.5,0.7965360686060199,-0.38455745458897106,0.2888891727438103,180.62404163309625,7.626094221367796,-0.2034639313939801,-0.2034639313939801,28.524810778131638,24.14225304308513,33.29051057222549,,4,macd_sell_like;trailing_stop;ext_dev200;di_bear;natr_spike,False,False,True,False,True,True,True,False,True,6965.T,,2368.5,51.997807,2.1459985,45.55,1103.682,687181660160.0,1778740200.0,1785997800.0,1785997800.0,True,,,True,1785997800.0,2026-08-06,41.0
4,False,53.409090909090914,False,False,True,False,0.35831919208470353,774.0,774.0,2884121145.0,2884.121145,1022.0,0.7573385518590998,-0.5248892092172457,0.025769740222830517,51.10505875105156,6.602720768869711,-0.24266144814090018,-0.24266144814090018,31.555279103844818,27.769294961921137,19.232184818478167,earnings_blackout,4,trend_break;macd_sell_like;trailing_stop;natr_spike,True,False,True,False,True,False,False,False,True,6966.T,,774.0,44.791664,1.2489774,17.28,619.707,141448036352.0,1781245800.0,1781245800.0,1781245800.0,True,,,True,1781245800.0,2026-06-12,2.0
4,True,41.25827814569537,False,True,False,False,0.4706832798469027,1550.0,1550.0,208074095.0,208.074095,2269.0,0.6831203173204055,-0.3308619091751622,0.46854008166977734,178.30048688894732,11.503257218641764,-0.31687968267959454,-0.31687968267959454,45.570441974967544,24.591557108848665,23.22792299087699,fund_small_mcap,4,macd_sell_like;trailing_stop;ext_dev200;vol_distribution;natr_spike,False,False,True,False,True,True,False,True,True,6969.T,,1550.0,13.355162,1.7474023,116.06,887.031,5942593024.0,,1747202400.0,1747202400.0,True,,,False,1747202400.0,2025-05-14,-280.0
4,True,70.91525423728814,False,False,True,False,0.36228243672488514,3557.0,3557.0,26701404932.5,26701.4049325,3913.0,0.9090212113467927,-0.17553685635899963,0.5037041346041926,142.71700169169375,4.012285681520769,-0.0909787886532073,-0.0909787886532073,43.61702762890313,36.397790339216115,16.590154851341435,,1,trailing_stop;ext_dev200,False,False,False,False,True,True,False,False,False,6971.T,,3557.0,34.655106,1.4032372,102.64,2534.853,4686012743680.0,1777530600.0,1785393000.0,1785393000.0,True,,,True,1785393000.0,2026-07-30,36.0
4,True,72.96636085626912,False,True,False,False,0.47981132120328357,15655.0,15655.0,237738732565.0,237738.732565,17975.0,0.8709318497913769,-0.5421496480136287,2.3122869944218998,1538.1637263352427,9.825383112968654,-0.12906815020862306,-0.12906815020862306,61.87600917506359,38.53941007586247,8.493540834808341,,4,rsi_reversal;trailing_stop;ext_dev200;vol_distribution;natr_spike,False,False,False,True,True,True,False,True,True,6976.T,,15655.0,145.1553,5.6840835,107.85,2754.182,1957666750464.0,1785911400.0,1785911400.0,1785911400.0,True,,,True,1785911400.0,2026-08-05,40.0
4,True,65.19274376417233,False,False,True,False,0.16093451442309878,1265.0,1265.0,81571155.0,81.571155,1390.0,0.9100719424460432,-0.19038984587488672,0.3218933397145689,95.02354050249953,7.511742332213402,-0.08992805755395683,-0.08992805755395683,30.43966818952971,40.26270428686571,20.769361736054616,"fund_neg_eps,fund_low_adv20,fund_small_mcap",2,trailing_stop;ext_dev200;natr_spike,False,False,False,False,True,True,False,False,True,6977.T,,1265.0,-4.156262320935734,1.3399501,-304.36,944.065,1565061760.0,,1754974800.0,1755493200.0,True,,,False,1754974800.0,2025-08-12,-216.0
4,True,61.36659179572053,False,True,False,False,0.5125292352812164,8650.0,8650.0,304997524000.0,304997.524,10490.0,0.8245948522402288,-0.4472802668499528,1.2569059337166752,812.4407457128094,9.392378563153866,-0.17540514775977123,-0.17540514775977123,57.47475167364706,31.955552515387442,12.828651171860187,,4,macd_sell_like;trailing_stop;ext_dev200;vol_distribution;natr_spike,False,False,True,False,True,True,False,True,True,6981.T,,8650.0,67.615105,5.791474,127.93,1493.575,15745514733568.0,1785479400.0,1785479400.0,1785479400.0,True,,,True,1785479400.0,2026-07-31,37.0
4,False,47.45762711864407,True,False,True,True,0.47689698186875107,587.0,587.0,1694435.0,1.694435,659.48193359375,0.8900926167927447,-0.28346876076252037,-0.016357176254965244,11.724486103927577,1.997357087551546,-0.040849673202614345,-0.10990738320725535,18.23580707402182,19.727607388081896,23.126629913440656,"fund_neg_eps,fund_low_adv20,fund_small_mcap",1,trend_break,True,False,False,False,False,False,False,False,False,6982.T,,587.0,-21.91116088092572,0.59753394,-26.79,982.371,1520163328.0,,1747296000.0,1747296000.0,True,,,False,1747296000.0,2025-05-15,-279.0
2,False,45.7286432160804,False,False,False,True,0.24393927061217008,583.0,583.0,189249985.0,189.249985,803.0,0.726027397260274,-0.273972602739726,-0.09488099724482613,32.460669153474775,5.56786777932672,-0.10856269113149852,-0.273972602739726,14.983793792131971,23.356473258829013,30.519218471351056,"fund_low_adv20,fund_small_mcap",3,trend_break;macd_sell_like;trailing_stop,True,False,True,False,True,False,False,False,False,6986.T,,583.0,9.804911,0.29511186,59.46,1975.522,24728016896.0,,1754460000.0,1754978400.0,True,,,False,1754460000.0,2025-08-06,-220.0
2,False,42.86743515850144,False,False,True,True,0.5221497563223942,2958.0,2958.0,11327182305.0,11327.182305,4029.2080078125,0.7341393133004145,-0.27578819600723137,-0.14147953333989183,91.90322449102736,3.106937947634461,-0.0683464566929134,-0.12329579134558388,15.707691453600075,15.387720971311808,29.088068537536326,,2,trend_break;macd_sell_like,True,False,True,False,False,False,False,False,False,6988.T,,2958.0,15.017515,1.7357485,196.97,1704.164,1982705434624.0,1777271400.0,1785133800.0,1785133800.0,True,,,True,1785133800.0,2026-07-27,33.0
2,False,47.36,False,False,False,False,0.5755805312729408,2263.0,2263.0,26933325.0,26.933325,2928.106201171875,0.7728544815397445,-0.22714551846025555,-0.09435785980267153,79.65773277201812,3.5200058670798993,-0.09660678642714571,-0.20818754373687898,30.300212227416942,17.660125668132647,35.91799058115839,"fund_low_adv20,fund_small_mcap",3,trend_break;trailing_stop;di_bear,True,False,False,False,True,False,True,False,False,6989.T,,2263.0,8.939011,0.6877245,253.16,3290.562,17753788416.0,,1754542800.0,1754974800.0,True,,,False,1754542800.0,2025-08-07,-219.0
5,True,46.666666666666664,True,False,True,False,0.43634757123714074,98.0,98.0,1012715995.0,1012.715995,188.0,0.5212765957446809,-0.6861702127659575,0.05592069820062484,8.784884173141025,8.964167523613291,-0.14782608695652177,-0.3717948717948718,15.019182193751373,25.23136547817567,19.572531288820596,fund_neg_eps,1,trailing_stop,False,False,False,False,True,False,False,False,False,6993.T,,98.0,-17.531305903398927,13.432017,-5.59,7.296,72508596224.0,,1754550000.0,1754982000.0,True,,,False,1754550000.0,2025-08-07,-219.0
4,True,58.6864406779661,False,False,True,False,0.2855808271844823,1100.0,1100.0,897682350.0,897.68235,1392.0,0.7902298850574713,-0.33477011494252873,0.32578956296214434,115.52963742275155,10.502694311159232,-0.16349809885931554,-0.20977011494252873,25.672302717381854,28.146233569048977,22.366563507286173,fund_small_mcap,3,macd_sell_like;trailing_stop;ext_dev200;natr_spike,False,False,True,False,True,True,False,False,True,6994.T,,1100.0,13.955849,1.09462,78.82,1004.915,27780321280.0,,1747281600.0,1747281600.0,True,,,False,1747281600.0,2025-05-15,-279.0
2,False,56.3894523326572,False,False,True,False,0.5080413617099608,2858.0,2858.0,541484060.0,541.48406,3308.057861328125,0.8639510310295978,-0.1732309062750349,-0.010404179485480558,78.38207628539111,2.7425499050171833,-0.06753670473083195,-0.07207792207792207,13.095064295076439,23.679979107518065,23.526392714110163,,1,trend_break,True,False,False,False,False,False,False,False,False,6995.T,,2858.0,8.252007,0.69940954,346.34,4086.304,243246170112.0,1778826600.0,1785393000.0,1785393000.0,True,,,True,1785393000.0,2026-07-30,36.0
4,True,67.53670473083197,False,False,True,False,0.4457742095957563,4200.0,4200.0,6059151305.0,6059.151305,4375.0,0.96,-0.21633200934068553,1.239913376891601,316.78095507045924,7.542403692153791,-0.040000000000000036,-0.040000000000000036,57.53529417189127,34.87912555163324,6.613511632279994,,1,ext_dev200;natr_spike,False,False,False,False,False,True,False,False,True,6996.T,,4200.0,44.757034,2.3583543,93.84,1780.903,282066288640.0,,1754287200.0,1754632800.0,True,,,True,1754287200.0,2025-08-04,-222.0
3,True,63.13593004769476,False,False,True,False,0.5193346916946611,4245.0,4245.0,7579603195.0,7579.603195,5620.0,0.755338078291815,-0.375799870207736,1.3156207154989832,500.17166454713976,11.782606938684093,-0.24466192170818502,-0.24466192170818502,50.33256424266736,24.518343216017087,13.496762019075504,,3,macd_sell_like;trailing_stop;ext_dev200;natr_spike,False,False,True,False,True,True,False,False,True,6997.T,,4245.0,61.584217,1.6342247,68.93,2597.562,102242017280.0,,1754373600.0,1754892000.0,True,,,True,1754373600.0,2025-08-05,-221.0
4,True,61.27946127946127,False,False,True,True,0.4887823847151601,2054.0,2054.0,110221770.0,110.22177,2421.067626953125,0.8483860496639354,-0.23463517525449262,0.1960801366003111,118.90490994662025,5.788944009085699,-0.072686230248307,-0.15161395033606462,13.909730423038948,27.649145473821918,25.9819609900291,"fund_low_adv20,fund_small_mcap",0,ext_dev200,False,False,False,False,False,True,False,False,False,6998.T,,2054.0,36.96904,0.74769294,55.56,2747.117,9976469504.0,,1747200600.0,1747200600.0,True,,,False,1747200600.0,2025-05-14,-280.0
4,True,65.47619047619048,False,False,True,False,0.30874773008094325,2618.0,2618.0,1960972275.0,1960.972275,2922.0,0.8959616700889802,-0.4688945466542994,0.6925647311410925,174.35715238557432,6.6599370659119295,-0.1040383299110198,-0.1040383299110198,41.05626044368081,27.88471459638228,14.680109368949394,,2,macd_sell_like;trailing_stop;ext_dev200,False,False,True,False,True,True,False,False,False,6999.T,,2618.0,24.633045,1.0976621,106.28,2385.069,97225441280.0,,1753164000.0,1753682400.0,True,,,True,1753164000.0,2025-07-22,-231.0
1,False,32.76431718061674,False,False,True,False,0.5274712384816761,3899.0,3899.0,16914450845.0,16914.450845,8073.55712890625,0.48293458976591275,-0.5170654102340873,-0.3028286279545481,277.7060534256212,7.122494317148529,-0.22113463843387937,-0.4258044122118039,22.3401913041912,17.178907593642265,33.72102052930977,,4,trend_break;macd_sell_like;trailing_stop;di_bear,True,False,True,False,True,False,True,False,False,7003.T,,3899.0,10.232253,1.7172021,381.05,2270.554,393419587584.0,1778740200.0,1785911400.0,1785911400.0,True,,,True,1785911400.0,2026-08-05,40.0
5,True,43.21608040201005,False,False,True,True,0.4009759759076991,1280.0,1280.0,1613903280.0,1613.90328,1441.0,0.8882720333102012,-0.23446557533084833,0.20660977853111318,56.01430550249152,4.37611761738215,-0.11172796668979879,-0.11172796668979879,31.192410090198372,26.294333321459273,18.844712341069645,,2,macd_sell_like;trailing_stop;ext_dev200,False,False,True,False,True,True,False,False,False,7004.T,,1280.0,19.317839,1.0941275,66.26,1169.882,215335141376.0,1778567400.0,1785911400.0,1785911400.0,True,,,True,1785911400.0,2026-08-05,40.0
2,False,31.48148148148148,True,False,True,True,0.3796448455124212,3578.0,3578.0,99487962420.0,99487.96242,5180.24462890625,0.6907009719260023,-0.3212675748206193,-0.1606088025060426,168.2711191889754,4.702937931497356,-0.14031715521383947,-0.2823617391426979,29.958391923235485,17.706020424135595,31.68682757287365,,3,trend_break;trailing_stop;di_bear,True,False,False,False,True,False,True,False,False,7011.T,,3578.0,34.232685,3.892689,104.52,919.159,12022828761088.0,1778567400.0,1785825000.0,1785825000.0,True,,,True,1785825000.0,2026-08-04,39.0
4,True,50.54757015742643,False,False,True,False,0.3968580346471001,2859.5,2859.5,40307955630.0,40307.95563,3651.781982421875,0.7830423650054731,-0.24584764006816828,0.11004586701269159,181.65629268429558,6.3527292423254265,-0.1494646044021416,-0.16995645863570397,12.716301060576283,21.432457855498264,23.646461507761742,,1,trailing_stop,False,False,False,False,True,False,False,False,False,7012.T,,2859.5,22.096437,2.721843,129.41,1050.575,2390107619328.0,1778567400.0,1785997800.0,1785997800.0,True,,,True,1785997800.0,2026-08-06,41.0
2,False,38.4841075794621,False,False,True,True,0.5479321888092292,2439.5,2439.5,49581894347.5,49581.8943475,4487.14306640625,0.543664412722591,-0.45633558727740897,-0.19739289368792234,140.70408331589573,5.7677427061240305,-0.1715061979962642,-0.37748347671538884,17.962662702688547,19.38883785660149,32.61499924852515,,3,trend_break;macd_sell_like;trailing_stop,True,False,True,False,True,False,False,False,False,7013.T,,2439.5,16.06308,3.965184,151.87,615.23,2586264993792.0,1778221800.0,1785997800.0,1785997800.0,True,,,True,1785997800.0,2026-08-06,41.0
2,False,41.19170984455958,False,False,True,False,0.4081895374676586,3415.0,3415.0,5989335250.0,5989.33525,5691.884765625,0.5999770094827305,-0.4000229905172695,-0.17033584345486064,229.73199059159046,6.727144673253014,-0.21942857142857142,-0.3298502523007556,12.780052743511549,23.461346519491443,31.569151378195937,,3,trend_break;macd_sell_like;trailing_stop,True,False,True,False,True,False,False,False,False,7014.T,,3415.0,10.993432,1.731855,310.64,1971.874,237224673280.0,1778740200.0,1785997800.0,1785997800.0,True,,,True,1785997800.0,2026-08-06,41.0
2,False,35.969387755102034,False,False,True,False,0.5256664534314693,8710.0,8710.0,336674700.0,336.6747,18639.65234375,0.46728339345452014,-0.5327166065454798,-0.32747758715581765,591.8533424017093,6.795101520111473,-0.181390977443609,-0.45825147514807363,38.20276154413839,15.480739910683406,31.749868342470915,fund_small_mcap,3,trend_break;trailing_stop;di_bear,True,False,False,False,True,False,True,False,False,7018.T,,8710.0,6.4216466,1.093026,1356.35,7968.703,14761316352.0,,1747031400.0,1747031400.0,True,,,False,1747031400.0,2025-05-12,-282.0
2,False,47.95918367346939,True,False,True,False,0.3372814269626539,1806.0,1806.0,5182080.0,5.18208,2747.83984375,0.6572435450005473,-0.3616804108909413,-0.16456469403700602,44.830246842782124,2.4822949525350015,-0.1642757982415548,-0.23148936170212764,46.62068279575628,19.620853220012055,35.27899095455155,"fund_low_adv20,fund_small_mcap",3,trend_break;trailing_stop;di_bear,True,False,False,False,True,False,True,False,False,7021.T,,1806.0,18.242424,0.289751,99.0,6232.938,3547982592.0,,1747036800.0,1747036800.0,True,,,False,1747036800.0,2025-05-12,-282.0
1,False,21.621621621621614,False,False,True,True,0.5565184119992351,249.0,249.0,27998835.0,27.998835,520.5472412109375,0.4783427521789508,-0.5216572478210493,-0.171015565384108,12.558542115358723,5.043591210987438,-0.16442953020134232,-0.35696205324949937,33.38620043524143,9.671789806059806,37.51471646474527,"fund_low_adv20,fund_small_mcap",4,trend_break;macd_sell_like;trailing_stop;di_bear,True,False,True,False,True,False,True,False,False,7022.T,,249.0,5.871257,0.6688406,42.41,372.286,8350579200.0,,1753770600.0,1754289000.0,True,,,False,1753770600.0,2025-07-29,-226.0
1,False,21.946169772256724,False,False,True,False,0.43096704264779323,1055.0,1055.0,20764670.0,20.76467,1431.2625732421875,0.7371114285551019,-0.28035566690828917,-0.19298613539589826,50.92888496996317,4.8273824616078835,-0.24964438122332855,-0.25177304964539005,50.10668769704414,3.95416131382747,37.803758869575596,"fund_low_adv20,fund_small_mcap",3,trend_break;trailing_stop;di_bear,True,False,False,False,True,False,True,False,False,7030.T,,1055.0,11.086591,1.7057397,95.16,618.5,18619867136.0,,1754546400.0,1754978400.0,True,,,False,1754546400.0,2025-08-07,-219.0
1,False,48.818897637795274,False,False,True,True,0.20319952104939654,601.0,601.0,2417120.0,2.41712,881.0,0.6821793416572077,-0.38222222222222224,-0.12450015659938962,30.255763000723068,5.0342367721669,-0.11617647058823533,-0.2937720329024677,13.992550836900016,18.954453553508227,30.92062496586228,"fund_neg_eps,fund_low_adv20,fund_small_mcap",2,trend_break;trailing_stop,True,False,False,False,True,False,False,False,False,7031.T,,601.0,-6.127650897226753,1.0290903,-98.08,584.011,1434692224.0,,1747117800.0,1747117800.0,True,,,False,1747117800.0,2025-05-13,-281.0
3,False,49.050632911392405,True,True,False,False,0.27222060418563154,1390.0,1390.0,156854935.0,156.854935,2190.98828125,0.634416903045679,-0.4713085331418898,0.017691763473683064,44.05107459208784,3.169142056984737,-0.004297994269340966,-0.004297994269340966,7.66714789039656,25.623179074773233,20.46005338756271,"fund_low_adv20,fund_small_mcap",1,trend_break,True,False,False,False,False,False,False,False,False,7033.T,,1390.0,12.429581,3.6299064,111.83,382.93,21903714304.0,,1755153000.0,1755153000.0,True,,,False,1755153000.0,2025-08-14,-214.0
1,False,40.15748031496063,False,True,False,False,0.5008443549634186,355.0,355.0,8901605.0,8.901605,798.0,0.4448621553884712,-0.5551378446115288,-0.33929518616056054,15.447191597375365,4.351321576725455,-0.1299019607843137,-0.2381974248927039,14.072103490749265,13.651209297985107,27.779479772415478,"fund_low_adv20,fund_small_mcap",4,trend_break;macd_sell_like;trailing_stop;vol_distribution,True,False,True,False,True,False,False,True,False,7034.T,,355.0,18.852894,0.6416142,18.83,553.292,3880715776.0,,1750053600.0,1750053600.0,True,,,False,1750053600.0,2025-06-16,-257.0
3,True,52.72727272727273,False,False,True,False,0.3537407872232808,235.0,235.0,4303000.0,4.303,411.0,0.5717761557177615,-0.5060827250608273,0.02876154620671545,7.6046649915030935,3.2360276559587633,-0.07114624505928857,-0.07114624505928857,29.592955914485763,19.148327183976267,21.94327917416779,"fund_neg_eps,fund_low_adv20,fund_small_mcap",3,macd_sell_like;di_bear;natr_spike,False,False,True,False,False,False,True,False,True,7035.T,,235.0,-10.275470048097944,3.2672923,-22.87,71.925,2646497792.0,,1752130800.0,1752476400.0,True,,,False,1752130800.0,2025-07-10,-239.0
0,False,4.216867469879517,False,False,True,True,0.40303410517118865,623.0,623.0,14384230.0,14.38423,1179.0,0.5284139100932994,-0.4715860899067006,-0.3208069641815615,24.4274342343009,3.9209364742056017,-0.2222222222222222,-0.35640495867768596,22.23393953516956,17.607067791330714,35.77448394673793,"fund_neg_eps,fund_low_adv20,fund_small_mcap",3,trend_break;trailing_stop;di_bear,True,False,False,False,True,False,True,False,False,7036.T,,623.0,-5.3540735647989,3.1029606,-116.36,200.776,2409481216.0,,1754373600.0,1754978400.0,True,,,False,1754373600.0,2025-08-05,-221.0
6,True,35.41666666666667,False,False,True,True,0.5674373833730353,872.0,872.0,3989970.0,3.98997,972.6852416992188,0.8964873348717329,-0.17033798252122878,0.02707672918131454,19.19709961057023,2.2015022489186045,-0.04699453551912569,-0.05217391304347829,26.508455228534572,15.653542228887227,33.244409008009264,"fund_low_adv20,fund_small_mcap",2,macd_sell_like;di_bear,False,False,True,False,False,False,True,False,False,7037.T,,872.0,36.18257,2.1418273,24.1,407.129,3983798272.0,,1754546400.0,1754978400.0,True,,,False,1754546400.0,2025-08-07,-219.0
2,False,79.72972972972973,True,False,True,True,0.3915075652913483,604.0,604.0,15469335.0,15.469335,737.0,0.819538670284939,-0.4909502262443439,-0.04130788460775359,11.001755509572044,1.8214827002602723,0.0,0.0,19.449662562581484,27.85854809930712,18.176775888686038,"fund_neg_eps,fund_low_adv20,fund_small_mcap",1,trend_break,True,False,False,False,False,False,False,False,False,7038.T,,604.0,-6.420750504943128,4.2758036,-94.07,141.26,7100011520.0,,1754978400.0,1755496800.0,True,,,False,1754978400.0,2025-08-12,-216.0
3,False,71.98275862068965,True,False,True,False,0.45147572876282765,1710.0,1710.0,35053320.0,35.05332,2061.69775390625,0.8294135242472391,-0.22442559925652894,-0.098857299899194,37.35712934303752,2.1846274469612585,-0.044158747903856876,-0.0850722311396469,37.88747364810586,31.87598638116727,22.214262688481412,"fund_low_adv20,fund_small_mcap",1,trend_break,True,False,False,False,False,False,False,False,False,7039.T,,1710.0,11.461894,1.3681806,149.19,1249.835,6057369088.0,,1754967600.0,1755486000.0,True,,,False,1754967600.0,2025-08-12,-216.0
3,False,42.22222222222222,False,False,True,True,0.45822052389790885,965.0,965.0,3138050.0,3.13805,1110.0,0.8693693693693694,-0.17676091571518737,-0.010336265954481783,14.803433325469426,1.5340345414994223,-0.03788634097706878,-0.13063063063063063,18.5259024265927,25.0264382224335,33.63970865658124,"fund_low_adv20,fund_small_mcap",1,trend_break,True,False,False,False,False,False,False,False,False,7040.T,,965.0,9.532747,0.85561025,101.23,1127.85,5908844544.0,,1746770400.0,1746770400.0,True,,,False,1746770400.0,2025-05-09,-283.0
1,False,35.0,False,False,True,False,0.39369972058138286,264.0,264.0,1435190.0,1.43519,376.0172424316406,0.7020954632100277,-0.4264431897257016,-0.17855982880631505,6.835655089492284,2.58926329147435,-0.117056856187291,-0.1826625386996904,50.559082688705935,11.531685681509627,42.01305485852666,"fund_low_adv20,fund_small_mcap",3,trend_break;trailing_stop;di_bear,True,False,False,False,True,False,True,False,False,7041.T,,264.0,38.040344,0.50482935,6.94,522.949,1472360704.0,,1754978400.0,1755496800.0,True,,,False,1754978400.0,2025-08-12,-216.0
1,False,33.87096774193549,False,False,True,True,0.4151761275666734,578.0,578.0,1540260.0,1.54026,847.743896484375,0.6818096861528431,-0.3181903138471569,-0.06266118155315403,7.713157750262734,1.3344563581769437,-0.049342105263157854,-0.14749262536873153,32.28782920825962,14.845794688287276,29.08045495432882,"fund_low_adv20,fund_small_mcap",2,trend_break;di_bear,True,False,False,False,False,False,True,False,False,7042.T,,578.0,11.536926,1.2973778,50.1,445.514,1991215744.0,,1754982000.0,1755500400.0,True,,,False,1754982000.0,2025-08-12,-216.0
2,False,58.16326530612245,False,False,True,False,0.5266360110514682,891.0,891.0,2351265.0,2.351265,1120.4150390625,0.7952410213500334,-0.2913340393356605,-0.04082299744644502,24.656383042788594,2.7672708241064643,-0.04909284951974391,-0.07187500000000002,16.779136763761034,20.102770076250813,24.665383411685642,"fund_low_adv20,fund_small_mcap",2,trend_break;macd_sell_like,True,False,True,False,False,False,False,False,False,7043.T,,891.0,9.467644,1.7435341,94.11,511.031,2271824640.0,,1754461800.0,1754980200.0,True,,,False,1754461800.0,2025-08-06,-220.0
2,False,56.666666666666664,True,False,True,True,0.25961815371214125,534.0,534.0,6441570.0,6.44157,701.0,0.7617689015691869,-0.3352353780313837,-0.05811799982361765,9.724561678239604,1.8210789659624729,-0.005586592178770999,-0.025547445255474477,15.30637065414322,20.434353662020932,17.975378404074934,"fund_low_adv20,fund_small_mcap",1,trend_break,True,False,False,False,False,False,False,False,False,7044.T,,534.0,19.229383,5.97262,27.77,89.408,3828459520.0,,1754978400.0,1755496800.0,True,,,False,1754978400.0,2025-08-12,-216.0
1,False,35.24229074889868,False,False,True,False,0.15290587278613552,1230.0,1230.0,4010600.0,4.0106,1887.7528076171875,0.6515683594996557,-0.34843164050034425,-0.1655438871910897,39.11766089012593,3.180297633343572,-0.0848214285714286,-0.10869565217391308,22.544431508961257,18.624437571213402,26.50976247522913,"fund_low_adv20,fund_small_mcap",4,trend_break;macd_sell_like;trailing_stop;di_bear,True,False,True,False,True,False,True,False,False,7046.T,,1230.0,14.723486,1.0840127,83.54,1134.673,2574584320.0,,1747204200.0,1747204200.0,True,,,False,1747204200.0,2025-05-14,-280.0
1,False,18.92307692307692,False,False,True,True,0.2945815918723669,1996.0,1996.0,525340675.0,525.340675,2552.0,0.7821316614420063,-0.31318154082749217,-0.07765475431230162,91.13573267794435,4.565918470838895,-0.18696537678207736,-0.2178683385579937,34.39222845066797,9.63694860263778,29.96411492088498,fund_small_mcap,3,trend_break;trailing_stop;di_bear,True,False,False,False,True,False,True,False,False,7047.T,,1996.0,9.813659,2.4772015,203.39,805.748,26183303168.0,,1747205100.0,1747205100.0,True,,,False,1747205100.0,2025-05-14,-280.0
1,False,14.81481481481481,True,True,False,True,0.4542236647837021,124.0,124.0,23435920.0,23.43592,315.0,0.39365079365079364,-0.6063492063492064,-0.3804801279008768,5.804699900273993,4.681209596995156,-0.22012578616352196,-0.3575129533678757,45.80154949207052,9.69586366541094,38.02892543772974,"fund_low_adv20,fund_small_mcap",3,trend_break;trailing_stop;di_bear,True,False,False,False,True,False,True,False,False,7048.T,,124.0,32.545933,1.715171,3.81,72.296,4538807296.0,,1754978400.0,1755496800.0,True,,,False,1754978400.0,2025-08-12,-216.0
3,False,74.19354838709677,True,True,False,True,0.4996262734750726,809.0,809.0,6111660.0,6.11166,1009.0,0.8017839444995044,-0.25768087215064417,-0.05269875469113183,9.017036590337351,1.114590431438486,0.0,-0.004920049200492049,17.728749262605426,23.684398079659093,12.571241154738033,"fund_low_adv20,fund_small_mcap",1,trend_break,True,False,False,False,False,False,False,False,False,7049.T,,809.0,24.041603,2.3709183,33.65,341.218,6806905856.0,,1744353000.0,1744353000.0,True,,,False,1744353000.0,2025-04-11,-303.0
1,False,29.568106312292358,False,False,True,True,0.47243783674827533,1287.0,1287.0,27264485.0,27.264485,1631.592041015625,0.7888001213825945,-0.21610306507510624,-0.01801610742451709,42.83965993814206,3.328644905838544,-0.1232970027247956,-0.2074659087039501,32.67122423317501,15.13859181845978,31.847566022558922,"fund_low_adv20,fund_small_mcap",3,trend_break;trailing_stop;di_bear,True,False,False,False,True,False,True,False,False,7050.T,,1287.0,10.088579,1.2023981,127.57,1070.361,11454042112.0,,1749812340.0,1749812340.0,True,,,False,1749812340.0,2025-06-13,-258.0
2,False,49.152542372881356,True,False,True,True,0.38976967244550587,893.0,893.0,2174210.0,2.17421,1135.9205322265625,0.7861465434114441,-0.35382039299723644,-0.094849535622756,12.601942027065354,1.4111917163567027,-0.0356371490280778,-0.12083615228091538,17.48507603945825,33.6689358600914,24.26645106257822,"fund_low_adv20,fund_small_mcap",1,trend_break,True,False,False,False,False,False,False,False,False,7057.T,,893.0,18.34429,1.243175,48.68,718.322,2663775232.0,,1747296000.0,1747296000.0,True,,,False,1747296000.0,2025-05-15,-279.0
6,True,46.42857142857143,False,False,True,True,0.38099760671136135,3000.0,3000.0,2183520.0,2.18352,3150.0,0.9523809523809523,-0.1640144098551919,0.019217343002308596,31.963060195118988,1.0654353398372995,-0.0228013029315961,-0.025974025974025983,12.218342779846632,26.0900441291191,35.787016108450324,"fund_low_adv20,fund_small_mcap",1,macd_sell_like,False,False,True,False,False,False,False,False,False,7058.T,,3000.0,6.775068,0.86551684,442.8,3466.137,4341431808.0,,1747296000.0,1747296000.0,True,,,False,1747296000.0,2025-05-15,-279.0
1,False,29.914529914529908,True,False,True,False,0.4509864723959555,736.0,736.0,210417565.0,210.417565,1155.412353515625,0.6370020172975819,-0.36386347457374635,-0.22721989602183834,22.614571089868235,3.072631941558184,-0.11432009626955475,-0.18942731277533043,37.987452623327634,13.106735630588673,30.274400457069532,fund_small_mcap,3,trend_break;trailing_stop;di_bear,True,False,False,False,True,False,True,False,False,7059.T,,736.0,9.861986,2.8411283,74.63,259.052,28206522368.0,,1747294800.0,1747294800.0,True,,,False,1747294800.0,2025-05-15,-279.0
4,False,71.54471544715447,False,False,True,False,0.4164065882691102,589.0,589.0,16417800.0,16.4178,677.8135375976562,0.8689705462177193,-0.2863903144598474,0.022574276303547247,20.451898889926632,3.472308809834742,-0.024834437086092676,-0.024834437086092676,20.914804446680655,28.060545695349408,12.511704071183244,"fund_low_adv20,fund_small_mcap",1,trend_break,True,False,False,False,False,False,False,False,False,7060.T,,589.0,9.395438,1.9602948,62.69,300.465,5983950848.0,,1754548200.0,1754980200.0,True,,,False,1754548200.0,2025-08-07,-219.0
0,False,24.404761904761898,False,False,True,False,0.5869230294547472,586.0,586.0,85008050.0,85.00805,1466.60498046875,0.3995622596431557,-0.6045288215136002,-0.4363862268497358,21.062266270324695,3.5942433908403917,-0.1917241379310345,-0.2747524752475248,51.955211507342455,7.455991887774182,34.23128510314902,"fund_low_adv20,fund_small_mcap",3,trend_break;trailing_stop;di_bear,True,False,False,False,True,False,True,False,False,7061.T,,586.0,17.816965,1.3891293,32.89,421.847,4952057344.0,,1754978400.0,1755496800.0,True,,,False,1754978400.0,2025-08-12,-216.0
1,False,38.63636363636364,False,False,True,True,0.27894581425732023,760.0,760.0,3280965.0,3.280965,952.0545043945312,0.7982736245582176,-0.6572327017542405,-0.08050724819449595,18.53792509515838,2.4392006704155764,-0.07990314769975781,-0.14027149321266963,21.78693634749708,16.49375576058736,36.74456591497364,"fund_low_adv20,fund_small_mcap",2,trend_break;di_bear,True,False,False,False,False,False,True,False,False,7062.T,,760.0,3.8735983,0.9101382,196.2,835.038,1982486656.0,,1747290600.0,1747290600.0,True,,,False,1747290600.0,2025-05-15,-279.0
2,False,40.0,True,False,True,True,0.3534381833979317,89.0,89.0,36488695.0,36.488695,337.0,0.26409495548961426,-0.8131578947368421,-0.4406385519451952,8.446238347637435,9.490155446783634,-0.160377358490566,-0.40268456375838924,18.487046189729124,32.18652408570565,18.66885592119305,"fund_neg_eps,fund_low_adv20,fund_small_mcap",2,trend_break;trailing_stop,True,False,False,False,True,False,False,False,False,7063.T,,89.0,-3.8461538461538463,1.1837626,-23.14,75.184,3001079296.0,,1747206000.0,1747206000.0,True,,,False,1747206000.0,2025-05-14,-280.0
3,False,43.961352657004824,True,False,True,True,0.48479541188791825,819.0,819.0,5253945.0,5.253945,1450.0,0.5648275862068965,-0.4813793103448276,-0.25933629659104784,25.06473344120868,3.0604070135785935,-0.034198113207547176,-0.21250000000000002,21.308057266271433,28.050287140197998,24.122033812913063,"fund_low_adv20,fund_small_mcap",1,trend_break,True,False,False,False,False,False,False,False,False,7064.T,,819.0,23.420074,1.5574517,34.97,525.859,2225620224.0,,1749639540.0,1749639540.0,True,,,False,1749639540.0,2025-06-11,-260.0
5,True,32.173913043478265,False,False,True,True,0.5451790131159363,953.0,953.0,14183410.0,14.18341,1132.0,0.8418727915194346,-0.4916630569073005,0.0972934801698726,29.21064295593976,3.06512517900732,-0.12728937728937728,-0.12728937728937728,15.247390303940831,21.36713360664103,24.392537012905702,"fund_low_adv20,fund_small_mcap",1,trailing_stop,False,False,False,False,True,False,False,False,False,7065.T,,953.0,10.319437,0.7698273,92.35,1237.94,7299499520.0,,1752127200.0,1752472800.0,True,,,False,1752127200.0,2025-07-10,-239.0
0,False,31.7829457364341,False,False,False,True,0.3988397367708764,383.0,383.0,8696435.0,8.696435,772.0,0.4961139896373057,-0.5038860103626943,-0.2641231787609458,18.89075317638694,4.932311534304684,-0.18162393162393164,-0.3669421487603306,23.046935566844013,14.356773007391832,34.50439741944916,"fund_low_adv20,fund_small_mcap",4,trend_break;macd_sell_like;trailing_stop;di_bear,True,False,True,False,True,False,True,False,False,7066.T,,383.0,8.552926,1.2207911,44.78,313.731,3448701696.0,,1754978400.0,1755496800.0,True,,,False,1754978400.0,2025-08-12,-216.0
2,False,51.42314990512334,False,False,True,False,0.1859161684222183,1005.0,1005.0,5600790.0,5.60079,1522.6046142578125,0.6600531684910749,-0.4637333445543994,0.01105418306831596,31.962852875903064,3.180383370736623,-0.11842105263157898,-0.11842105263157898,18.779636505751938,35.145387241773015,34.76440681127876,"fund_low_adv20,fund_small_mcap",2,trend_break;trailing_stop,True,False,False,False,True,False,False,False,False,7067.T,,1005.0,35.918514,1.2761078,27.98,787.551,1605603072.0,,1747204200.0,1747204200.0,True,,,False,1747204200.0,2025-05-14,-280.0
0,False,29.762624310943323,False,False,True,True,0.40537098441811337,462.0,462.0,27991545.0,27.991545,777.9631958007812,0.5938584273571571,-0.4112832040485326,-0.22441401599630317,11.701883794536123,2.532875280202624,-0.0738636231551224,-0.18822136114287635,25.193241108514897,13.977486160795905,28.373174439347576,"fund_low_adv20,fund_small_mcap",2,trend_break;di_bear,True,False,False,False,False,False,True,False,False,7068.T,,462.0,8.8336525,3.3083417,52.3,139.647,11026673664.0,,1750816800.0,1751248800.0,True,,,False,1750816800.0,2025-06-25,-250.0
5,True,84.3520782396088,True,True,False,False,0.35970598500225676,1400.0,1400.0,17073570.0,17.07357,1400.0,1.0,-0.607843137254902,0.6889650263599185,71.02080929959001,5.072914949970715,0.0,0.0,29.583023429877382,42.86024772446399,10.593539639299609,"fund_low_adv20,fund_small_mcap",1,rsi_reversal;ext_dev200,False,False,False,True,False,True,False,False,False,7069.T,,1400.0,9.667841,5.3324394,144.81,262.544,5702062592.0,,1754978400.0,1755496800.0,True,,,False,1754978400.0,2025-08-12,-216.0
0,False,31.521739130434796,False,False,True,False,0.4849418719925002,349.0,349.0,217529755.0,217.529755,766.9210815429688,0.455066379578257,-0.8381379280568517,-0.28893583783897114,15.455951965818327,4.428639531753102,-0.08877284595300261,-0.3006012024048096,25.132680446281555,19.296630301196558,28.19327557245267,,3,trend_break;trailing_stop;di_bear,True,False,False,False,True,False,True,False,False,7071.T,,349.0,11.886921,0.90057546,29.36,387.53,34238556160.0,,1754463600.0,1754982000.0,True,,,True,1754463600.0,2025-08-06,-220.0
3,False,50.125733445096394,False,False,True,False,0.5108366794849982,990.0,990.0,72548450.0,72.54845,1707.0,0.5799648506151143,-0.5155243116578794,-0.12894668537818232,85.63102085090922,8.649598065748407,-0.3110647181628392,-0.3110647181628392,39.74402706742858,36.4604112010947,15.210651597766173,"fund_low_adv20,fund_small_mcap",4,trend_break;macd_sell_like;trailing_stop;natr_spike,True,False,True,False,True,False,False,False,True,7072.T,,990.0,17.912067,1.8852834,55.27,525.12,3110311680.0,,1754978400.0,1755496800.0,True,,,False,1754978400.0,2025-08-12,-216.0
3,False,62.30769230769231,False,True,False,True,0.30220345067259147,2260.0,2260.0,1788585.0,1.788585,2781.0,0.8126573175116865,-0.5625889617443873,-0.034292747587106764,41.14800957740813,1.8207083883808908,-0.024600776866637863,-0.06572964034725093,22.822406884657244,30.805170130254915,20.83346487151835,"fund_low_adv20,fund_small_mcap",2,trend_break;vol_distribution,True,False,False,False,False,False,False,True,False,7073.T,,2275.0,16.777285,1.9672189,135.6,1156.455,2106891136.0,,1747375200.0,1747634400.0,True,,,False,1747375200.0,2025-05-16,-278.0
2,False,40.74074074074074,False,False,True,True,0.31304028529052014,166.0,166.0,2740480.0,2.74048,300.0,0.5533333333333333,-0.5160493827160494,-0.2752357666783094,6.956046992298929,4.190389754396945,-0.05142857142857138,-0.21698113207547165,21.29011112592084,27.09018911763925,20.679883150150786,"fund_neg_eps,fund_low_adv20,fund_small_mcap",1,trend_break,True,False,False,False,False,False,False,False,False,7074.T,,166.0,-6.712494945410432,25.155327,-24.73,6.599,1408691456.0,,1752129000.0,1752474600.0,True,,,False,1752129000.0,2025-07-10,-239.0
5,True,33.783783783783775,False,False,True,True,0.3847769325884443,771.0,771.0,6466985.0,6.466985,831.5921020507812,0.927137232422776,,0.006254375761951092,11.253076528777486,1.459542999841438,-0.03985056039850565,-0.07286276757722399,14.724209865224736,21.5004862064019,18.618966989894115,"fund_low_adv20,fund_small_mcap",0,,False,False,False,False,False,False,False,False,False,7075.T,,771.0,11.449362,2.783846,67.34,276.955,5770919424.0,,1747204200.0,1747204200.0,True,,,False,1747204200.0,2025-05-14,-280.0
2,False,27.65957446808511,False,False,True,True,0.4591373477911116,979.0,979.0,1007175.0,1.007175,1129.0,0.8671390611160319,-0.1773675762439807,-0.05412912731576536,8.65722049806461,0.8842921857062933,-0.022954091816367317,-0.023928215353938187,30.75937897244445,9.488463831744658,28.08102714360808,"fund_neg_eps,fund_low_adv20,fund_small_mcap",2,trend_break;di_bear,True,False,False,False,False,False,True,False,False,7077.T,,979.0,-6.493334217682563,1.274416,-150.77,768.195,1768888576.0,,1744612200.0,1744612200.0,True,,,False,1744612200.0,2025-04-14,-302.0
1,False,40.14598540145986,False,False,False,False,0.44447431424821565,351.0,351.0,13834240.0,13.83424,588.0,0.5969387755102041,-0.5914110429447853,-0.15674662758711821,18.238181576672584,5.196063127257147,-0.11809045226130654,-0.16229116945107402,14.59861277736696,20.301714226406624,26.58878018851918,"fund_neg_eps,fund_low_adv20,fund_small_mcap",3,trend_break;macd_sell_like;trailing_stop,True,False,True,False,True,False,False,False,False,7078.T,,351.0,-20.30075187969925,2.1834605,-17.29,160.754,3528467200.0,,1747216800.0,1747216800.0,True,,,False,1747216800.0,2025-05-14,-280.0
3,False,56.32911392405063,True,False,True,True,0.3172592580031867,2579.0,2579.0,3690625.0,3.690625,3017.2392578125,0.8547548867138154,-0.3649892500496854,-0.010112637832970672,23.664660201961492,0.9175905467995926,-0.008076923076923093,-0.024952741020793923,21.08513514358068,22.047845310283215,38.302760424588115,"fund_low_adv20,fund_small_mcap",2,trend_break;di_bear,True,False,False,False,False,False,True,False,False,7079.T,,2579.0,9.131143,1.2969706,282.44,1988.48,6202113536.0,,1747206000.0,1747206000.0,True,,,False,1747206000.0,2025-05-14,-280.0
4,False,43.00000000000001,True,False,True,True,0.49443291886770574,788.0,788.0,16043865.0,16.043865,975.112060546875,0.8081122487174075,-0.21278722973296083,-0.08062401506171601,22.607223367078795,2.8689369755176135,-0.050602409638554224,-0.14533622559652926,24.90123448608201,13.122721297933094,22.639952592203386,"fund_low_adv20,fund_small_mcap",2,trend_break;di_bear,True,False,False,False,False,False,True,False,False,7080.T,,788.0,7.4677787,2.1764529,105.52,362.057,5781590528.0,,1754550000.0,1754982000.0,True,,,False,1754550000.0,2025-08-07,-219.0
6,True,60.0,True,False,True,False,0.48428316604811233,1315.0,1315.0,8098475.0,8.098475,1412.0,0.9313031161473088,-0.11756373937677056,0.051772564967603074,24.71709246317299,1.879626803283117,-0.033798677443056535,-0.033798677443056535,17.32209987567987,30.89372038721736,17.260269565593756,"fund_low_adv20,fund_small_mcap",0,,False,False,False,False,False,False,False,False,False,7081.T,,1315.0,7.680626,1.1452918,171.21,1148.179,14625375232.0,,1754550000.0,1754895600.0,True,,,False,1754550000.0,2025-08-07,-219.0
3,False,28.57142857142857,False,False,True,False,0.5411111646580434,1416.0,1416.0,568936035.0,568.936035,1732.0,0.8175519630484989,-0.5946882217090069,0.2806830309498398,22.217389057731374,1.5690246509697299,-0.012552301255230103,-0.012552301255230103,65.09172394097305,63.5553029690183,8.184009507419638,fund_small_mcap,2,trend_break;macd_sell_like;ext_dev200,True,False,True,False,False,True,False,False,False,7082.T,,1416.0,29.673092,7.5905395,47.72,186.548,13813040128.0,,1754978400.0,1755496800.0,True,,,False,1754978400.0,2025-08-12,-216.0
1,False,28.787878787878796,False,False,True,True,0.38722315106985983,740.0,740.0,2473430.0,2.47343,980.178466796875,0.754964554993996,-0.8155797044014765,-0.10288212075098357,20.9288944113822,2.828228974511108,-0.043927648578811374,-0.043927648578811374,27.13183029846502,22.56941371065051,28.1765436903913,"fund_low_adv20,fund_small_mcap",3,trend_break;macd_sell_like;di_bear,True,False,True,False,False,False,True,False,False,7083.T,,740.0,1644.4445,1.3404607,0.45,552.049,1522763904.0,,1752105600.0,1752451200.0,True,,,False,1752105600.0,2025-07-10,-239.0
1,False,22.597402597402592,False,False,True,False,0.4839484325627222,2064.0,2064.0,19195085.0,19.195085,3527.677001953125,0.5850875799732376,-0.42483396329181244,-0.236332061087289,108.40385421507564,5.252124719722657,-0.28008371119637254,-0.37073170731707317,55.8178508896019,6.895944398038982,33.44305088051348,"fund_low_adv20,fund_small_mcap",3,trend_break;trailing_stop;di_bear,True,False,False,False,True,False,True,False,False,7084.T,,2064.0,30.339556,1.0759757,68.03,1918.259,6615990784.0,,1747290600.0,1747290600.0,True,,,False,1747290600.0,2025-05-15,-279.0
6,True,62.71186440677966,True,False,True,True,0.42805227760731906,868.0,868.0,224982940.0,224.98294,890.0,0.9752808988764045,-0.19417803060787564,0.09991337979651149,18.360558752398827,2.1152717456680676,0.0,-0.024719101123595544,20.18919248333451,27.552688610943747,14.129275956553103,,0,,False,False,False,False,False,False,False,False,False,7085.T,,868.0,18.064516,3.4877787,48.05,248.869,79936372736.0,,1751869800.0,1752215400.0,True,,,True,1751869800.0,2025-07-07,-242.0
6,True,44.827586206896555,False,False,True,False,0.5340404828349571,1288.0,1288.0,2469300.0,2.4693,1360.084228515625,0.9470001732214066,-0.11377525979073067,0.004998080957327566,19.947391367669802,1.5487105099122518,-0.022019741837509543,-0.036996074255915334,11.295106074598516,17.049311244862494,14.555373354646875,"fund_low_adv20,fund_small_mcap",0,,False,False,False,False,False,False,False,False,False,7087.T,,1288.0,9.147727,0.9461106,140.8,1361.363,8144573952.0,,1747123200.0,1747123200.0,True,,,False,1747123200.0,2025-05-13,-281.0
4,True,59.292035398230084,False,True,False,False,0.36542106655318823,1642.0,1642.0,60331700.0,60.3317,1647.0,0.9969641772920461,-0.2077625570776256,0.4631386194636644,78.4745931672794,4.779207866460377,0.0,-0.0030358227079538835,25.06873762524169,37.69070141198802,18.859751348985487,"fund_low_adv20,fund_small_mcap",0,ext_dev200,False,False,False,False,False,True,False,False,False,7089.T,,1642.0,33.098164,3.850203,49.61,426.471,10595362816.0,,1746772200.0,1746772200.0,True,,,False,1746772200.0,2025-05-09,-283.0
3,False,70.97625329815304,True,False,True,False,0.45231742212682613,1014.0,1014.0,4138055.0,4.138055,1438.0,0.7051460361613352,-0.5832635983263599,0.010775625753845164,40.73806397129456,4.017560549437333,-0.03336510962821737,-0.03336510962821737,29.532305699011474,35.35557143975912,12.50234987540056,"fund_neg_eps,fund_low_adv20,fund_small_mcap",3,trend_break;rsi_reversal;natr_spike,True,False,False,True,False,False,False,False,True,7090.T,,1014.0,-6.367746797287113,9.1315975,-159.24,111.043,1613019520.0,,1747117800.0,1747117800.0,True,,,False,1747117800.0,2025-05-13,-281.0
6,True,40.816326530612244,True,False,True,False,0.24968614686852458,1183.0,1183.0,20849460.0,20.84946,1319.0,0.8968915845337376,-0.2815372028390549,0.07482381554012774,41.66406094095463,3.521898642515184,-0.10310841546626237,-0.10310841546626237,17.995514465800554,14.539058092518301,22.414964730797692,"fund_low_adv20,fund_small_mcap",1,trailing_stop,False,False,False,False,True,False,False,False,False,7091.T,,1183.0,13.352144,2.1255302,88.6,556.567,5305449984.0,,1747290600.0,1747290600.0,True,,,False,1747290600.0,2025-05-15,-279.0
2,False,44.77611940298508,True,False,True,True,0.31937753324569196,505.0,505.0,18966915.0,18.966915,876.0,0.5764840182648402,-0.48488120950323976,-0.12228865406006673,14.394900644009937,2.850475375051473,-0.05253283302063794,-0.141156462585034,16.427517425994868,24.905881880841342,27.078127973379544,"fund_neg_eps,fund_low_adv20,fund_small_mcap",1,trend_break,True,False,False,False,False,False,False,False,False,7093.T,,505.0,-490.2912621359223,1.9497242,-1.03,259.011,1062600832.0,,1754982000.0,1755500400.0,True,,,False,1754982000.0,2025-08-12,-216.0
0,False,34.39716312056737,False,False,True,True,0.39871380766817366,1276.0,1276.0,113670550.0,113.67055,2305.2548828125,0.5535179686695776,-0.44995236342239475,-0.2544753983782547,43.39680499233642,3.401003526045174,-0.09375,-0.20707700810575314,33.12083476880234,13.101130678748433,31.889882203875185,"fund_low_adv20,fund_small_mcap",3,trend_break;trailing_stop;di_bear,True,False,False,False,True,False,True,False,False,7094.T,,1276.0,15.749198,2.2405934,81.02,569.492,12464414720.0,,1754460000.0,1754892000.0,True,,,False,1754460000.0,2025-08-06,-220.0
2,False,41.55251141552512,True,False,True,True,0.2529531258236202,1167.0,1167.0,137082720.0,137.08272,3327.255126953125,0.35073956022983416,-0.6564735926797769,-0.28104581423018205,41.12306346870395,3.5238272038306726,-0.051990251827782274,-0.1398825083773173,31.173176182477587,13.005738843135346,21.979403424095192,"fund_low_adv20,fund_small_mcap",2,trend_break;di_bear,True,False,False,False,False,False,True,False,False,7095.T,,1167.0,5.805104,1.1639156,201.03,1002.65,14536647680.0,,1757484000.0,1757916000.0,True,,,False,1757484000.0,2025-09-10,-195.0
2,False,55.629139072847686,True,False,True,False,0.45680687601707387,660.0,660.0,10582155.0,10.582155,1143.0,0.5774278215223098,-0.5804006497022198,-0.19928178002086716,21.128508048186003,3.2012890982100006,-0.032258064516129004,-0.21615201900237535,28.339789263169475,25.20010144347034,19.14222875132224,"fund_low_adv20,fund_small_mcap",1,trend_break,True,False,False,False,False,False,False,False,False,7096.T,,660.0,42.690815,2.4782498,15.46,266.317,6646324224.0,,1747117800.0,1747117800.0,True,,,False,1747117800.0,2025-05-13,-281.0
6,True,36.496350364963504,False,False,True,True,0.41400873175591824,2863.0,2863.0,9782015.0,9.782015,3260.327880859375,0.8781325390025971,-0.20468121773184267,0.031461774341915216,47.94901939304391,1.6747823748880164,-0.06437908496732025,-0.07495961227786752,24.466643289819647,16.08759082913806,28.121781169015865,"fund_low_adv20,fund_small_mcap",2,macd_sell_like;di_bear,False,False,True,False,False,False,True,False,False,7097.T,,2863.0,16.872938,2.1009467,169.68,1362.719,12735528960.0,,1757484000.0,1757916000.0,True,,,False,1757484000.0,2025-09-10,-195.0
5,True,,False,False,True,False,0.4907502392455203,650.0,650.0,0.0,0.0,650.0,1.0,0.0,0.0040144920237672466,0.0,0.0,0.0,0.0,,,,"fund_low_adv20,fund_small_mcap",0,,False,False,False,False,False,False,False,False,False,7098.T,,650.0,66.9413,9.67262,9.71,67.2,0.0,,1741937400.0,1741937400.0,True,,,False,1741937400.0,2025-03-14,-323.0
1,False,30.434782608695656,False,False,False,True,0.5360848936238883,3150.0,3150.0,122889275.0,122.889275,4389.43310546875,0.71763253347578,-0.2857847643026761,-0.07672297180643572,102.50716841133142,3.25419582258195,-0.11016949152542377,-0.18037832416258348,39.867993992143376,14.157634085956536,30.47010617602803,fund_low_adv20,3,trend_break;trailing_stop;di_bear,True,False,False,False,True,False,True,False,False,7102.T,,3150.0,3.89755,0.55262214,808.2,5700.097,45452070912.0,,1753684800.0,1754030400.0,True,,,False,1753684800.0,2025-07-28,-227.0
5,False,49.68553459119497,True,False,True,True,0.4821447241182219,2043.0,2043.0,5800880.0,5.80088,2372.0,0.8612984822934233,-0.17537942664418216,-0.008990873305570801,30.45482720897999,1.4906914933421433,-0.007770762506070894,-0.03994360902255634,14.244227387894865,23.840336770070586,14.945817651736451,"fund_low_adv20,fund_small_mcap",1,trend_break,True,False,False,False,False,False,False,False,False,7110.T,,2043.0,15.898832,2.7130682,128.5,753.022,15057526784.0,,1749812340.0,1749812340.0,True,,,False,1749812340.0,2025-06-13,-258.0
1,False,36.46616541353384,False,False,True,False,0.31645425645319536,434.0,434.0,32859910.0,32.85991,1155.0,0.37575757575757573,-0.6493506493506493,-0.25676659217207387,22.305196791929355,5.13944626542151,-0.25172413793103443,-0.25172413793103443,19.246163320632306,28.421376588126428,25.382655975478237,"fund_low_adv20,fund_small_mcap",2,trend_break;trailing_stop,True,False,False,False,True,False,False,False,False,7111.T,,434.0,17.535353,0.61983263,24.75,700.189,3163004928.0,,1747722600.0,1747722600.0,True,,,False,1747722600.0,2025-05-20,-276.0
4,True,46.89265536723163,False,False,True,False,0.24218773119108222,696.0,696.0,3283195.0,3.283195,936.0,0.7435897435897436,-0.4842995169082126,0.040055589178042306,21.90596845869891,3.147409261307315,-0.07323568575233019,-0.2564102564102564,26.69397819271633,20.171980528104218,35.87951186191901,"fund_low_adv20,fund_small_mcap",1,di_bear,False,False,False,False,False,False,True,False,False,7112.T,,696.0,122.75132,3.9122443,5.67,177.903,4262244096.0,,1747292400.0,1747292400.0,True,,,False,1747292400.0,2025-05-15,-279.0
1,False,25.75757575757575,True,False,True,True,0.27936220975879955,765.0,765.0,2628330.0,2.62833,990.0,0.7727272727272727,-0.47134935304990755,-0.11323882275208941,12.706277936603733,1.660951364261926,-0.06707317073170727,-0.13265306122448983,38.22538124643915,11.768571593465966,27.88611036799626,"fund_low_adv20,fund_small_mcap",2,trend_break;di_bear,True,False,False,False,False,False,True,False,False,7114.T,,765.0,23.61111,1.4475449,32.4,528.481,3409227776.0,,1747204200.0,1747204200.0,True,,,False,1747204200.0,2025-05-14,-280.0
0,False,34.38395415472779,False,False,True,True,0.6261478675004315,1446.0,1446.0,17314345.0,17.314345,3682.639404296875,0.3926531602070022,-0.6073468397929978,-0.36868426388227893,51.89205416102454,3.588662113487174,-0.09906542056074763,-0.17465753424657537,13.569677390697983,22.055574424554415,24.58368786165938,"fund_low_adv20,fund_small_mcap",2,trend_break;trailing_stop,True,False,False,False,True,False,False,False,False,7115.T,,1446.0,14.16536,2.118579,102.08,682.533,14197533696.0,,1747204200.0,1747204200.0,True,,,False,1747204200.0,2025-05-14,-280.0
4,True,64.19753086419753,False,False,True,True,0.514420850296984,1594.0,1594.0,9232450.0,9.23245,1657.0,0.9619794809897405,-0.1477663346930792,0.15486497195347804,30.007908248112244,1.8825538424160755,-0.013003095975232193,-0.03802051901025949,32.195074653048444,31.594990826916717,14.840603250236123,"fund_low_adv20,fund_small_mcap",0,,False,False,False,False,False,False,False,False,False,7119.T,,1594.0,16.916056,1.9784702,94.23,805.673,17607229440.0,,1747290600.0,1747290600.0,True,,,False,1747290600.0,2025-05-15,-279.0
6,True,48.14814814814815,False,False,True,False,0.3300908107363243,979.0,979.0,21409475.0,21.409475,1060.0,0.9235849056603773,-0.11860942076089487,0.14020480913216815,30.341907135926554,3.0992754990731926,-0.0622605363984674,-0.07641509433962268,25.513988082265953,19.848012811508088,16.806239622338094,"fund_low_adv20,fund_small_mcap",1,macd_sell_like,False,False,True,False,False,False,False,False,False,7120.T,,979.0,6.818973,2.026009,143.57,483.216,4605115904.0,,1747200600.0,1747200600.0,True,,,False,1747200600.0,2025-05-14,-280.0
4,False,38.865546218487395,False,False,False,True,0.3689384821207836,2227.0,2227.0,8313245.0,8.313245,2507.73486328125,0.8880524143952275,-0.1783782529480591,-0.04857666882767864,57.31317165823953,2.5735595715419635,-0.08278418451400327,-0.08729508196721314,19.11236864338049,14.14458420576899,26.70271120895634,"fund_low_adv20,fund_small_mcap",3,trend_break;macd_sell_like;trailing_stop,True,False,True,False,True,False,False,False,False,7122.T,,2227.0,18.525913,0.42615622,120.21,5225.783,15322020864.0,,1754460000.0,1754978400.0,True,,,False,1754460000.0,2025-08-06,-220.0
4,True,26.66666666666667,False,False,True,True,0.5961837619518743,1500.0,1500.0,5378080.0,5.37808,1657.6392822265625,0.9049013353406904,-0.20730643024155515,0.008803491805152941,11.385946840410577,0.7590631226940384,-0.02407286922576446,-0.03784477228992944,36.113231979134305,12.563341064953898,26.74483026800516,"fund_low_adv20,fund_small_mcap",1,di_bear,False,False,False,False,False,False,True,False,False,7126.T,,1500.0,11.329306,1.7001328,132.4,882.284,5083359232.0,,1749812340.0,1749812340.0,True,,,False,1749812340.0,2025-06-13,-258.0
5,False,48.64864864864865,True,False,True,True,0.4845311437493322,686.0,686.0,3393565.0,3.393565,730.0,0.9397260273972603,-0.09859154929577463,-0.006106792810935735,5.3639843983167825,0.7819219239528838,-0.004354136429608135,-0.037868162692847096,9.387240231902465,15.90738849287062,14.429442993184951,"fund_low_adv20,fund_small_mcap",1,trend_break,True,False,False,False,False,False,False,False,False,7127.T,,686.0,63.05147,4.9978147,10.88,137.26,5038944256.0,,1747204200.0,1747204200.0,True,,,False,1747204200.0,2025-05-14,-280.0
3,False,39.3574297188755,True,False,True,True,0.3938434961097,2018.0,2018.0,129686600.0,129.6866,2436.0,0.8284072249589491,-0.1744663382594417,-0.08934182712822392,29.272358434846446,1.4505628560379804,-0.039047619047619,-0.11839231105286152,29.772990854134285,17.08177069574421,31.0473383268572,fund_low_adv20,2,trend_break;di_bear,True,False,False,False,False,False,True,False,False,7128.T,,2018.0,25.275553,0.6675413,79.84,3023.034,48524390400.0,,1747033200.0,1747033200.0,True,,,False,1747033200.0,2025-05-12,-282.0
8,True,50.0,True,False,True,True,0.39467463118660356,1138.0,1138.0,1327005.0,1.327005,1180.7552490234375,0.9637899140750813,-0.10082234541007418,0.009497943852135649,11.058495220800147,0.9717482619332289,-0.005244755244755206,-0.0362100859249187,21.485276274587413,19.40727965619588,13.7562460541755,"fund_low_adv20,fund_small_mcap",0,,False,False,False,False,False,False,False,False,False,7129.T,,1138.0,15.862839,0.81358993,71.74,1398.739,3188879616.0,,1747209600.0,1747209600.0,True,,,False,1747209600.0,2025-05-14,-280.0
6,True,63.44647519582246,True,False,True,True,0.4901543761781927,2946.0,2946.0,196762635.0,196.762635,3104.419921875,0.948969557643053,-0.20027020514647098,0.08597335889527002,85.94321922483631,2.917285106070479,0.0,-0.04350649350649349,9.949223280390543,24.565008996885794,18.32424646687659,fund_low_adv20,0,,False,False,False,False,False,False,False,False,False,7130.T,,2946.0,7.378281,0.7588084,399.28,3882.403,81798037504.0,,1746768600.0,1746768600.0,True,,,False,1746768600.0,2025-05-09,-283.0
6,True,60.698689956331876,True,False,True,True,0.40893529014038954,3750.0,3750.0,14124525.0,14.124525,4450.0,0.8426966292134831,-0.2640449438202247,0.13842053127464715,152.68390080697213,4.071570688185924,-0.06015037593984962,-0.12993039443155452,15.170723719149592,24.462741649138625,21.826589921117623,"fund_low_adv20,fund_small_mcap",0,,False,False,False,False,False,False,False,False,False,7131.T,,3750.0,9.751404,2.0948482,384.56,1790.106,4958504960.0,,1749812340.0,1749812340.0,True,,,False,1749812340.0,2025-06-13,-258.0
5,True,,False,False,True,True,0.49053649120881304,4000.0,4000.0,0.0,0.0,4000.0,1.0,0.0,0.00746531800642769,0.0,0.0,0.0,0.0,,,,"fund_low_adv20,fund_small_mcap",0,,False,False,False,False,False,False,False,False,False,7132.T,,4000.0,12.515644,0.7811286,319.6,5120.796,1948320000.0,,,,True,,,False,,,
1,False,68.94736842105263,False,False,True,False,0.26867595621187046,1027.0,1027.0,16589030.0,16.58903,1555.964599609375,0.6600407234572229,-0.411297660480218,-0.099087587150407,30.805344509372308,2.999546690299154,-0.004844961240310086,-0.08792184724689167,33.58588866138433,22.56305528564896,23.875517835535316,"fund_low_adv20,fund_small_mcap",2,trend_break;di_bear,True,False,False,False,False,False,True,False,False,7133.T,,1027.0,15.016815,2.6819525,68.39,382.93,7324432384.0,,1747220340.0,1747220340.0,True,,,False,1747220340.0,2025-05-14,-280.0
6,True,35.87301587301587,False,False,True,False,0.40993757060775504,1188.0,1188.0,19832255.0,19.832255,1279.0,0.9288506645817045,-0.17178424365165357,0.09210924972072698,45.370745669524496,3.8190863358185605,-0.07114933541829549,-0.07114933541829549,27.52044354586706,24.50649463362829,15.655282292307454,"fund_low_adv20,fund_small_mcap",0,,False,False,False,False,False,False,False,False,False,7134.T,,1188.0,12.147239,1.833653,97.8,647.887,9416867840.0,,1747047540.0,1747047540.0,True,,,False,1747047540.0,2025-05-12,-282.0
2,False,78.57142857142857,True,False,True,True,0.2420790336544952,219.0,219.0,3126670.0,3.12667,258.0,0.8488372093023255,-0.2325581395348837,-0.007477906186267869,2.768702451720556,1.264247694849569,0.0,-0.004545454545454519,15.162261738390818,18.567813090196008,11.423496370900441,"fund_neg_eps,fund_low_adv20,fund_small_mcap",1,trend_break,True,False,False,False,False,False,False,False,False,7135.T,,219.0,-176.61290322580646,0.7147076,-1.24,306.419,8173225472.0,,1747220340.0,1747220340.0,True,,,False,1747220340.0,2025-05-14,-280.0
5,True,,False,False,True,False,0.4907502392455213,1200.0,1200.0,54000.0,0.054,1200.0,1.0,0.0,0.002004008016032177,0.0,0.0,0.0,0.0,,,,"fund_low_adv20,fund_small_mcap",0,,False,False,False,False,False,False,False,False,False,7137.T,,1200.0,5.3022265,2.7546692,226.32,435.624,2479200000.0,,,,True,,,False,,,
1,False,28.57142857142857,True,False,True,False,0.4737218590317249,123.0,123.0,58768690.0,58.76869,548.0,0.22445255474452555,-0.7755474452554745,-0.5102352856778802,10.706642051258125,8.704587033543191,-0.36269430051813467,-0.5461254612546125,46.50939061705238,12.276056791377735,35.79844706157328,"fund_neg_eps,fund_low_adv20,fund_small_mcap",3,trend_break;trailing_stop;di_bear,True,False,False,False,True,False,True,False,False,7138.T,,123.0,-2.4545998802634204,1.1112818,-50.11,110.683,1919340288.0,,1747220340.0,1747220340.0,True,,,False,1747220340.0,2025-05-14,-280.0
3,False,,False,False,True,False,,4700.0,4700.0,0.0,0.0,4700.0,1.0,0.0,0.0,0.0,0.0,0.0,0.0,,,,"fund_low_adv20,fund_small_mcap",0,,False,False,False,False,False,False,False,False,False,7139.T,,4700.0,7.3746314,0.5671908,637.32,8286.453,1932419072.0,,,,True,,,False,,,
4,False,44.134078212290504,False,False,True,False,0.3727649869327879,824.0,824.0,1315135.0,1.315135,971.0,0.8486096807415036,-0.28557409224730124,-0.0025179159403447837,17.621786295645926,2.138566298015282,-0.02485207100591713,-0.0625711035267349,21.360733917040474,14.467513844909185,24.691218416780405,"fund_neg_eps,fund_low_adv20,fund_small_mcap",2,trend_break;di_bear,True,False,False,False,False,False,True,False,False,7140.T,,824.0,-5.7385611811407475,1.5363705,-143.59,536.329,1553583616.0,,1747220340.0,1747220340.0,True,,,False,1747220340.0,2025-05-14,-280.0
1,False,48.275862068965516,False,False,True,True,0.37993792250019004,1521.0,1521.0,933231555.0,933.231555,2363.96337890625,0.64341098240859,-0.3811804419336672,-0.2341144076498608,40.556916927082334,2.6664639662776026,-0.028115015974440882,-0.2147545105809352,17.303319264327165,21.371414922901774,23.0112522831423,,2,trend_break;cross_sma25_down,True,True,False,False,False,False,False,False,False,7148.T,,1521.0,8.253744,2.1303656,184.28,713.962,127363932160.0,1777357800.0,1777357800.0,1777357800.0,True,,,True,1777357800.0,2026-04-28,-31.0
3,False,42.2680412371134,True,False,True,True,0.525124847397144,486.0,486.0,18546985.0,18.546985,664.5604248046875,0.7313104751051556,-0.2972798521108897,-0.06428210225263586,14.436643336580179,2.9705027441523,-0.04705882352941182,-0.11636363636363634,25.259352824432003,19.992861295681745,26.240636508399195,"fund_low_adv20,fund_small_mcap",2,trend_break;di_bear,True,False,False,False,False,False,True,False,False,7150.T,,486.0,28.454332,0.32340255,17.08,1502.771,3995638784.0,,1754461800.0,1754893800.0,True,,,False,1754461800.0,2025-08-06,-220.0
1,False,21.886120996441278,True,False,True,False,0.39330086663863517,1649.0,1649.0,549508920.0,549.50892,2625.0,0.6281904761904762,-0.3908571428571429,-0.18546984904765673,81.26696721020036,4.928257562777462,-0.16081424936386768,-0.282107096212451,27.148916365352687,18.42852587409656,32.996047956659865,,3,trend_break;trailing_stop;di_bear,True,False,False,False,True,False,True,False,False,7157.T,,1649.0,16.463657,1.3857843,100.16,1189.94,132481187840.0,1778653800.0,1785997800.0,1785997800.0,True,,,True,1785997800.0,2026-08-06,41.0
4,True,26.829268292682926,False,False,True,True,0.49358865210415664,514.0,514.0,79225975.0,79.225975,600.8187255859375,0.855499301388669,-0.25435080345890326,0.12863773269958045,19.971899055910757,3.885583473912599,-0.09187279151943462,-0.09187279151943462,17.214645714416186,23.792121710393367,23.74011781864322,"fund_low_adv20,fund_small_mcap",1,trailing_stop,False,False,False,False,True,False,False,False,False,7161.T,,514.0,39.906834,0.15693444,12.88,3275.253,13725569024.0,,1754287200.0,1754632800.0,True,,,False,1754287200.0,2025-08-04,-222.0
4,True,33.155080213903744,False,False,True,False,0.2703320244568218,265.0,265.0,259421820.0,259.42182,458.0,0.5786026200873362,-0.4279475982532751,0.11873888030337532,29.088528624301713,10.976803254453477,-0.28184281842818426,-0.4213973799126638,21.563744103151922,21.80854616619737,22.101036416377745,fund_small_mcap,3,trailing_stop;di_bear;natr_spike,False,False,False,False,True,False,True,False,True,7162.T,,265.0,1.7600957,0.4602884,150.56,575.726,3483682304.0,,1747297800.0,1747297800.0,True,,,False,1747297800.0,2025-05-15,-279.0
1,False,27.027027027027017,False,False,True,False,0.4334704154724532,2865.5,2865.5,1481669945.0,1481.669945,3402.95458984375,0.8420623679646493,-0.17630402463621986,-0.07891422618785282,52.74070984156085,1.8405412612654284,-0.08157051282051286,-0.12182041066503213,35.6969587937164,17.784908867822615,31.53065025388191,,3,trend_break;trailing_stop;di_bear,True,False,False,False,True,False,True,False,False,7164.T,,2865.5,11.762171,1.5530148,243.62,1845.121,380715237376.0,1778221800.0,1785911400.0,1785911400.0,True,,,True,1785911400.0,2026-08-05,40.0
4,True,42.201834862385326,False,False,False,True,0.2683815616082754,1375.5,1375.5,3419300550.0,3419.30055,1409.5,0.9758779709116708,-0.13998516184570875,0.24382639231194614,44.25121684010882,3.2171004609312117,-0.024122029088329167,-0.024122029088329167,16.490916109502166,26.187501141657854,25.343286164080165,,0,ext_dev200,False,False,False,False,False,True,False,False,False,7167.T,,1375.5,15.44291,1.198509,89.07,1147.676,1290978852864.0,1778653800.0,1785911400.0,1785911400.0,True,,,True,1785911400.0,2026-08-05,40.0
6,True,,False,False,True,False,0.4961864341165322,300.0,300.0,0.0,0.0,300.0,1.0,-0.2857142857142857,0.013171225937183229,3.095336767557915e-05,1.031778922519305e-05,0.0,0.0,89.7194241530512,94.86019981450872,5.139800185491195,"fund_low_adv20,fund_small_mcap",0,,False,False,False,False,False,False,False,False,False,7170.T,,300.0,192.3077,1.3477695,1.56,222.59,938046272.0,,1756360800.0,1756792800.0,True,,,False,1756360800.0,2025-08-28,-204.0
4,False,42.142857142857146,False,False,True,True,0.30414204849307785,2010.0,2010.0,684491630.0,684.49163,2483.0,0.8095046314941603,-0.25211437776882806,-0.004141722787143198,51.769667240403855,2.5756053353434756,-0.05009451795841213,-0.083029197080292,12.286388392601827,24.5483366407062,22.15065012942771,,1,trend_break,True,False,False,False,False,False,False,False,False,7172.T,,2010.0,11.549733,1.5766325,174.03,1274.869,124822364160.0,,1753768800.0,1754287200.0,True,,,True,1753768800.0,2025-07-29,-226.0
3,True,62.569832402234645,False,False,True,True,0.306697356551149,12030.0,12030.0,7711153600.0,7711.1536,12350.0,0.974089068825911,-0.19190283400809716,0.2891759688247517,510.02960677189816,4.239647604088929,-0.025910931174089047,-0.025910931174089047,15.496232323763525,34.17743531131624,19.36577939244588,,0,ext_dev200,False,False,False,False,False,True,False,False,False,7173.T,,12030.0,11.721947,0.8604793,1026.28,13980.58,413698916352.0,1778221800.0,1785479400.0,1785479400.0,True,,,True,1785479400.0,2026-07-31,37.0
6,True,47.70114942528736,False,False,True,True,0.3481816855140074,1320.0,1320.0,3328545.0,3.328545,1405.0,0.9395017793594306,-0.30976872994890603,0.09586836756839623,25.062496488797454,1.8986739764240497,-0.03083700440528636,-0.06049822064056942,12.89147645365699,18.106368896880365,22.19849783470208,"fund_low_adv20,fund_small_mcap",1,macd_sell_like,False,False,True,False,False,False,False,False,False,7175.T,,1320.0,6.400621,0.5123263,206.23,2576.483,6753996288.0,,1745562600.0,1745562600.0,True,,,False,1745562600.0,2025-04-25,-293.0
1,False,,False,False,True,False,0.5039945216038472,464.0,464.0,0.0,0.0,7110.0,0.06526019690576652,-0.95,-0.7677843296962054,0.010545470492621353,0.0022727307096166707,0.0,0.0,17.35900032905938,41.34198840470645,58.65801159529367,"fund_low_adv20,fund_small_mcap",1,trend_break,True,False,False,False,False,False,False,False,False,7176.T,,464.0,3.3535705,1.4694054,138.36,315.774,12583680000.0,,1748498400.0,1748498400.0,True,,,False,1748498400.0,2025-05-29,-269.0
5,True,31.023102310231025,False,False,True,False,0.5016681714957596,999.0,999.0,547542100.0,547.5421,1163.0,0.8589853826311264,-0.14101461736887355,0.07396132097005736,35.575060587150176,3.561067125840858,-0.14101461736887355,-0.14101461736887355,25.88952209067501,19.305115218342667,31.485576066439176,,3,macd_sell_like;trailing_stop;di_bear,False,False,True,False,True,False,True,False,False,7177.T,,999.0,11.283036,3.836273,88.54,260.409,117871312896.0,,1754289060.0,1754634660.0,True,,,True,1754289060.0,2025-08-04,-222.0
4,True,44.79830148619957,False,False,False,True,0.3580413617505117,1428.0,1428.0,2201126982.5,2201.1269825,1453.5,0.9824561403508771,-0.31265033619114846,0.3228249091428983,47.38631653558912,3.3183695052933553,-0.01754385964912286,-0.01754385964912286,15.800486919935258,36.546793667107934,23.35900388325183,,0,ext_dev200,False,False,False,False,False,True,False,False,False,7180.T,,1428.0,16.31627,0.79483426,87.52,1796.601,604840132608.0,1778740200.0,1785997800.0,1785997800.0,True,,,True,1785997800.0,2026-08-06,41.0
8,True,53.09734513274336,True,False,False,False,0.4834220792160125,1568.0,1568.0,4768400207.5,4768.4002075,1741.094482421875,0.9005829470086544,-0.19332350186629144,0.056594836757765776,54.085699975665754,3.4493431106929693,-0.04854368932038833,-0.061077844311377194,20.042771901979325,37.839498314146866,24.93755063222548,,0,,False,False,False,False,False,False,False,False,False,7181.T,,1568.0,10.274556,0.40906507,152.61,3833.131,1699104292864.0,1778826600.0,1786084200.0,1786084200.0,True,,,True,1786084200.0,2026-08-07,42.0
5,True,48.95697522816167,False,False,True,True,0.5808840221082663,3177.0,3177.0,24349903772.5,24349.9037725,3225.0,0.9851162790697674,-0.2075949634733859,0.38733002918214465,100.6827372115953,3.1691135414414635,-0.014883720930232602,-0.014883720930232602,23.3217897435622,36.01324583915978,20.025816659531976,,1,macd_sell_like;ext_dev200,False,False,True,False,False,True,False,False,False,7182.T,,3177.0,21.615187,1.2289665,146.98,2585.099,11316304543744.0,1778826600.0,1786084200.0,1786084200.0,True,,,True,1786084200.0,2026-08-07,42.0
5,True,50.0,False,True,False,True,0.3467519616575433,256.0,256.0,46082675.0,46.082675,257.0,0.9961089494163424,-0.2593908073856166,0.4568631914409287,3.8963096604876535,1.5219959611279896,-0.0038910505836575737,-0.0038910505836575737,53.31897760271482,47.23560958860029,10.259323678461021,"fund_low_adv20,fund_small_mcap",1,macd_sell_like;ext_dev200,False,False,True,False,False,True,False,False,False,7183.T,,256.0,15.219976,1.8345995,16.82,139.54,4447057408.0,,1746756000.0,1746756000.0,True,,,False,1746756000.0,2025-05-09,-283.0
5,True,35.30701754385966,False,False,True,True,0.3633061432969005,2537.0,2537.0,651011765.0,651.011765,2787.337890625,0.9101874618549145,-0.2567887252964631,0.28599922742295303,102.98621100892319,4.059369767793583,-0.0631462333825702,-0.07912885662431945,16.837833610334663,22.97756501688791,26.495203680684497,,0,ext_dev200,False,False,False,False,False,True,False,False,False,7184.T,,2537.0,10.615507,0.8030026,238.99,3159.392,159452217344.0,,1753943400.0,1754289000.0,True,,,True,1753943400.0,2025-07-31,-224.0
3,False,42.391304347826086,False,False,True,False,0.5425116277624704,3730.0,3730.0,13547125.0,13.547125,4369.2060546875,0.8537020120619562,-0.22650057542723434,-0.00197543485075391,49.331574086393175,1.3225623079461977,-0.02099737532808399,-0.024836601307189565,17.85316547493814,14.860198953038516,21.877382012564436,"fund_low_adv20,fund_small_mcap",2,trend_break;macd_sell_like,True,False,True,False,False,False,False,False,False,7185.T,,3730.0,11.158311,1.0552629,334.28,3534.664,22951550976.0,,1747294200.0,1747294200.0,True,,,False,1747294200.0,2025-05-15,-279.0
6,True,50.69204152249135,True,False,True,True,0.37596126412463887,1691.5,1691.5,6211136012.5,6211.1360125,1703.5,0.9929556794834165,-0.21726365088326738,0.2680337455994468,52.263232702106734,3.0897565889510337,-0.0070443205165835465,-0.0070443205165835465,22.42871577349622,34.380136573865755,17.127036272262075,,0,ext_dev200,False,False,False,False,False,True,False,False,False,7186.T,,1691.5,17.98894,1.3392165,94.03,1263.052,1880064262144.0,1778567400.0,1785911400.0,1785911400.0,True,,,True,1785911400.0,2026-08-05,40.0
0,False,18.987341772151893,False,False,True,False,0.5203515112990904,1263.0,1263.0,137994470.0,137.99447,1680.3597412109375,0.7516247676166232,-0.28229094649401576,-0.11056130934620712,32.52012486890487,2.5748317394223967,-0.10425531914893615,-0.10425531914893615,15.317185577646084,20.211704892859935,26.364392409338915,"fund_low_adv20,fund_small_mcap",2,trend_break;trailing_stop,True,False,False,False,True,False,False,False,False,7187.T,,1263.0,9.154164,3.0547829,137.97,413.45,22520016896.0,,1754373600.0,1754892000.0,True,,,False,1754373600.0,2025-08-05,-221.0
6,True,40.142857142857146,True,False,True,True,0.464642107496781,4084.0,4084.0,1871547050.0,1871.54705,4402.03125,0.927753522876513,-0.16785552656799063,0.2370462601717913,128.88467534029468,3.155844156226608,-0.03268593083846516,-0.03860640301318263,11.205312579130979,29.10384278264504,25.90577569190954,,0,ext_dev200,False,False,False,False,False,True,False,False,False,7189.T,,4084.0,14.188931,0.92205685,287.83,4429.228,568829607936.0,1778567400.0,1785738600.0,1785738600.0,True,,,True,1785738600.0,2026-08-03,38.0
3,False,47.16981132075472,False,False,True,True,0.4535796275124781,1070.0,1070.0,32285320.0,32.28532,1191.878173828125,0.8977427588621146,-0.11037881920952208,-0.018060161265664454,20.415384833345243,1.907979890966845,-0.038634321653189585,-0.07118055555555558,12.36935644103699,19.946889439147174,27.35339118853362,"fund_low_adv20,fund_small_mcap",1,trend_break,True,False,False,False,False,False,False,False,False,7191.T,,1070.0,13.744381,2.9430938,77.85,363.563,23939135488.0,,1753336800.0,1753682400.0,True,,,False,1753336800.0,2025-07-24,-229.0
5,True,36.7816091954023,False,False,True,True,0.5047239385270782,580.0,580.0,37320185.0,37.320185,695.6615600585938,0.8337387507096815,-0.17776109412769348,0.10201270968598086,14.411834867718985,2.484799115123963,-0.0538336052202284,-0.138187221396731,32.87482860267351,14.541158141844788,29.645013532869687,"fund_low_adv20,fund_small_mcap",1,di_bear,False,False,False,False,False,False,True,False,False,7192.T,,580.0,7.3389854,0.89364403,79.03,649.028,8527148544.0,,1754287200.0,1754632800.0,True,,,False,1754287200.0,2025-08-04,-222.0
5,True,83.33333333333333,True,False,True,True,0.5907264021904327,763.0,763.0,8402850.0,8.40285,850.5702514648438,0.8970452454526465,-0.1831796840685136,0.04090416989145984,5.352565263676622,0.7015157619497538,0.0,0.0,20.42819615043068,21.949599353656975,10.023846206744723,"fund_low_adv20,fund_small_mcap",1,rsi_reversal,False,False,False,True,False,False,False,False,False,7196.T,,763.0,61.73139,1.0505879,12.36,726.26,6929678848.0,,1749621600.0,1749621600.0,True,,,False,1749621600.0,2025-06-11,-260.0
4,False,36.206896551724135,True,False,True,True,0.3853015990479659,790.0,790.0,141276025.0,141.276025,923.07421875,0.8558358406648978,-0.16149754344983436,-0.05655073742241756,15.19080795003019,1.9228870822823023,-0.056152927120669105,-0.1183035714285714,37.91054186494819,15.890514345619684,34.010246965109026,fund_low_adv20,2,trend_break;di_bear,True,False,False,False,False,False,True,False,False,7198.T,,790.0,19.462921,1.089374,40.59,725.1872,35117326336.0,,1753856100.0,1754288100.0,True,,,False,1753856100.0,2025-07-30,-225.0
3,False,29.383886255924168,False,False,True,True,0.445795572128672,1889.0,1889.0,643560200.0,643.5602,2322.43896484375,0.8133690609721099,-0.33685609007470607,-0.014346754717533217,63.67523330646175,3.3708434783727768,-0.1004761904761905,-0.1004761904761905,22.273391184158328,26.520879110930483,24.512664227979986,,2,trend_break;trailing_stop,True,False,False,False,True,False,False,False,False,7199.T,,1889.0,12.038748,2.906789,156.91,649.858,73437003776.0,1778740200.0,1785997800.0,1785997800.0,True,,,True,1785997800.0,2026-08-06,41.0
1,False,34.35804512020917,False,False,True,True,0.2946615116174165,326.3999938964844,326.3999938964844,12841283317.2081,12841.2833172081,463.79998779296875,0.7037516224389876,-0.47532467532467537,-0.12375370032281352,14.084864475656016,4.31521591269482,-0.18195490251507673,-0.18195490251507673,15.914199754969365,22.965938121872835,33.58111086351055,fund_neg_eps,3,trend_break;macd_sell_like;trailing_stop,True,False,True,False,True,False,False,False,False,7201.T,,326.4,-2.1393458740250377,0.2378045,-152.57,1372.556,1141219262464.0,1778653800.0,1785393000.0,1785393000.0,True,,,False,1785393000.0,2026-07-30,36.0
2,False,44.12635735439289,False,False,True,True,0.5095795518054228,2151.5,2151.5,6753054195.0,6753.054195,2860.73291015625,0.7520799975284961,-0.2587563863540897,-0.036960304198072724,78.03617280248068,3.627058926445767,-0.09505783385909572,-0.13584820108273143,13.922088230169546,25.226668169411674,21.324775378818057,,3,trend_break;macd_sell_like;trailing_stop,True,False,True,False,True,False,False,False,False,7202.T,,2151.5,11.139011,0.99937946,193.15,2152.836,1478590726144.0,1778653800.0,1785997800.0,1785997800.0,True,,,True,1785997800.0,2026-08-06,41.0
1,False,31.36363636363636,False,False,True,True,0.4467471822669862,2814.0,2814.0,78943264132.5,78943.2641325,3886.135986328125,0.7241125915047689,-0.2758874084952311,-0.10837863959275129,76.53393885747244,2.719756178303925,-0.08784440842787677,-0.17626188798759568,14.922837281902265,20.887291755487652,31.13835952415486,,2,trend_break;trailing_stop,True,False,False,False,True,False,False,False,False,7203.T,,2814.0,9.533488,0.9187624,295.17,3062.816,36675942088704.0,1778221800.0,1785997800.0,1785997800.0,True,,,True,1785997800.0,2026-08-06,41.0
5,True,28.26086956521739,False,True,False,True,0.3989964881003535,1132.0,1132.0,3920405.0,3.920405,1277.304443359375,0.8862413388485387,-0.15212069790373905,0.07614872300259856,21.987436035754527,1.942353006692096,-0.041490262489415786,-0.07980849454196748,22.383001899801066,15.462262529659462,20.643991017413757,"fund_low_adv20,fund_small_mcap",3,macd_sell_like;di_bear;vol_distribution,False,False,True,False,False,False,True,True,False,7208.T,,1132.0,7.7880974,0.46260557,145.35,2447.009,5788122112.0,,1747204200.0,1747204200.0,True,,,False,1747204200.0,2025-05-14,-280.0
0,False,33.71472148003927,False,False,True,False,0.36127956837050657,325.0,325.0,6089678159.976654,6089.678159976654,450.9548645019531,0.7206929685944045,-0.34943546688558325,-0.12364528833706345,15.074100794887137,4.638184859965273,-0.1999015503860827,-0.1999015503860827,21.968078444652726,23.30018655209168,33.535824073623196,,4,trend_break;macd_sell_like;trailing_stop;di_bear,True,False,True,False,True,False,True,False,False,7211.T,,325.0,43.449196,0.473061,7.48,687.015,434964594688.0,1778221800.0,1784788200.0,1784788200.0,True,,,True,1784788200.0,2026-07-23,31.0
2,False,49.18032786885246,True,False,True,False,0.4047983520310444,643.0,643.0,80771835.0,80.771835,848.1337280273438,0.7581351604723232,-0.2748785012589754,-0.14251910605379758,21.244578625449073,3.303978013289125,-0.13691275167785233,-0.19524405506883602,36.654247672246186,18.178840269638233,31.015976884759862,"fund_low_adv20,fund_small_mcap",3,trend_break;trailing_stop;di_bear,True,False,False,False,True,False,True,False,False,7212.T,,643.0,2.5266218,0.20545934,254.49,3129.573,11942545408.0,,1754460000.0,1754978400.0,True,,,False,1754460000.0,2025-08-06,-220.0
5,True,53.6036036036036,False,False,True,False,0.47936749356270186,566.0,566.0,28561040.0,28.56104,634.0,0.8927444794952681,-0.3464943923682279,0.25254008446502674,18.42974343720118,3.256138416466639,-0.10725552050473186,-0.10725552050473186,38.35435629192062,32.99834279481394,19.960035972060876,"fund_low_adv20,fund_small_mcap",2,macd_sell_like;trailing_stop;ext_dev200,False,False,True,False,True,True,False,False,False,7213.T,,566.0,7.4171147,0.7977202,76.31,709.522,8756569088.0,,1754287200.0,1754632800.0,True,,,False,1754287200.0,2025-08-04,-222.0
5,True,32.0,False,False,True,False,0.3133845087897711,914.0,914.0,13366560.0,13.36656,985.0,0.9279187817258884,-0.48347835274967754,0.024369832953564874,14.714636447148473,1.6099164603007081,-0.07208121827411162,-0.07208121827411162,13.638257423522642,15.126275105134404,23.26952493722266,"fund_neg_eps,fund_low_adv20,fund_small_mcap",1,macd_sell_like,False,False,True,False,False,False,False,False,False,7214.T,,914.0,-4.6977796052631575,0.21362771,-194.56,4278.471,4868789248.0,,1754548200.0,1754893800.0,True,,,False,1754548200.0,2025-08-07,-219.0
4,True,63.768115942028984,False,False,True,False,0.40593790407747765,449.0,449.0,10685010.0,10.68501,456.0,0.9846491228070176,-0.3794326241134752,0.18391562294001318,15.0565977587577,3.353362529790134,-0.015350877192982448,-0.015350877192982448,43.90700809295611,23.635498486449862,13.096439756073778,"fund_neg_eps,fund_low_adv20,fund_small_mcap",1,macd_sell_like;ext_dev200,False,False,True,False,False,True,False,False,False,7215.T,,449.0,-5.026869682042096,0.22206978,-89.32,2021.887,4210664448.0,,1754460000.0,1754978400.0,True,,,False,1754460000.0,2025-08-06,-220.0
5,True,24.13793103448276,False,False,True,True,0.36311984490689975,405.0,405.0,1476125.0,1.476125,458.0,0.8842794759825328,-0.2718198099705863,0.028378238221800522,10.684596613260737,2.638172003274256,-0.11572052401746724,-0.11572052401746724,23.508761969675316,17.100536484223944,42.29710237735812,"fund_low_adv20,fund_small_mcap",3,macd_sell_like;trailing_stop;di_bear,False,False,True,False,True,False,True,False,False,7217.T,,405.0,11.918776,0.5915941,33.98,684.591,3973579776.0,,1747296000.0,1747296000.0,True,,,False,1747296000.0,2025-05-15,-279.0
0,False,19.852941176470594,False,False,True,False,0.47647576989998125,929.0,929.0,10372715.0,10.372715,1269.7950439453125,0.7316141328710448,-0.2683858671289552,-0.15371608457446206,24.36186619879955,2.6223752635952153,-0.1807760141093474,-0.19076655052264813,20.161094081623386,18.969823083339556,28.257244425376516,"fund_low_adv20,fund_small_mcap",3,trend_break;trailing_stop;di_bear,True,False,False,False,True,False,True,False,False,7218.T,,929.0,7.5497766,0.3480823,123.05,2668.909,9062231040.0,,1747112400.0,1747112400.0,True,,,False,1747112400.0,2025-05-13,-281.0
6,True,43.852459016393446,False,False,False,True,0.30471702551522767,2260.0,2260.0,3253700.0,3.2537,2390.0,0.9456066945606695,-0.116730250307575,0.009583089269493028,22.904367137484833,1.013467572455081,-0.03829787234042559,-0.03829787234042559,13.200349480128414,27.573410620264383,37.14069739157127,"fund_low_adv20,fund_small_mcap",1,macd_sell_like,False,False,True,False,False,False,False,False,False,7219.T,,2260.0,7.7183156,0.29229197,292.81,7731.995,3197673984.0,,1752129000.0,1752474600.0,True,,,False,1752129000.0,2025-07-10,-239.0
3,True,50.925110132158586,False,False,False,False,0.47854173131021643,5390.0,5390.0,26467581650.0,26467.58165,9740.0,0.553388090349076,-0.446611909650924,0.5455343562821866,988.051747803633,18.331201257952376,-0.446611909650924,-0.446611909650924,36.25958685710747,24.638555549460595,30.657199891314445,,5,cross_sma25_down;macd_sell_like;trailing_stop;ext_dev200;di_bear;natr_spike,False,True,True,False,True,True,True,False,True,7220.T,,5390.0,281.1685,2.8949764,19.17,1861.846,353265287168.0,1778567400.0,1785911400.0,1785911400.0,True,,,True,1785911400.0,2026-08-05,40.0
1,False,37.2093023255814,False,False,True,False,0.4046091383175443,959.0,959.0,75304780.0,75.30478,1286.642578125,0.7453507417712949,-0.2997278223817136,-0.09250085115139894,34.75646561350514,3.6242404185093995,-0.12259835315645018,-0.12259835315645018,17.67601122326734,21.780212974289785,25.74752112749696,fund_low_adv20,3,trend_break;macd_sell_like;trailing_stop,True,False,True,False,True,False,False,False,False,7222.T,,959.0,18.851976,0.70666486,50.87,1357.079,129899110400.0,1778653800.0,1785997800.0,1785997800.0,True,,,False,1785997800.0,2026-08-06,41.0
5,True,57.71144278606966,True,False,True,True,0.43316921102197414,2174.0,2174.0,564009980.0,564.00998,2695.0,0.8066790352504638,-0.22077922077922074,0.03671282996549774,84.23601871077781,3.8747018726208746,-0.08540176693310897,-0.1933209647495362,16.952860151312578,22.275545345998978,26.387580722790915,,1,trailing_stop,False,False,False,False,True,False,False,False,False,7224.T,,2174.0,12.489228,1.1514983,174.07,1887.975,143795634176.0,,1753858800.0,1754290800.0,True,,,True,1753858800.0,2025-07-30,-225.0
1,False,33.42857142857143,True,False,True,True,0.6549319971388367,2078.0,2078.0,867173580.0,867.17358,3458.62060546875,0.6008175619824502,-0.3991824380175498,-0.25430836249226985,58.33977843220341,2.8074965559289415,-0.12060939483707156,-0.32586555689690044,62.54031290548893,9.021345610125563,37.672466916815814,,3,trend_break;trailing_stop;di_bear,True,False,False,False,True,False,True,False,False,7226.T,,2078.0,21.650343,0.70552224,95.98,2945.336,80018006016.0,,1754375400.0,1754980200.0,True,,,True,1754375400.0,2025-08-05,-221.0
4,False,35.9375,True,False,True,False,0.4982544281632044,3610.0,3610.0,7315000.0,7.315,4060.0,0.8891625615763546,-0.11699507389162567,-0.05703172120397104,39.03726144108745,1.0813645828556082,-0.03217158176943702,-0.06718346253229979,14.09051274769829,18.07618200179853,22.903815257796083,"fund_low_adv20,fund_small_mcap",1,trend_break,True,False,False,False,False,False,False,False,False,7228.T,,3610.0,7.80912,0.91624063,462.28,3940.013,8768448512.0,,1754374200.0,1754979000.0,True,,,False,1754374200.0,2025-08-05,-221.0
5,False,57.4468085106383,True,False,True,True,0.5092645450132236,3005.0,3005.0,51656535.0,51.656535,3370.0,0.8916913946587537,-0.11246290801186942,-0.009244850051433495,6.084571221008754,0.2024815714146008,-0.0033167495854062867,-0.0033167495854062867,38.94844404346558,26.64470430794525,8.9566910189865,fund_low_adv20,1,trend_break,True,False,False,False,False,False,False,False,False,7229.T,,3005.0,7.980772,0.4088911,376.53,7349.145,44528238592.0,,1747119600.0,1747119600.0,True,,,False,1747119600.0,2025-05-13,-281.0
3,False,39.89637305699482,True,False,False,True,0.5783918634643411,2696.0,2696.0,271236955.0,271.236955,3578.360107421875,0.753417744180701,-0.2541276115659158,-0.08470138772506097,62.049964152374216,2.3015565338417736,-0.04363249379212486,-0.15226126540951845,27.920083438291737,19.83812914481385,30.96465836921689,,2,trend_break;di_bear,True,False,False,False,False,False,True,False,False,7231.T,,2696.0,5.792244,0.40477157,465.45,6660.547,58274148352.0,,1753936200.0,1754281800.0,True,,,True,1753936200.0,2025-07-31,-224.0
6,True,52.26337448559671,False,False,True,True,0.5791816719029134,1462.0,1462.0,53893125.0,53.893125,1787.536865234375,0.8178852299128992,-0.27497998771058996,0.034267692517466974,42.79971862815627,2.927477334347214,-0.04817708333333337,-0.05362679608523524,16.032593681883476,26.732341640895964,23.156463007244398,"fund_low_adv20,fund_small_mcap",1,macd_sell_like,False,False,True,False,False,False,False,False,False,7235.T,,1462.0,7.2667627,0.5782748,201.19,2528.21,13920262144.0,,1747119600.0,1747119600.0,True,,,False,1747119600.0,2025-05-13,-281.0
5,True,50.11547344110855,False,False,True,True,0.36729306403760476,14350.0,14350.0,688060150.0,688.06015,15440.0,0.9294041450777202,-0.3024060836940411,0.6163675914039868,627.5016068038847,4.372833496891182,-0.07059585492227982,-0.07059585492227982,38.61718943658446,34.692793830504954,18.507413266676235,,0,ext_dev200,False,False,False,False,False,True,False,False,False,7236.T,,14350.0,9.708737,1.5326446,1478.05,9362.901,81237516288.0,,1754287500.0,1754633100.0,True,,,True,1754287500.0,2025-08-04,-222.0
2,False,48.57142857142856,False,False,False,True,0.24258438388899944,112.0,112.0,257097045.0,257.097045,176.0,0.6363636363636364,-0.4530386740331491,-0.07173345489204763,5.132583191045223,4.582663563433234,-0.09677419354838712,-0.1703703703703704,11.298494675060715,19.206538425552072,29.112187889817804,,3,trend_break;macd_sell_like;trailing_stop,True,False,True,False,True,False,False,False,False,7238.T,,112.0,32.74854,0.60037524,3.42,186.55,30400200704.0,,1754460000.0,1754978400.0,True,,,True,1754460000.0,2025-08-06,-220.0
6,True,48.34437086092716,False,False,True,False,0.41435005811666636,2165.0,2165.0,278545380.0,278.54538,2290.080810546875,0.9453814861157649,-0.13270852489680163,0.06618778085067589,44.65370037129584,2.0625265760413782,-0.047095070422535246,-0.047095070422535246,11.778665922783258,27.370331730244963,30.49692375584313,,1,macd_sell_like,False,False,True,False,False,False,False,False,False,7239.T,,2165.0,7.990699,0.70838124,270.94,3056.264,74303946752.0,,1754373600.0,1754978400.0,True,,,True,1754373600.0,2025-08-05,-221.0
6,True,53.451327433628315,False,False,False,False,0.5516256595991907,2895.0,2895.0,1094343435.0,1094.343435,3253.59375,0.8897853335254287,-0.16139827986770883,0.0451928924958267,80.45532299061087,2.779113056670496,-0.0420251489080079,-0.0420251489080079,16.454062484788025,21.1407892870203,28.63839091368882,,0,,False,False,False,False,False,False,False,False,False,7240.T,,2895.0,15.7559595,0.7448386,183.74,3886.748,459856543744.0,1778653800.0,1785911400.0,1785911400.0,True,,,True,1785911400.0,2026-08-05,40.0
2,False,32.7683615819209,False,False,False,True,0.47266747639195694,950.0,950.0,247879975.0,247.879975,1145.9669189453125,0.8289942617840399,-0.18409512129676076,-0.03623675169766816,23.17076096832799,2.439027470350315,-0.107981220657277,-0.107981220657277,18.73942030377954,19.586098174034024,32.11114498945233,,3,trend_break;macd_sell_like;trailing_stop,True,False,True,False,True,False,False,False,False,7241.T,,950.0,13.702581,0.610863,69.33,1555.177,84636393472.0,,1753687200.0,1754032800.0,True,,,True,1753687200.0,2025-07-28,-227.0
2,False,44.03669724770642,False,False,True,False,0.4331898413141917,3910.0,3910.0,612250400.0,612.2504,5202.873046875,0.7515078620548817,-0.24849213794511826,-0.07949728775949227,122.53885312775904,3.1339860134976734,-0.06793802145411199,-0.16631130063965882,20.060225488915535,21.45447312249813,31.486663535421744,,2,trend_break;di_bear,True,False,False,False,False,False,True,False,False,7242.T,,3910.0,6.186905,0.6757545,631.98,5786.125,157302456320.0,1778653800.0,1785997800.0,1785997800.0,True,,,True,1785997800.0,2026-08-06,41.0
6,True,49.285714285714285,False,False,True,True,0.4064750358109267,528.0,528.0,67713810.0,67.71381,592.0,0.8918918918918919,-0.34694155111711844,0.0720151928053514,16.78805357829104,3.1795556019490605,-0.06713780918727918,-0.07205623901581726,8.8641834290981,27.65891639937137,24.637549957578152,fund_low_adv20,1,macd_sell_like,False,False,True,False,False,False,False,False,False,7244.T,,528.0,8.192398,1.589581,64.45,332.163,50819522560.0,,1754466900.0,1754985300.0,True,,,False,1754466900.0,2025-08-06,-220.0
3,False,89.82035928143712,False,False,False,True,0.48576282188268954,1230.0,1230.0,766040680.0,766.04068,1239.0,0.9927360774818402,-0.2971660147059091,0.2734278171164679,53.6810893460522,4.364316206996113,-0.007263922518159771,-0.007263922518159771,38.064138374115736,35.8073473250617,8.662633760895213,,2,trend_break;rsi_reversal;ext_dev200,True,False,False,True,False,True,False,False,False,7245.T,,1230.0,14.950772,0.70221794,82.27,1751.593,57499262976.0,,1754456400.0,1754974800.0,True,,,True,1754456400.0,2025-08-06,-220.0
4,True,56.36363636363637,False,False,True,True,0.5702987425849572,804.0,804.0,333264585.0,333.264585,981.0872192382812,0.8194990050163203,-0.20700220658868507,0.0532211011931536,19.551963444865034,2.431836249361323,-0.03942652329749108,-0.04911653699103202,15.563008378135471,22.104079545676623,26.482425263553356,,1,macd_sell_like,False,False,True,False,False,False,False,False,False,7246.T,,804.0,9.366263,0.6533287,85.84,1230.621,78432567296.0,,1754456400.0,1754888400.0,True,,,True,1754456400.0,2025-08-06,-220.0
3,False,54.63917525773196,False,False,True,False,0.5140112842070444,343.0,343.0,47447365.0,47.447365,426.40740966796875,0.8043950274388625,-0.2959031291759754,-0.07455947036741706,10.56633105983534,3.0805629912056385,-0.0602739726027397,-0.15886576965032173,30.451417266974772,23.055993874927925,28.8270104033939,"fund_low_adv20,fund_small_mcap",2,trend_break;di_bear,True,False,False,False,False,False,True,False,False,7247.T,,343.0,4.077508,0.28885087,84.12,1187.464,11533470720.0,,1754550000.0,1754982000.0,True,,,False,1754550000.0,2025-08-07,-219.0
3,False,59.34065934065934,True,False,True,True,0.6179445275387997,733.0,733.0,13763285.0,13.763285,902.8536987304688,0.8118701856465722,-0.3879720369866695,-0.005064596703435398,24.997312617789248,3.4102745726861188,-0.04308093994778073,-0.1341313950290035,31.728644674896692,9.304644076152837,21.68177472209752,"fund_low_adv20,fund_small_mcap",2,trend_break;di_bear,True,False,False,False,False,False,True,False,False,7254.T,,733.0,16.572462,0.52294725,44.23,1401.671,15296572416.0,,1747031400.0,1747031400.0,True,,,False,1747031400.0,2025-05-12,-282.0
0,False,56.060606060606055,False,False,True,True,0.5926999918445237,471.0,471.0,2618790.0,2.61879,677.297607421875,0.6954106951489991,-0.36512399381301563,-0.1818713980281469,10.209119849054742,2.16754136922606,-0.02685950413223137,-0.3045893048510009,24.921831476432388,22.486071751579644,27.25557114580244,"fund_low_adv20,fund_small_mcap",2,trend_break;di_bear,True,False,False,False,False,False,True,False,False,7255.T,,471.0,6.7027183,0.31402177,70.27,1499.896,1513961728.0,,1747207800.0,1747207800.0,True,,,False,1747207800.0,2025-05-14,-280.0
2,True,16.806722689075627,False,False,True,True,0.2821844513352008,321.0,321.0,321828155.0,321.828155,514.0,0.6245136186770428,-0.589041095890411,0.5867523479980226,30.869944926416345,9.616805273026898,-0.358,-0.3754863813229572,16.922274292743637,18.73482762711832,30.643900987187067,fund_small_mcap,2,macd_sell_like;trailing_stop;ext_dev200,False,False,True,False,True,True,False,False,False,7256.T,,321.0,13.226205,0.7426722,24.27,432.223,12420438016.0,,1753178400.0,1753696800.0,True,,,False,1753178400.0,2025-07-22,-231.0
3,False,47.96511627906977,False,False,True,True,0.6367591278465573,2328.0,2328.0,5591831942.5,5591.8319425,3041.7080078125,0.7653594605467156,-0.2927971762370096,-0.08700590513364914,86.27414974533546,3.705934267411317,-0.06147954041523884,-0.06449668474984926,10.655193974198085,27.688244063851176,28.398030569433235,,2,trend_break;macd_sell_like,True,False,True,False,False,False,False,False,False,7259.T,,2328.0,10.541091,0.7665303,220.85,3037.062,1686805413888.0,1777357800.0,1777357800.0,1777357800.0,True,,,True,1777357800.0,2026-04-28,-31.0
4,False,57.638888888888886,False,False,True,True,0.4060558896706204,1114.0,1114.0,8215954515.0,8215.954515,1351.4073486328125,0.824325841595436,-0.4735271552452851,0.009948637975719876,35.97062117916484,3.228960608542625,-0.030039181541140603,-0.030841310370454456,23.494146922511693,26.706709239056874,21.17035572300503,,1,trend_break,True,False,False,False,False,False,False,False,False,7261.T,,1114.0,20.054007,0.36869153,55.55,3021.496,702688788480.0,1778567400.0,1785911400.0,1785911400.0,True,,,True,1785911400.0,2026-08-05,40.0
3,False,39.75155279503105,False,False,False,True,0.5168519379568934,1251.0,1251.0,5897020.0,5.89702,1424.7974853515625,0.8780195170623292,-0.2026931637663154,-0.03544225003829393,23.260418181040997,1.8593459777011188,-0.055849056603773595,-0.08471202997029659,19.236329392825528,22.882923796362316,32.26102183463368,"fund_low_adv20,fund_small_mcap",2,trend_break;macd_sell_like,True,False,True,False,False,False,False,False,False,7264.T,,1251.0,10.588235,0.3324187,118.15,3763.326,7558537216.0,,1747192500.0,1747192500.0,True,,,False,1747192500.0,2025-05-14,-280.0
5,False,50.0,False,False,True,False,0.42403977984727936,3735.0,3735.0,2171200.0,2.1712,4380.8076171875,0.8525825204800681,-0.25127960718216247,0.0074279322288526295,50.839847236201074,1.361173955453844,-0.037371134020618535,-0.037371134020618535,25.97274260825721,29.351976978779586,30.563645277157736,"fund_low_adv20,fund_small_mcap",2,trend_break;di_bear,True,False,False,False,False,False,True,False,False,7265.T,,3735.0,11.6949,1.1892561,319.37,3140.619,3826425344.0,,1749103200.0,1749103200.0,True,,,False,1749103200.0,2025-06-05,-264.0
6,True,47.474747474747474,False,False,True,True,0.37792270918861753,881.0,881.0,51147425.0,51.147425,1061.7567138671875,0.8297569381889514,-0.22298584108299113,0.044970737562444185,23.34534254685236,2.649868620528077,-0.07845188284518834,-0.07845188284518834,13.805805355993531,27.039398298762812,31.049415683269903,"fund_low_adv20,fund_small_mcap",1,macd_sell_like,False,False,True,False,False,False,False,False,False,7266.T,,881.0,7.618471,0.3358341,115.64,2623.319,18714157056.0,,1754548800.0,1754980800.0,True,,,False,1754548800.0,2025-08-07,-219.0
2,False,58.02098950524738,False,False,True,False,0.47524932711967266,1437.5,1437.5,33657191085.0,33657.191085,1647.805908203125,0.872372160364168,-0.24113474756989983,-0.02365002852009801,44.734152445651695,3.111941039697509,-0.04453306746427388,-0.04453306746427388,27.81165554695204,37.605516604219794,25.763131845891035,fund_neg_eps,1,trend_break,True,False,False,False,False,False,False,False,False,7267.T,,1437.5,-13.557483731019522,0.47349936,-106.03,3035.907,5595584266240.0,1778740200.0,1785997800.0,1785997800.0,True,,,False,1785997800.0,2026-08-06,41.0
1,False,58.79945429740791,False,False,True,False,0.5531339661992369,1844.0,1844.0,15011524605.0,15011.524605,2421.062255859375,0.761649146170121,-0.2796550374616643,-0.11603989610582954,59.45327689721458,3.224147337159142,-0.06561945781606282,-0.08314126966140123,14.712150667324632,24.203680908136356,23.673400385585673,,3,trend_break;cross_sma25_down;macd_sell_like,True,True,True,False,False,False,False,False,False,7269.T,,1844.0,8.101577,1.0518906,227.61,1753.034,3557580865536.0,1778740200.0,1785911400.0,1785911400.0,True,,,True,1785911400.0,2026-08-05,40.0
2,False,56.41025641025641,True,False,True,False,0.570388081148653,2535.5,2535.5,13633654532.5,13633.6545325,3517.076171875,0.7209113127192498,-0.3494596397153842,-0.13537695483528034,71.12742250347944,2.8052621772226165,-0.012463485881207381,-0.036464020326516855,20.832953016859864,28.748824516807915,16.23797087803742,,1,trend_break,True,False,False,False,False,False,False,False,False,7270.T,,2535.5,20.220911,0.65241116,125.39,3886.353,1813968584704.0,1778826600.0,1785997800.0,1785997800.0,True,,,True,1785997800.0,2026-08-06,41.0
3,True,32.214765100671144,False,False,True,True,0.32907898348710624,1032.0,1032.0,65050540.0,65.05054,1313.0,0.785986290936786,-0.2817763969031759,0.05607668197323745,52.703822196616954,5.106959515176062,-0.1335012594458438,-0.21401370906321404,22.888359626109548,12.246552905523396,33.6536657473044,"fund_low_adv20,fund_small_mcap",3,macd_sell_like;trailing_stop;di_bear,False,False,True,False,True,False,True,False,False,7271.T,,1032.0,5.681568,0.72402555,181.64,1425.364,10633036800.0,,1754375400.0,1754980200.0,True,,,False,1754375400.0,2025-08-05,-221.0
6,True,42.491467576791806,False,False,True,False,0.16846558148873012,1219.5,1219.5,10486158627.5,10486.1586275,1325.5,0.9200301772915881,-0.3246650239904174,0.0630849977177097,35.31789384301974,2.8960962560901793,-0.07996982270841191,-0.07996982270841191,21.452465362282673,27.243996973731775,24.46471378945799,,1,macd_sell_like,False,False,True,False,False,False,False,False,False,7272.T,,1219.5,7.592927,1.0176349,160.61,1198.367,1183376080896.0,1778826600.0,1785911400.0,1785911400.0,True,,,True,1785911400.0,2026-08-05,40.0
1,False,41.269841269841265,False,False,True,True,0.43745373989312253,629.0,629.0,100335800.0,100.3358,1227.261962890625,0.5125230138466023,-0.4899214520381988,-0.19757282460963743,28.991440294304933,4.609132002274234,-0.06814814814814818,-0.0843662220232011,26.914634256654026,12.0450293129065,30.64601078546255,"fund_low_adv20,fund_small_mcap",2,trend_break;di_bear,True,False,False,False,False,False,True,False,False,7273.T,,629.0,6.8250866,1.3775371,92.16,456.612,18405306368.0,,1747297800.0,1747297800.0,True,,,False,1747297800.0,2025-05-15,-279.0
5,True,53.11381531853972,False,False,True,False,0.46562704798628674,2788.5,2788.5,2981573127.5,2981.5731275,2909.5,0.9584120982986768,-0.2577496819859696,0.1597266763493339,84.25101322417736,3.021373972536394,-0.041587901701323204,-0.041587901701323204,23.173647420901126,34.0583209809088,21.987001230433933,,1,macd_sell_like,False,False,True,False,False,False,False,False,False,7276.T,,2788.5,46.3206,1.1899681,60.2,2343.34,733999464448.0,1778653800.0,1785306600.0,1785306600.0,True,,,True,1785306600.0,2026-07-29,35.0
1,False,32.0,False,True,False,True,0.4425119579443025,318.0,318.0,24505190.0,24.50519,408.54718017578125,0.7783678738479544,-0.2338706147345606,-0.0918313895175602,8.053319204521687,2.532490315887323,-0.12637362637362637,-0.16502353990035945,50.419132242551754,13.254556760708525,28.01302387205931,"fund_neg_eps,fund_low_adv20,fund_small_mcap",3,trend_break;trailing_stop;di_bear,True,False,False,False,True,False,True,False,False,7277.T,,318.0,-71.62162162162161,0.3217269,-4.44,988.416,10101728256.0,,1754460000.0,1754978400.0,True,,,False,1754460000.0,2025-08-06,-220.0
5,True,54.34782608695652,False,False,True,True,0.5079597340986297,5990.0,5990.0,1080253900.0,1080.2539,6240.0,0.9599358974358975,-0.15050493371129714,0.09339254775853556,133.18603388689561,2.2234730198146178,-0.04006410256410253,-0.04006410256410253,14.402036259964735,24.987877837369474,22.909917642265444,,1,macd_sell_like,False,False,True,False,False,False,False,False,False,7278.T,,5990.0,15.993379,1.135747,374.53,5274.062,218909409280.0,1777271400.0,1784788200.0,1784788200.0,True,,,True,1784788200.0,2026-07-23,31.0
1,False,22.706065318818034,False,False,True,True,0.5695699684327735,2149.0,2149.0,289938220.0,289.93822,3928.448486328125,0.5470353009537985,-0.4529646990462015,-0.2670899950034241,96.60737536131444,4.495457206203557,-0.20583887657058386,-0.32171012840134017,38.75373811337307,11.847991858764695,42.09316989830676,,4,trend_break;macd_sell_like;trailing_stop;di_bear,True,False,True,False,True,False,True,False,False,7279.T,,2149.0,9.559183,0.37391746,224.81,5747.258,79437914112.0,,1757312100.0,1757744100.0,True,,,True,1757312100.0,2025-09-08,-197.0
3,True,30.83109919571045,False,False,True,False,0.474024417417418,1116.0,1116.0,503281700.0,503.2817,1718.522705078125,0.6493949697040902,-0.3529948709168236,0.013835741399373713,48.33712946076897,4.331284001861019,-0.17455621301775148,-0.17455621301775148,20.88197224296217,16.714243452022863,31.140733160199357,,3,macd_sell_like;trailing_stop;di_bear,False,False,True,False,True,False,True,False,False,7280.T,,1116.0,5.491045,0.42826533,203.24,2605.861,51317714944.0,,1754373600.0,1754892000.0,True,,,True,1754373600.0,2025-08-05,-221.0
5,True,51.16279069767442,False,False,True,True,0.465727963634285,4650.0,4650.0,2202503595.0,2202.503595,5058.19482421875,0.919300296172005,-0.2177278362589019,0.14846815362914212,138.39875691605195,2.9763173530333753,-0.03666873834679929,-0.03666873834679929,17.72974328866519,26.25365100708513,24.76583917089772,,1,macd_sell_like,False,False,True,False,False,False,False,False,False,7282.T,,4650.0,9.419438,0.95895404,493.66,4849.033,545224097792.0,1777357800.0,1777357800.0,1777357800.0,True,,,True,1777357800.0,2026-04-28,-31.0
3,False,65.91639871382637,False,False,True,True,0.4792523341136141,1837.0,1837.0,306554015.0,306.554015,2274.682373046875,0.8075852794952592,-0.2517636659221931,-0.07794284175831057,46.25663707390708,2.5180531885632598,-0.03620146904512067,-0.06591577621014666,22.090814343040275,26.50851142071119,26.326838787201623,,2,trend_break;rsi_reversal,True,False,False,True,False,False,False,False,False,7283.T,,1837.0,8.069759,0.7385207,227.64,2487.405,104759885824.0,,1753683600.0,1754029200.0,True,,,True,1753683600.0,2025-07-28,-227.0
7,True,57.93650793650794,False,True,False,False,0.30133028995899364,1269.0,1269.0,2555225.0,2.555225,1330.0,0.9541353383458646,-0.21219894306094012,0.062256085103244985,28.756523506688914,2.2660775024971564,-0.02384615384615385,-0.045864661654135386,20.379500692918985,39.34134959940257,27.475310993101875,"fund_low_adv20,fund_small_mcap",0,,False,False,False,False,False,False,False,False,False,7284.T,,1269.0,57.317074,0.36676395,22.14,3459.991,4440044544.0,,1754460000.0,1754892000.0,True,,,False,1754460000.0,2025-08-06,-220.0
5,True,53.56662180349933,False,False,True,False,0.46835801063578747,2555.0,2555.0,504540315.0,504.540315,2809.898193359375,0.9092856125671118,-0.18324443019901304,0.15986594877403504,96.1273673848189,3.7623235767052408,-0.05053883314752883,-0.05053883314752883,15.67782561298496,27.253255314429893,24.139368586202373,,1,macd_sell_like,False,False,True,False,False,False,False,False,False,7287.T,,2555.0,17.875885,0.63318866,142.93,4035.132,146851332096.0,,1754456400.0,1754888400.0,True,,,True,1754456400.0,2025-08-06,-220.0
6,True,38.96103896103895,False,False,True,True,0.4165865572151534,447.0,447.0,17000430.0,17.00043,483.0,0.9254658385093167,-0.20094566337836084,0.07710076183789427,10.905856623793854,2.439788953868871,-0.07261410788381739,-0.07453416149068326,18.27568000489571,17.52406803441918,29.13788933909005,"fund_low_adv20,fund_small_mcap",1,macd_sell_like,False,False,True,False,False,False,False,False,False,7291.T,,447.0,4.207851,0.225019,106.23,1986.499,8438886400.0,,1754546400.0,1754978400.0,True,,,False,1754546400.0,2025-08-07,-219.0
6,True,40.70796460176991,False,False,True,True,0.33035833574420476,6680.0,6680.0,37059100.0,37.0591,7157.0,0.9333519631130361,-0.1463748067888082,0.014821549421645264,200.2398873887639,2.9976031046222142,-0.053824362606232246,-0.053824362606232246,8.642704503735601,18.75210403770316,17.609794454356713,fund_low_adv20,0,,False,False,False,False,False,False,False,False,False,7292.T,,6680.0,12.733269,0.815871,524.61,8187.569,77388152832.0,,1747204200.0,1747204200.0,True,,,False,1747204200.0,2025-05-14,-280.0
1,False,47.64397905759162,False,False,True,False,0.49150263168448427,843.0,843.0,48864400.0,48.8644,1111.7119140625,0.7582899754302775,-0.28737060223509936,-0.10501418840153076,21.32305013837934,2.52942469019921,-0.06020066889632103,-0.10692038622813038,19.70770378136852,18.173909147968008,23.718894906995217,"fund_low_adv20,fund_small_mcap",1,trend_break,True,False,False,False,False,False,False,False,False,7294.T,,843.0,9.2872095,0.31834435,90.77,2648.076,17361733632.0,,1754546400.0,1754978400.0,True,,,False,1754546400.0,2025-08-07,-219.0
5,True,60.638297872340424,False,False,True,True,0.4829746068843209,3450.0,3450.0,430284925.0,430.284925,3800.476806640625,0.9077808326502,-0.1822784751579215,0.039197305739789634,73.34961924154638,2.1260759200448223,-0.008620689655172376,-0.019886363636363646,10.582696907161658,23.563959999951535,19.6351345243641,,0,,False,False,False,False,False,False,False,False,False,7296.T,,3450.0,8.906903,0.8150625,387.34,4232.804,167098990592.0,1778653800.0,1785825000.0,1785825000.0,True,,,True,1785825000.0,2026-08-04,39.0
4,False,47.12643678160919,False,False,True,True,0.3492473569567536,855.0,855.0,997735.0,0.997735,954.270263671875,0.8959725903122042,-0.11974622706169402,-0.005563102408047471,11.30218393207279,1.3218928575523732,-0.018369690011481032,-0.06649473715776533,16.315634935894792,28.304784550452013,21.34523038150185,"fund_low_adv20,fund_small_mcap",1,trend_break,True,False,False,False,False,False,False,False,False,7297.T,,855.0,21.46623,0.39673516,39.83,2155.09,6031168512.0,,1747291800.0,1747291800.0,True,,,False,1747291800.0,2025-05-15,-279.0
2,False,51.16279069767442,False,False,True,False,0.544329898223075,1720.0,1720.0,14555190.0,14.55519,2160.68603515625,0.7960434658317298,-0.26597387394818406,-0.03269337652890947,56.2656975276006,3.2712614841628254,-0.056500274273176054,-0.131193470731091,19.48116322222185,16.472426238997304,23.858495981143676,"fund_low_adv20,fund_small_mcap",2,trend_break;macd_sell_like,True,False,True,False,False,False,False,False,False,7299.T,,1720.0,8.082706,0.52852225,212.8,3254.357,16912713728.0,,1746601200.0,1746601200.0,True,,,False,1746601200.0,2025-05-07,-285.0
3,False,48.0,False,False,True,False,0.5713561227625323,2471.0,2471.0,72446835.0,72.446835,2805.833251953125,0.8806653062080402,-0.13456278775054065,-2.8734357911508468e-05,43.84443539171573,1.7743599915708512,-0.04557744302819622,-0.05643007597808569,14.662534562483916,18.11421452101349,22.924241312405368,"fund_low_adv20,fund_small_mcap",1,trend_break,True,False,False,False,False,False,False,False,False,7305.T,,2471.0,15.484396,0.6846284,159.58,3609.257,23558064128.0,,1754546400.0,1754892000.0,True,,,False,1754546400.0,2025-08-07,-219.0
0,False,28.598484848484844,False,False,True,True,0.3455535954508631,15890.0,15890.0,5255721650.0,5255.72165,21450.439453125,0.7407773642457973,-0.4250093373353617,-0.043919932507329174,436.6862410105957,2.7481827628105457,-0.08730614589316488,-0.08730614589316488,13.339477388623637,17.840528975493175,25.28749539869165,,2,trend_break;trailing_stop,True,False,False,False,True,False,False,False,False,7309.T,,15890.0,40.972614,1.577504,387.82,10072.874,1357099827200.0,1776925800.0,1776925800.0,1776925800.0,True,,,True,1776925800.0,2026-04-23,-34.0
4,False,58.47665847665848,False,False,True,False,0.4498635734308108,1810.0,1810.0,746292402.5,746.2924025,1963.528076171875,0.9218100937618393,-0.16427378871244014,0.004702501768498513,33.05892594179853,1.826459996784449,-0.021357123546904555,-0.021357123546904555,11.636690800148651,23.83207196974797,28.444751279023585,,1,trend_break,True,False,False,False,False,False,False,False,False,7313.T,,1810.0,40.11525,0.68157876,45.12,2655.599,211200131072.0,1778653800.0,1785997800.0,1785997800.0,True,,,True,1785997800.0,2026-08-06,41.0
5,False,52.0408163265306,True,False,True,True,0.6779586286837188,1152.0,1152.0,1308050.0,1.30805,1284.9697265625,0.8965191756554333,-0.30013686900078373,-0.04283592718192897,14.27088425244219,1.2387920358022735,-0.017064846416382284,-0.035983263598326376,25.982352133564717,22.001930825128316,24.949067705568556,"fund_low_adv20,fund_small_mcap",2,trend_break;di_bear,True,False,False,False,False,False,True,False,False,7314.T,,1152.0,37.957165,0.9128121,30.35,1262.034,3637242880.0,,1754547000.0,1754979000.0,True,,,False,1754547000.0,2025-08-07,-219.0
7,True,50.0,False,False,False,True,0.5626485852142185,1108.0,1108.0,101715260.0,101.71526,1109.0,0.9990982867448152,-0.13341291578430614,0.14895448252977372,1.45137183644007,0.1309902379458547,-0.0009017132551848439,-0.0009017132551848439,81.93043735799601,22.465119916700882,1.0663265454922528,"fund_low_adv20,fund_small_mcap",1,macd_sell_like,False,False,True,False,False,False,False,False,False,7317.T,,1108.0,15.41887,2.9116979,71.86,380.534,23736559616.0,,1754533800.0,1754879400.0,True,,,False,1754533800.0,2025-08-07,-219.0
3,True,55.53618134263296,False,False,True,True,0.45897253755172696,2302.0,2302.0,567675885.0,567.675885,2470.0,0.9319838056680162,-0.416793893129771,0.5664006382640308,163.0510357757757,7.083016323882524,-0.0680161943319838,-0.0680161943319838,19.08178152887957,27.350185791112676,18.871416225103893,,1,macd_sell_like;ext_dev200,False,False,True,False,False,True,False,False,False,7318.T,,2302.0,10.35165,3.1065207,222.38,741.022,41842937856.0,,1747031400.0,1747031400.0,True,,,True,1747031400.0,2025-05-12,-282.0
0,False,27.721088435374156,False,False,True,False,0.546018118635413,1518.0,1518.0,122735560.0,122.73556,2365.52685546875,0.6417175085079281,-0.4326845214640056,-0.13621324655455913,69.30249135993735,4.565381512512342,-0.18343195266272194,-0.18343195266272194,22.51124116087683,19.27418785278796,30.508692606469257,"fund_neg_eps,fund_low_adv20,fund_small_mcap",3,trend_break;trailing_stop;di_bear,True,False,False,False,True,False,True,False,False,7320.T,,1518.0,-61.65718927701056,3.4532413,-24.62,439.587,17022266368.0,,1747116060.0,1747116060.0,True,,,False,1747116060.0,2025-05-13,-281.0
4,True,41.73913043478261,False,False,True,True,0.4086009063430371,1682.0,1682.0,805582590.0,805.58259,1793.0,0.9380925822643614,-0.11823759063022865,0.3773143271989996,72.57198534695388,4.31462457472972,-0.032777458309373175,-0.06190741773563857,14.914869863046082,27.59023645639152,21.467581544262455,,0,ext_dev200,False,False,False,False,False,True,False,False,False,7322.T,,1682.0,14.179733,0.7656759,118.62,2196.752,175031369728.0,,1754288400.0,1754634000.0,True,,,True,1754288400.0,2025-08-04,-222.0
1,False,31.451612903225808,True,False,True,False,0.4173098038712613,700.0,700.0,6959620.0,6.95962,965.9449462890625,0.7246789816430412,-0.2804972967972662,-0.17941878685864587,19.69729439212886,2.8138991988755513,-0.18604651162790697,-0.21259842519685035,57.21744576955482,6.6060702981528285,34.79985614500904,"fund_low_adv20,fund_small_mcap",3,trend_break;trailing_stop;di_bear,True,False,False,False,True,False,True,False,False,7325.T,,700.0,13.018412,1.5079383,53.77,464.21,5724132864.0,,1747292400.0,1747292400.0,True,,,False,1747292400.0,2025-05-15,-279.0
6,True,41.825095057034225,False,False,True,True,0.5357832222837687,2200.0,2200.0,70470510.0,70.47051,2485.81982421875,0.8850198950728144,-0.2107231663032446,0.14618918917071144,66.52806299810541,3.024002863550246,-0.06343124733929328,-0.06343124733929328,16.10614221692131,27.93918730006615,25.113076194685675,fund_low_adv20,0,,False,False,False,False,False,False,False,False,False,7326.T,,2200.0,18.944286,1.1385502,116.13,1932.282,54604853248.0,,1746671400.0,1746671400.0,True,,,False,1746671400.0,2025-05-08,-284.0
5,True,42.14876033057851,True,False,True,True,0.2785641753622889,2095.0,2095.0,2132685170.0,2132.68517,2152.0,0.9735130111524164,-0.10804715985498248,0.2358443002710826,62.34307851421084,2.975803270368059,-0.026486988847583604,-0.026486988847583604,13.546153581001937,32.68475348951509,21.595574209804653,,0,ext_dev200,False,False,False,False,False,True,False,False,False,7327.T,,2095.0,13.043208,0.9654405,160.62,2169.994,549823905792.0,1778826600.0,1784874600.0,1784874600.0,True,,,True,1784874600.0,2026-07-24,32.0
4,True,40.819672131147534,False,False,True,True,0.29599121733283335,2055.5,2055.5,1477946425.0,1477.946425,2111.5,0.9734785697371536,-0.13033595055082525,0.2492550629423378,59.25489678962271,2.88274856675372,-0.02652143026284637,-0.02652143026284637,17.848860535906216,31.720514786511078,23.449381408578752,,0,ext_dev200,False,False,False,False,False,True,False,False,False,7337.T,,2055.5,14.112599,1.0790405,145.65,1904.933,613607145472.0,1778653800.0,1785738600.0,1785738600.0,True,,,True,1785738600.0,2026-08-03,38.0
4,False,58.52272727272727,True,False,True,False,0.4770960213805582,1172.0,1172.0,8983420.0,8.98342,1319.9072265625,0.8879411949673901,-0.3798645300500757,-0.021886635669984167,26.675913811423957,2.2761018610429997,-0.024958402662229595,-0.09184866931711366,24.339375995868302,19.427443685232696,18.237577822742683,"fund_low_adv20,fund_small_mcap",1,trend_break,True,False,False,False,False,False,False,False,False,7343.T,,1172.0,38.12622,1.6577649,30.74,706.976,6726538240.0,,1747206000.0,1747206000.0,True,,,False,1747206000.0,2025-05-14,-280.0
2,True,23.80952380952381,False,False,True,True,0.6294485180767329,965.0,965.0,3439110.0,3.43911,1217.6512451171875,0.7925093526325165,-0.20749064736748346,0.20243556142391617,30.48129828777502,3.1586837603911935,-0.06582768635043568,-0.20749064736748346,21.180218632098104,10.621177437160151,27.801080256422722,"fund_low_adv20,fund_small_mcap",2,macd_sell_like;ext_dev200;di_bear,False,False,True,False,False,True,True,False,False,7345.T,,965.0,35.846954,4.423562,26.92,218.15,3175969280.0,,1747292400.0,1747292400.0,True,,,False,1747292400.0,2025-05-15,-279.0
3,False,60.3448275862069,True,False,True,True,0.32618118986259215,758.0,758.0,16852075.0,16.852075,864.2298583984375,0.8770814762228891,-0.20068765798233845,-0.04499109714279814,16.345001580841686,2.1563326623801693,-0.02570694087403602,-0.05368289637952561,17.40180705331915,27.25976519343331,19.37083027665908,"fund_neg_eps,fund_low_adv20,fund_small_mcap",1,trend_break,True,False,False,False,False,False,False,False,False,7347.T,,758.0,,0.84749365,,894.402,14665877504.0,,1747204200.0,1747204200.0,True,,,False,1747204200.0,2025-05-14,-280.0
4,True,51.66666666666666,False,False,True,True,0.3722727448752343,6330.0,6330.0,475924050.0,475.92405,6370.0,0.9937205651491365,-0.14143096961663648,0.32006673480977543,216.92138279980816,3.426878085305026,-0.006279434850863463,-0.006279434850863463,13.191703820403818,29.02064541484653,22.439776651393455,,0,ext_dev200,False,False,False,False,False,True,False,False,False,7350.T,,6330.0,11.972536,0.8325358,528.71,7603.277,135124230144.0,,1746759600.0,1746759600.0,True,,,True,1746759600.0,2025-05-09,-283.0
2,False,51.23456790123458,False,False,True,False,0.5654179062727672,459.0,459.0,9052610.0,9.05261,975.2942504882812,0.47062719765875943,-0.5457781077062518,-0.24613208892944483,17.327802380825837,3.7751203444065005,-0.13559322033898302,-0.13559322033898302,17.99667511776264,27.058395185866722,24.25143985688312,"fund_low_adv20,fund_small_mcap",3,trend_break;macd_sell_like;trailing_stop,True,False,True,False,True,False,False,False,False,7351.T,,459.0,10.273053,0.9273402,44.68,494.964,4008893696.0,,1752127200.0,1752472800.0,True,,,False,1752127200.0,2025-07-10,-239.0
0,False,29.00763358778626,False,False,True,True,0.42563071910815525,314.0,314.0,44990355.0,44.990355,1064.4090576171875,0.29499936866652393,-0.705000631333476,-0.5273411456346832,20.565089313776266,6.549391501202632,-0.17801047120418845,-0.46140651801029164,41.28686295863101,10.279094111562882,29.809840442205555,"fund_low_adv20,fund_small_mcap",3,trend_break;trailing_stop;di_bear,True,False,False,False,True,False,True,False,False,7352.T,,314.0,56.07143,3.7374723,5.6,84.014,13925752832.0,,1752129000.0,1752474600.0,True,,,False,1752129000.0,2025-07-10,-239.0
3,False,57.14285714285714,True,False,True,True,0.5104519409841064,567.0,567.0,2727990.0,2.72799,816.0,0.6948529411764706,-0.3769230769230769,-0.1525233728672959,8.931981448712,1.57530537014321,-0.013913043478260834,-0.0373514431239389,36.78253664309375,40.75475979747489,10.189472011654637,"fund_low_adv20,fund_small_mcap",1,trend_break,True,False,False,False,False,False,False,False,False,7353.T,,567.0,13.263158,2.7328594,42.75,207.475,3894694656.0,,1754980200.0,1755498600.0,True,,,False,1754980200.0,2025-08-12,-216.0
6,True,73.33333333333333,True,False,True,False,0.3587487354121731,307.0,307.0,88635630.0,88.63563,352.0,0.8721590909090909,-0.23863636363636365,0.038774475406228026,11.886569337409776,3.8718466897100248,0.0,-0.061162079510703404,21.62555392549913,30.813783982504418,20.72899922717617,"fund_low_adv20,fund_small_mcap",0,,False,False,False,False,False,False,False,False,False,7354.T,,307.0,10.689415,0.9578903,28.72,320.496,13983909888.0,,1754978400.0,1755496800.0,True,,,False,1754978400.0,2025-08-12,-216.0
3,False,,False,False,True,False,,1244.0,1244.0,0.0,0.0,1244.0,1.0,0.0,0.0,0.0,0.0,0.0,0.0,,,,"fund_neg_eps,fund_low_adv20,fund_small_mcap",0,,False,False,False,False,False,False,False,False,False,7355.T,,1244.0,-33.44086021505376,22.521137,-37.2,55.237,0.0,,1741933800.0,1741933800.0,True,,,False,1741933800.0,2025-03-14,-323.0
0,False,30.30303030303031,False,False,True,False,0.4293070169762358,112.0,112.0,5212775.0,5.212775,277.0,0.4043321299638989,-0.5956678700361011,-0.3188176620849045,4.004675289165713,3.575602936755101,-0.2056737588652482,-0.2727272727272727,39.34775747773851,12.408883848327088,34.87561108219369,"fund_low_adv20,fund_small_mcap",3,trend_break;trailing_stop;di_bear,True,False,False,False,True,False,True,False,False,7356.T,,112.0,320.0,4.84115,0.35,23.135,1675066752.0,,1754892000.0,1755237600.0,True,,,False,1754892000.0,2025-08-11,-217.0
6,True,41.61073825503356,False,False,True,True,0.5025703587834078,1507.0,1507.0,3543180.0,3.54318,1677.7572021484375,0.8982229359946864,-0.3611796518887085,0.06840120824077389,23.37883631919245,1.5513494571461481,-0.02015604681404426,-0.06860321384425216,15.209634981523239,20.239865326143455,21.45643153824903,"fund_neg_eps,fund_low_adv20,fund_small_mcap",0,,False,False,False,False,False,False,False,False,False,7357.T,,1507.0,-548.0,3.9066143,-2.75,385.756,4213715200.0,,1744614000.0,1744614000.0,True,,,False,1744614000.0,2025-04-14,-302.0
5,False,51.29533678756477,True,False,True,True,0.3758575888838801,1390.0,1390.0,27689165.0,27.689165,1514.4931640625,0.9177987943315917,-0.17579144279392833,-0.01665858109471008,37.39196428092711,2.690069372728569,-0.012082444918265822,-0.07947019867549665,13.973637844470254,22.669553053357426,16.14283226491851,"fund_low_adv20,fund_small_mcap",1,trend_break,True,False,False,False,False,False,False,False,False,7358.T,,1390.0,12.025262,1.4582245,115.59,953.214,13576446976.0,,1747204200.0,1747204200.0,True,,,False,1747204200.0,2025-05-14,-280.0
1,False,39.130434782608695,False,True,False,True,0.4774002898642163,225.0,225.0,7042335.0,7.042335,604.0,0.37251655629139074,-0.6274834437086092,-0.30078622704248115,6.836722900337175,3.0385435112609662,-0.06639004149377592,-0.13461538461538458,10.503696016243813,13.462587578256349,24.81647606887762,"fund_low_adv20,fund_small_mcap",3,trend_break;macd_sell_like;vol_distribution,True,False,True,False,False,False,False,True,False,7359.T,,225.0,9.868422,2.8299038,22.8,79.508,2266744832.0,,1747191600.0,1747191600.0,True,,,False,1747191600.0,2025-05-14,-280.0
0,False,8.955223880597018,False,False,True,True,0.2047500816935562,591.0,591.0,1189370.0,1.18937,1087.0,0.5436982520699172,-0.4738415545590433,-0.27272279786370013,13.056737613443431,2.209261863526807,-0.16877637130801693,-0.28450363196125905,30.82973369572931,16.304275615060764,47.80971939099894,"fund_neg_eps,fund_low_adv20,fund_small_mcap",3,trend_break;trailing_stop;di_bear,True,False,False,False,True,False,True,False,False,7360.T,,591.0,-10.184387385834913,1.7693021,-58.03,334.03,1544599168.0,,1744612200.0,1744612200.0,True,,,False,1744612200.0,2025-04-14,-302.0
2,False,55.49132947976879,False,False,True,False,0.5448563592303721,1150.0,1150.0,11256035.0,11.256035,1407.0,0.8173418621179815,-0.20170448046366463,-0.06282410556507334,25.74973211059407,2.2391071400516585,-0.030354131534570006,-0.07999999999999996,23.19571037565845,14.289828280584182,22.657963730452206,"fund_low_adv20,fund_small_mcap",3,trend_break;cross_sma25_down;di_bear,True,True,False,False,False,False,True,False,False,7361.T,,1150.0,15.095825,2.386501,76.18,481.877,3579695872.0,,1747031400.0,1747031400.0,True,,,False,1747031400.0,2025-05-12,-282.0
5,True,65.88785046728972,False,True,False,False,0.1702258561906029,900.0,900.0,8660250.0,8.66025,995.0,0.9045226130653267,-0.5642045454545455,0.09693224615159601,37.008884712473126,4.112098301385903,-0.09547738693467334,-0.09547738693467334,25.391479125582308,46.062982150616335,17.442323082424185,"fund_low_adv20,fund_small_mcap",4,rsi_reversal;trailing_stop;vol_distribution;natr_spike,False,False,False,True,True,False,False,True,True,7362.T,,900.0,16.657413,0.96311074,54.03,934.472,1368579584.0,,1747207800.0,1747207800.0,True,,,False,1747207800.0,2025-05-14,-280.0
1,False,37.795275590551185,False,False,True,False,0.46447618161441423,1064.0,1064.0,1919180.0,1.91918,1940.0,0.5484536082474227,-0.45360824742268047,-0.28551523148567837,32.30014014122601,3.0357274568821437,-0.13566206336311937,-0.23563218390804597,37.52816774558402,9.920480486190012,34.858991631266015,"fund_low_adv20,fund_small_mcap",4,trend_break;macd_sell_like;trailing_stop;di_bear,True,False,True,False,True,False,True,False,False,7363.T,,1064.0,19.109196,1.1951605,55.68,890.257,947760128.0,,1754550000.0,1754636400.0,True,,,False,1754550000.0,2025-08-07,-219.0
3,False,,False,False,True,False,,700.0,700.0,0.0,0.0,700.0,1.0,0.0,0.0,0.0,0.0,0.0,0.0,,,,"fund_low_adv20,fund_small_mcap",0,,False,False,False,False,False,False,False,False,False,7364.T,,700.0,149.25372,-5.7846456,4.69,-121.01,1133789952.0,,,,True,,,False,,,
5,True,47.11538461538462,False,False,True,True,0.28320598936891395,1588.0,1588.0,306824100.0,306.8241,1658.0,0.9577804583835947,-0.35121802360857635,0.21333065268653595,66.80520852967946,4.206877111440773,-0.04221954161640529,-0.04221954161640529,27.06926086570292,23.56466640185724,19.148832809613534,,0,ext_dev200,False,False,False,False,False,True,False,False,False,7366.T,,1588.0,19.14637,3.8381777,82.94,413.738,55116197888.0,,1753671600.0,1754017200.0,True,,,True,1753671600.0,2025-07-28,-227.0
4,False,53.846153846153854,True,False,True,False,0.2834281506658109,328.0,328.0,6844510.0,6.84451,347.31707763671875,0.9443820103285456,-0.30341319029385794,-0.020694455399746015,7.115499616485626,2.1693596391724466,-0.0060606060606061,-0.0060606060606061,16.894040160555942,13.049851775801075,23.473849363104094,"fund_low_adv20,fund_small_mcap",1,trend_break,True,False,False,False,False,False,False,False,False,7367.T,,328.0,12.382031,2.280359,26.49,143.837,7077892096.0,,1747117800.0,1747117800.0,True,,,False,1747117800.0,2025-05-13,-281.0
7,True,44.88636363636363,False,True,False,False,0.4049612877953824,1676.0,1676.0,2952505.0,2.952505,1733.0,0.9671090594345066,-0.08727837562340612,0.0009415335506650635,22.683837748550918,1.3534509396510095,-0.01930953774136923,-0.032890940565493354,13.729950041578865,13.04356885220693,18.1858373918987,"fund_low_adv20,fund_small_mcap",0,,False,False,False,False,False,False,False,False,False,7368.T,,1676.0,9.842612,0.928194,170.28,1805.657,7910998016.0,,1747292400.0,1747292400.0,True,,,False,1747292400.0,2025-05-15,-279.0
0,False,6.849315068493141,False,True,False,False,0.24816238579127978,436.0,436.0,5752285.0,5.752285,831.0,0.5246690734055355,-0.4753309265944645,-0.27020128049545966,11.503500734790133,2.6384175997225077,-0.15830115830115832,-0.1880819366852886,23.920900644089517,11.779136796365727,42.52178932365947,"fund_low_adv20,fund_small_mcap",5,trend_break;macd_sell_like;trailing_stop;di_bear;vol_distribution,True,False,True,False,True,False,True,True,False,7369.T,,436.0,26.376284,0.8415981,16.53,518.062,2050856320.0,,1747195200.0,1747195200.0,True,,,False,1747195200.0,2025-05-14,-280.0
1,False,17.158184894397664,False,False,True,False,0.2722748628664013,728.0,728.0,13365730.0,13.36573,884.8733520507812,0.8227166049387612,-0.2462321413927414,-0.08100041795941881,11.57601909336844,1.590112512825335,-0.0733137510938191,-0.07560756982455263,43.47537007454566,13.7555568334047,37.75667509615881,"fund_low_adv20,fund_small_mcap",2,trend_break;di_bear,True,False,False,False,False,False,True,False,False,7370.T,,728.0,12.320189,1.1605421,59.09,627.293,4965191680.0,,1744612200.0,1744612200.0,True,,,False,1744612200.0,2025-04-14,-302.0
6,True,62.6865671641791,True,False,False,False,0.3587426890195539,735.0,735.0,16780875.0,16.780875,809.0,0.9085290482076638,-0.21384425216316438,0.05962747246410238,14.851704974191499,2.020640132543061,0.0,0.0,29.203328049163535,33.439376236072206,8.767788786290973,"fund_low_adv20,fund_small_mcap",0,,False,False,False,False,False,False,False,False,False,7371.T,,735.0,24.76415,0.7067749,29.68,1039.935,8944288768.0,,1747189800.0,1747189800.0,True,,,False,1747189800.0,2025-05-14,-280.0
1,False,34.848484848484844,False,False,True,True,0.44349774955789245,360.0,360.0,1922715.0,1.922715,489.0,0.7361963190184049,-0.2924528301886793,-0.13226875564929197,10.209915575323413,2.8360876598120592,-0.09547738693467334,-0.09547738693467334,20.78944753113677,22.0870991990765,23.615181323281174,"fund_low_adv20,fund_small_mcap",4,trend_break;macd_sell_like;trailing_stop;di_bear,True,False,True,False,True,False,True,False,False,7372.T,,360.0,6.949807,0.35563844,51.8,1012.264,1850385920.0,,1746685800.0,1746685800.0,True,,,False,1746685800.0,2025-05-08,-284.0
1,False,32.446808510638306,True,False,True,True,0.5549803260965036,1143.0,1143.0,129295790.0,129.29579,3220.0,0.3549689440993789,-0.6515527950310559,-0.4948003235606687,45.17377917654502,3.9522116514912526,-0.07374392220421389,-0.3777898747958628,31.693297901476853,17.053672300943994,26.73248679490625,"fund_low_adv20,fund_small_mcap",2,trend_break;di_bear,True,False,False,False,False,False,True,False,False,7373.T,,1143.0,9.174828,2.237662,124.58,510.801,16988340224.0,,1744353000.0,1744353000.0,True,,,False,1744353000.0,2025-04-11,-303.0
5,False,36.53846153846153,False,False,False,False,0.4225838731889807,1520.0,1520.0,9293865.0,9.293865,1685.8392333984375,0.9016280852213133,-0.20507498271011093,-0.02772966743104599,16.533162955858234,1.0877080892011997,-0.0275111964171465,-0.0275111964171465,26.74816231272535,23.753252292472965,18.886407657161183,"fund_low_adv20,fund_small_mcap",2,trend_break;macd_sell_like,True,False,True,False,False,False,False,False,False,7374.T,,1520.0,11.867582,1.5063689,128.08,1009.049,9499791360.0,,1747031400.0,1747031400.0,True,,,False,1747031400.0,2025-05-12,-282.0
2,True,29.65779467680609,False,False,True,True,0.5031722479059941,1345.0,1345.0,398534675.0,398.534675,2265.0,0.5938189845474614,-0.4061810154525386,0.19720503805242773,153.81646049546262,11.436168066577146,-0.3374384236453202,-0.4061810154525386,14.96736802768616,23.388763717444018,28.572294986512027,fund_small_mcap,1,trailing_stop;ext_dev200,False,False,False,False,True,True,False,False,False,7375.T,,1345.0,31.403221,9.7688875,42.83,137.682,4503441920.0,,1747290600.0,1747290600.0,True,,,False,1747290600.0,2025-05-15,-279.0
4,True,39.24843423799582,False,False,True,False,0.519933377849116,1084.0,1084.0,54029825.0,54.029825,1299.0,0.8344880677444187,-0.2369916451222167,0.4711237695915793,85.99545484287891,7.933160040855988,-0.16551193225558125,-0.16551193225558125,32.2546134077121,20.39807921943145,23.235968843201015,"fund_neg_eps,fund_low_adv20,fund_small_mcap",4,macd_sell_like;trailing_stop;ext_dev200;di_bear;natr_spike,False,False,True,False,True,True,True,False,True,7376.T,,1084.0,-27.547649301143583,1.4343064,-39.35,755.766,4599150592.0,,1747281600.0,1747281600.0,True,,,False,1747281600.0,2025-05-15,-279.0
0,False,23.80952380952381,False,False,True,True,0.2514704443778067,1829.0,1829.0,6210545.0,6.210545,2387.98583984375,0.7659174394935585,-0.23492008641075368,-0.08726386258555341,12.93058732831647,0.7069757970648699,-0.028677642060541686,-0.048387096774193505,31.029766803853068,8.763851410135489,27.0387203167618,"fund_low_adv20,fund_small_mcap",2,trend_break;di_bear,True,False,False,False,False,False,True,False,False,7377.T,,1829.0,11.28664,0.9113926,162.05,2006.819,15017406464.0,,1747292400.0,1747292400.0,True,,,False,1747292400.0,2025-05-15,-279.0
1,False,33.70288248337029,True,False,True,False,0.5652729500189603,1438.0,1438.0,29925555.0,29.925555,2327.75927734375,0.6177614730166295,-0.5023159573515219,-0.15099299567109747,71.64008664986495,4.981925358126909,-0.13425647200481639,-0.30500596934829916,57.90641577248832,9.10653935549403,35.30964301893486,"fund_low_adv20,fund_small_mcap",3,trend_break;trailing_stop;di_bear,True,False,False,False,True,False,True,False,False,7378.T,,1438.0,10.752205,3.8455262,133.74,373.941,10146077696.0,,1749812340.0,1749812340.0,True,,,False,1749812340.0,2025-06-13,-258.0
4,True,53.826530612244895,False,False,True,True,0.4714206057734069,2163.0,2163.0,1151814115.0,1151.814115,2182.0,0.9912923923006416,-0.1621359157303246,0.4117051279093924,80.08047986934449,3.70228755752864,0.0,-0.00870760769935841,15.458593584880807,27.64924814040824,25.886311202014934,,0,ext_dev200,False,False,False,False,False,True,False,False,False,7380.T,,2163.0,14.11051,0.8230099,153.29,2628.158,383078400000.0,,1746770400.0,1746770400.0,True,,,True,1746770400.0,2025-05-09,-283.0
4,True,28.048780487804876,False,False,True,True,0.44060454835769763,991.0,991.0,611898965.0,611.898965,1063.0,0.9322671683913453,-0.23257702320070317,0.20812549619910126,36.90205554938037,3.7237190261735997,-0.06773283160865473,-0.06773283160865473,19.44974724054417,20.38386485237108,28.665450192405068,,0,ext_dev200,False,False,False,False,False,True,False,False,False,7381.T,,991.0,21.220556,0.9045982,46.7,1095.514,219578859520.0,,1745985600.0,1745985600.0,True,,,True,1745985600.0,2025-04-30,-290.0
0,False,32.47863247863248,False,False,True,True,0.5171014930688267,352.0,352.0,519573510.0,519.57351,940.0,0.37446808510638296,-0.6457446808510638,-0.4091183777613644,19.513658278694567,5.543652920083684,-0.19999999999999996,-0.25106382978723407,24.59983736661454,18.743432629432935,28.313153480922455,,3,trend_break;trailing_stop;di_bear,True,False,False,False,True,False,True,False,False,7383.T,,352.0,20.34682,1.6650033,17.3,211.411,35017310208.0,,1747306740.0,1747306740.0,True,,,True,1747306740.0,2025-05-15,-279.0
4,True,43.86422976501305,False,True,False,False,0.5330596592761777,3645.0,3645.0,744375025.0,744.375025,3960.0,0.9204545454545454,-0.2582072773336188,0.47823383593765945,212.71220890725635,5.835725895946677,-0.07954545454545459,-0.07954545454545459,13.443484912618578,18.949238841265387,23.311278584571184,,2,macd_sell_like;ext_dev200;vol_distribution,False,False,True,False,False,True,False,True,False,7384.T,,3645.0,27.34844,0.6339815,133.28,5749.379,103208861696.0,,1738925940.0,1738925940.0,True,,,True,1738925940.0,2025-02-07,-348.0
2,False,5.571918158462452,False,False,True,True,0.31445909324629095,2018.0,2018.0,154750970.0,154.75097,2444.779541015625,0.8254323001908264,-0.5325304566457385,-0.07822061396052926,40.3338491490108,1.998704120367235,-0.13866429383414025,-0.17456769980917364,31.61547420205291,17.21478512636605,44.666606270130316,fund_low_adv20,3,trend_break;trailing_stop;di_bear,True,False,False,False,True,False,True,False,False,7388.T,,2018.0,23.580275,4.49863,85.58,448.581,46280511488.0,,1744612200.0,1744612200.0,True,,,False,1744612200.0,2025-04-14,-302.0
4,True,24.80916030534351,False,False,True,True,0.3428702517216679,1352.0,1352.0,1186199885.0,1186.199885,1674.0,0.8076463560334528,-0.20908004778972522,0.30369559479373254,51.327694770763145,3.7964271280150257,-0.11344262295081964,-0.1923536439665472,19.286638448997543,20.754230039346353,28.20402703802615,,1,trailing_stop;ext_dev200,False,False,False,False,True,True,False,False,False,7389.T,,1352.0,15.11966,0.7645783,89.42,1768.295,329517957120.0,1786689000.0,1786689000.0,1786689000.0,True,,,True,1786689000.0,2026-08-14,47.0
5,False,70.0,False,False,True,True,0.44792573941770275,585.0,585.0,1965085.0,1.965085,628.4727783203125,0.930827905646924,-0.22724288791835512,0.010013419414802938,8.293472036367803,1.4176875275842398,-0.006791171477079749,-0.05135720400268062,20.617880081162724,25.46864826738024,22.820131335697184,"fund_low_adv20,fund_small_mcap",1,trend_break,True,False,False,False,False,False,False,False,False,7399.T,,585.0,16.805515,0.32220238,34.81,1815.629,3743110912.0,,1746774000.0,1746774000.0,True,,,False,1746774000.0,2025-05-09,-283.0
4,True,30.612244897959187,True,False,True,False,0.49745958701267773,3435.0,3435.0,643730750.0,643.73075,5560.0,0.6178057553956835,-0.45953237410071945,0.14484353758402557,286.3022575239012,8.334854658628856,-0.1811680572109654,-0.29682702149437057,19.137978117747434,25.62205466213362,26.31641045568478,,1,trailing_stop,False,False,False,False,True,False,False,False,False,7409.T,,3435.0,44.123314,20.545732,77.85,167.188,40830222336.0,,1747276200.0,1747276200.0,True,,,True,1747276200.0,2025-05-15,-279.0
5,True,46.236559139784944,False,False,True,True,0.6033962418576725,669.0,669.0,174009745.0,174.009745,698.0,0.9584527220630372,-0.28077455048409405,0.09200421131668945,17.356391654706748,2.594378423722982,-0.04154727793696278,-0.04154727793696278,13.910945308712149,18.31485182711969,19.429154617029624,"fund_neg_eps,fund_low_adv20",0,,False,False,False,False,False,False,False,False,False,7412.T,,669.0,-85.44061302681992,12.440494,-7.83,53.776,129208164352.0,,1754460000.0,1754892000.0,True,,,False,1754460000.0,2025-08-06,-220.0
4,False,53.54609929078014,True,False,True,False,0.35925334983031404,2550.0,2550.0,1270155.0,1.270155,2873.142822265625,0.8875298437093323,-0.14762329911993932,-0.029631119762691616,44.139374264510245,1.7309558535102056,-0.027830728173846686,-0.11154942367842258,17.299255272406523,42.74059046534714,32.248150851923306,"fund_low_adv20,fund_small_mcap",1,trend_break,True,False,False,False,False,False,False,False,False,7413.T,,2550.0,105.28489,1.5069096,24.22,1692.205,1784166144.0,,1747377000.0,1747377000.0,True,,,False,1747377000.0,2025-05-16,-278.0
2,False,43.99999999999999,False,False,True,False,0.25706803325897526,1311.0,1311.0,125675230.0,125.67523,1458.5872802734375,0.8988149133963587,-0.1585306497146608,-0.04791783019410123,22.878117417300434,1.7450890478490033,-0.08958333333333335,-0.09398756046993784,26.47781152506586,16.90977493721986,29.60080127089807,"fund_neg_eps,fund_low_adv20",3,trend_break;trailing_stop;di_bear,True,False,False,False,True,False,True,False,False,7414.T,,1311.0,-14.631696428571429,0.34557766,-89.6,3793.648,32031012864.0,,1754546400.0,1754978400.0,True,,,False,1754546400.0,2025-08-07,-219.0
2,False,45.0,True,False,True,True,0.5000735555048801,679.0,679.0,1937350.0,1.93735,863.4253540039062,0.7864026656749393,-0.2286536445662598,-0.0674420914749636,7.986148566238883,1.176163264541809,-0.014513788098693747,-0.2036543005978927,19.31500502740206,20.611488148978605,21.85586470878664,"fund_neg_eps,fund_low_adv20,fund_small_mcap",1,trend_break,True,False,False,False,False,False,False,False,False,7416.T,,679.0,-9.786682040933988,0.46982825,-69.38,1445.209,10646756352.0,,1754546400.0,1754978400.0,True,,,False,1754546400.0,2025-08-07,-219.0
5,True,25.742574257425744,False,False,True,True,0.3194789348645716,1436.0,1436.0,11379930.0,11.37993,1526.63818359375,0.9406289030578384,-0.07902211859378772,0.032233510681195066,21.826428789448084,1.519946294529811,-0.05712409717662503,-0.05712409717662503,14.237341164397177,18.739448157119977,25.883755326380196,"fund_low_adv20,fund_small_mcap",0,,False,False,False,False,False,False,False,False,False,7417.T,,1436.0,7.5586905,0.63966787,189.98,2244.915,17507921920.0,,1754289000.0,1754634600.0,True,,,False,1754289000.0,2025-08-04,-222.0
5,True,65.04424778761063,True,False,True,True,0.46201789225156453,1573.0,1573.0,1377772250.0,1377.77225,1581.0,0.9949399114484504,-0.22505461236258084,0.31333225174655555,60.726539593464565,3.8605556003473978,-0.005060088551549602,-0.005060088551549602,35.109431529541204,31.97541208797285,11.825599093695793,,0,ext_dev200,False,False,False,False,False,True,False,False,False,7419.T,,1573.0,12.5699215,1.8546839,125.14,848.123,459051237376.0,1778135400.0,1785393000.0,1785393000.0,True,,,True,1785393000.0,2026-07-30,36.0
4,False,50.0,True,False,True,False,0.46648756022882865,1439.0,1439.0,159797105.0,159.797105,1688.0,0.8524881516587678,-0.23015873015873012,-0.07310490532980773,28.959268726541133,2.0124578684184247,-0.011675824175824134,-0.12522796352583587,22.46899946216319,29.09201593965748,24.312237563035204,"fund_neg_eps,fund_low_adv20",1,trend_break,True,False,False,False,False,False,False,False,False,7421.T,,1439.0,-181.0062893081761,6.9564295,-7.95,206.859,71018070016.0,,1754460000.0,1754978400.0,True,,,False,1754460000.0,2025-08-06,-220.0
2,False,43.24324324324324,True,False,True,True,0.32980126307154983,397.0,397.0,2270370.0,2.27037,889.56298828125,0.44628655331878747,-0.5739481014916361,-0.188426906356705,9.043386203765372,2.2779310336940486,-0.03170731707317076,-0.09977324263038545,15.383421110748081,30.126919654542007,22.720377558891037,"fund_low_adv20,fund_small_mcap",1,trend_break,True,False,False,False,False,False,False,False,False,7422.T,,397.0,115.072464,0.3828122,3.45,1037.062,2020015360.0,,1753338600.0,1753684200.0,True,,,False,1753338600.0,2025-07-24,-229.0
6,True,62.30769230769231,False,False,True,True,0.3178872998508123,2416.0,2416.0,4228375.0,4.228375,2735.0,0.883363802559415,-0.15173674588665453,0.09745206194547995,42.77683757714778,1.7705644692528055,-0.05106048703849175,-0.11663619744058495,24.558551360525662,37.02453394577482,26.97081743020814,"fund_low_adv20,fund_small_mcap",0,,False,False,False,False,False,False,False,False,False,7425.T,,2416.0,9.575902,0.32456693,252.3,7443.765,7972734976.0,,1754375400.0,1754980200.0,True,,,False,1754375400.0,2025-08-05,-221.0
1,False,78.87323943661971,False,False,True,False,0.6081592917753558,601.0,601.0,6352745.0,6.352745,1458.0,0.4122085048010974,-0.6762688614540466,-0.42609683780312535,25.239682089909728,4.199614324444214,-0.016366612111292977,-0.4732690622261174,44.80076616778112,39.25077343819429,24.174389838478845,"fund_neg_eps,fund_low_adv20,fund_small_mcap",1,trend_break,True,False,False,False,False,False,False,False,False,7426.T,,601.0,-2.377561515942717,0.35797015,-252.78,1678.911,667614208.0,,1754547000.0,1754892600.0,True,,,False,1754547000.0,2025-08-07,-219.0
2,False,39.473684210526315,False,False,True,False,0.399400258552812,818.0,818.0,7950395.0,7.950395,937.9208984375,0.8721417780142456,-0.36304124787725345,-0.08484522562102093,14.29013232299666,1.7469599416866333,-0.05542725173210161,-0.08908685968819596,24.05289228322846,17.235924976708738,26.58207108627725,"fund_low_adv20,fund_small_mcap",3,trend_break;macd_sell_like;di_bear,True,False,True,False,False,False,True,False,False,7427.T,,818.0,6.3613033,0.40792674,128.59,2005.262,4967731200.0,,1751955000.0,1752473400.0,True,,,False,1751955000.0,2025-07-08,-241.0
5,True,48.41628959276018,False,False,True,False,0.27827382567903675,4475.0,4475.0,419849925.0,419.849925,4655.0,0.9613319011815252,-0.29329220507895226,0.11987414304805322,121.88799698853528,2.723754122648833,-0.03033586132177679,-0.03866809881847477,17.99592928181557,21.598483216125626,19.816426422006444,,1,macd_sell_like,False,False,True,False,False,False,False,False,False,7433.T,,4475.0,16.800571,1.2319856,266.36,3632.348,84248092672.0,,1753768800.0,1754287200.0,True,,,True,1753768800.0,2025-07-29,-226.0
2,False,13.628356748753404,False,False,True,True,0.32973582984528443,1744.0,1744.0,9351795.0,9.351795,2054.029296875,0.8490628651954095,-0.16359518210681556,-0.04467545181198462,31.164532535737177,1.7869571408106177,-0.1089085950787555,-0.11773124030386384,37.06894315731815,13.844794416525755,34.96853150123746,"fund_low_adv20,fund_small_mcap",3,trend_break;trailing_stop;di_bear,True,False,False,False,True,False,True,False,False,7434.T,,1744.0,7.242224,0.4008353,240.81,4350.914,6840655360.0,,1744603200.0,1744603200.0,True,,,False,1744603200.0,2025-04-14,-302.0
3,False,46.2962962962963,False,False,True,False,0.31725660058376765,933.0,933.0,90889445.0,90.889445,1265.7640380859375,0.7371042089415524,-0.2628957910584476,-0.07741948352217576,58.56931411058604,6.277525628144271,-0.19568965517241377,-0.2628957910584476,38.38605180085861,39.20557991478606,27.806703817464772,"fund_low_adv20,fund_small_mcap",3,trend_break;trailing_stop;natr_spike,True,False,False,False,True,False,False,False,True,7435.T,,933.0,10.453781,0.39435774,89.25,2365.872,7407660032.0,,1741934400.0,1741934400.0,True,,,False,1741934400.0,2025-03-14,-323.0
4,False,57.2289156626506,True,False,True,False,0.45996263820484845,1454.0,1454.0,40407680.0,40.40768,1713.7247314453125,0.8484443115749009,-0.18248247557329023,-0.04990070625290144,24.60762825839776,1.692409096175912,-0.02872411489645954,-0.05950840879689523,20.267022880682166,25.930764913107346,21.367622769826244,fund_low_adv20,1,trend_break,True,False,False,False,False,False,False,False,False,7438.T,,1454.0,11.2713175,0.96725637,129.0,1503.221,37273231360.0,,1754542800.0,1754974800.0,True,,,False,1754542800.0,2025-08-07,-219.0
5,True,80.32786885245902,True,True,False,True,0.5874183443620256,479.0,479.0,4895770.0,4.89577,479.0,1.0,-0.08350730688935282,0.10594645391016422,7.341481903848713,1.5326684559183117,0.0,0.0,17.807845774321557,39.47184238087685,15.63099535919765,"fund_low_adv20,fund_small_mcap",0,,False,False,False,False,False,False,False,False,False,7442.T,,479.0,13.940628,0.3926423,34.36,1219.94,9297770496.0,,1753772400.0,1754290800.0,True,,,False,1753772400.0,2025-07-29,-226.0
5,False,58.69565217391305,False,False,True,True,0.5267001466397894,629.0,629.0,1287205.0,1.287205,711.5542602539062,0.8839803724533275,-0.14272173736640736,0.0027744772014897112,10.0235398951645,1.5935675509005562,-0.017187500000000022,-0.08025161507627043,24.56874426560295,34.28757405100882,16.876541408503552,"fund_low_adv20,fund_small_mcap",1,trend_break,True,False,False,False,False,False,False,False,False,7443.T,,629.0,21.178452,2.3501806,29.7,267.639,3935873792.0,,1746761400.0,1746761400.0,True,,,False,1746761400.0,2025-05-09,-283.0
2,False,31.060606060606062,False,True,False,True,0.42672803701661977,1920.0,1920.0,5437390.0,5.43739,2134.51318359375,0.8995025258018846,-0.20198490976505679,-0.003302168950903517,15.191913774807668,0.7912455091045661,-0.027355623100303927,-0.051851851851851816,34.12526490351304,17.791713645639458,32.16944967773542,"fund_low_adv20,fund_small_mcap",4,trend_break;macd_sell_like;di_bear;vol_distribution,True,False,True,False,False,False,True,True,False,7444.T,,1920.0,6.8269095,0.39410472,281.24,4871.802,10334743552.0,,1747206000.0,1747206000.0,True,,,False,1747206000.0,2025-05-14,-280.0
5,True,57.758620689655174,False,False,False,True,0.41219830701465043,4720.0,4720.0,3013225.0,3.013225,5090.0,0.9273084479371316,-0.13541666666666663,0.14874690998922135,99.33639622022939,2.104584665682826,-0.07269155206286837,-0.07269155206286837,33.27715891045362,45.47112687592002,29.287664038361967,"fund_low_adv20,fund_small_mcap",1,macd_sell_like,False,False,True,False,False,False,False,False,False,7446.T,,4720.0,7.6509113,0.5038253,616.92,9368.326,4252285696.0,,1753855200.0,1754287200.0,True,,,False,1753855200.0,2025-07-30,-225.0
3,False,50.38461538461539,True,False,True,False,0.4948541111930033,1669.0,1669.0,84964275.0,84.964275,2238.141845703125,0.74570787513053,-0.28989578750864187,-0.08718984949008923,32.01714513514941,1.9183430278699467,-0.018235294117647016,-0.06655480984340045,17.230157228173486,20.38688104114019,25.6357819119165,fund_low_adv20,1,trend_break,True,False,False,False,False,False,False,False,False,7447.T,,1669.0,20.169184,1.3036323,82.75,1280.269,50019053568.0,,1750831200.0,1751263200.0,True,,,False,1750831200.0,2025-06-25,-250.0
6,True,59.22053231939164,False,False,True,True,0.37290570124055417,3647.0,3647.0,12741631480.0,12741.63148,4016.0,0.9081175298804781,-0.28194476482894115,0.11140963291169848,138.0760196611441,3.786016442586896,-0.06077774916301826,-0.09188247011952189,12.53801079414528,23.184026136013316,19.60499651001465,,0,,False,False,False,False,False,False,False,False,False,7453.T,,3647.0,32.48419,5.2972302,112.27,688.473,1935930818560.0,1783665000.0,1783665000.0,1783665000.0,True,,,True,1783665000.0,2026-07-10,22.0
3,True,25.675675675675677,False,False,True,True,0.4339229840616444,6110.0,6110.0,1038670200.0,1038.6702,8682.7958984375,0.7036903863074239,-0.29630961369257613,0.09646519592299962,283.6934370939536,4.6431004434362295,-0.2136422136422137,-0.2136422136422137,18.714415294011722,16.49406115760611,27.259845789350706,,1,trailing_stop,False,False,False,False,True,False,False,False,False,7456.T,,6110.0,9.431196,1.3329052,647.85,4583.972,157894049792.0,,1754550000.0,1754982000.0,True,,,True,1754550000.0,2025-08-07,-219.0
6,True,32.075471698113205,True,False,True,False,0.25965935084557396,1680.0,1680.0,452004060.0,452.00406,1772.0,0.9480812641083521,-0.19268102473236182,0.022984086605858822,30.148183622466718,1.7945347394325426,-0.04355251921434666,-0.05191873589164786,17.57753938283007,25.255260119710098,22.62040161088785,,0,,False,False,False,False,False,False,False,False,False,7458.T,,1680.0,11.948791,1.3995043,140.6,1200.425,173673185280.0,1785997800.0,1785997800.0,1785997800.0,True,,,True,1785997800.0,2026-08-06,41.0
2,False,31.976744186046517,False,False,True,False,0.4355910219216523,2680.0,2680.0,1141693617.5,1141.6936175,3031.54931640625,0.8840364184399961,-0.1668630100323899,-0.015732517231032528,63.442929565895554,2.3672734912647595,-0.07538381921683635,-0.11375661375661372,22.326918430037427,17.919322332007873,28.562366005898955,,2,trend_break;di_bear,True,False,False,False,False,False,True,False,False,7459.T,,2680.0,12.966906,0.8412599,206.68,3185.698,548592353280.0,1778740200.0,1785911400.0,1785911400.0,True,,,True,1785911400.0,2026-08-05,40.0
5,True,54.11764705882352,False,False,False,False,0.44789146427274545,4625.0,4625.0,83444425.0,83.444425,4625.0,1.0,-0.17524175042825751,0.2898916965832592,148.01435917907796,3.200310468736821,0.0,0.0,27.356658298001033,29.10470285332392,18.206030585573153,fund_low_adv20,0,ext_dev200,False,False,False,False,False,True,False,False,False,7460.T,,4625.0,10.42653,0.80353534,443.58,5755.814,37561257984.0,,1747033200.0,1747033200.0,True,,,False,1747033200.0,2025-05-12,-282.0
4,False,60.714285714285715,True,False,True,True,0.4672115468804402,455.0,455.0,1356240.0,1.35624,514.5416870117188,0.884282093142897,-0.18649352956921983,-0.0488565669123755,5.658297183781404,1.2435817986332756,0.0,-0.07194154817292908,21.923445880871622,50.66461029514075,19.82099135925439,"fund_low_adv20,fund_small_mcap",1,trend_break,True,False,False,False,False,False,False,False,False,7461.T,,455.0,9.542786,0.4005726,47.68,1135.874,6748849152.0,,1747029600.0,1747029600.0,True,,,False,1747029600.0,2025-05-12,-282.0
4,True,62.19512195121951,False,False,True,True,0.3090966096530756,635.0,635.0,5589565.0,5.589565,635.0,1.0,-0.18181820051234143,0.19123983639936726,17.993099571774657,2.8335589876810485,0.0,0.0,28.70954293203655,29.64543954911022,14.442192762080918,"fund_low_adv20,fund_small_mcap",0,ext_dev200,False,False,False,False,False,True,False,False,False,7462.T,,635.0,17.297739,1.4065071,36.71,451.473,2610478592.0,,1755067500.0,1755499500.0,True,,,False,1755067500.0,2025-08-13,-215.0
7,True,47.337278106508876,True,False,True,True,0.3309506994599851,927.0,927.0,26127055.0,26.127055,1000.0,0.927,-0.20165530917960983,0.07424802145862053,18.128739631816323,1.9556353432380067,-0.029319371727748678,-0.07299999999999995,18.535751517964073,24.796755223515316,24.776966441054768,fund_low_adv20,0,,False,False,False,False,False,False,False,False,False,7463.T,,927.0,3.9374762,0.5184297,235.43,1788.092,31129257984.0,,1751533200.0,1751878800.0,True,,,False,1751533200.0,2025-07-03,-244.0
2,False,27.272727272727266,False,False,True,True,0.21731893958054857,1565.0,1565.0,1727825.0,1.727825,1684.204345703125,0.9292221600025861,-0.1879280248806311,-0.019024563286029417,8.205785256768497,0.524331326311086,-0.02674129353233834,-0.05949519230769229,25.269765521103515,23.16773690927659,40.15500299882549,"fund_low_adv20,fund_small_mcap",2,trend_break;di_bear,True,False,False,False,False,False,True,False,False,7464.T,,1565.0,19.342478,0.37720922,80.91,4148.891,2748346624.0,,1746771000.0,1746771000.0,True,,,False,1746771000.0,2025-05-09,-283.0
6,True,44.51219512195122,True,False,True,True,0.3370833628200368,1219.0,1219.0,46958120.0,46.95812,1358.0,0.8976435935198822,-0.12665684830633284,0.01770128167303442,28.046590730422345,2.300786770338174,-0.024800000000000044,-0.10235640648011779,16.525067108465727,17.638106110371933,25.890121507926438,"fund_low_adv20,fund_small_mcap",0,,False,False,False,False,False,False,False,False,False,7466.T,,1219.0,10.83363,0.8436955,112.52,1444.834,24615657472.0,,1754546400.0,1754978400.0,True,,,False,1754546400.0,2025-08-07,-219.0
3,False,36.48648648648649,False,False,True,False,0.4708755426558109,3600.0,3600.0,4467350.0,4.46735,4044.82763671875,0.8900255643329208,-0.1198636086041116,-0.06374686485584091,66.55842794567415,1.848845220713171,-0.04509283819628651,-0.08045977011494254,16.426519746267253,10.093533095588375,17.7607808724251,"fund_low_adv20,fund_small_mcap",1,trend_break,True,False,False,False,False,False,False,False,False,7472.T,,3600.0,12.784091,0.6460455,281.6,5572.363,14084427776.0,,1746772200.0,1746772200.0,True,,,False,1746772200.0,2025-05-09,-283.0
2,False,58.035714285714285,True,False,True,False,0.40289555429994534,2464.0,2464.0,25205055.0,25.205055,3241.624755859375,0.7601126550956322,-0.26641725088579005,-0.0801378841279029,34.33573779891233,1.3934958522285847,-0.017935432443204502,-0.07263831388784348,24.298729272193473,24.73715785782743,20.01719424500079,"fund_low_adv20,fund_small_mcap",1,trend_break,True,False,False,False,False,False,False,False,False,7475.T,,2464.0,15.624604,0.6241848,157.7,3947.549,20587481088.0,,1753680600.0,1754026200.0,True,,,False,1753680600.0,2025-07-28,-227.0
3,False,69.4510739856802,True,False,True,True,0.3001295247885525,2166.5,2166.5,517858747.5,517.8587475,2559.856689453125,0.8463364409914839,-0.3057067808830082,-0.07288862671646645,45.62352715875097,2.1058632429610418,0.0,-0.041371681415929173,14.53572290291207,20.346231850807087,14.703715317520174,,1,trend_break,True,False,False,False,False,False,False,False,False,7476.T,,2166.5,16.908607,2.1693528,128.13,998.685,154401275904.0,1785479400.0,1785479400.0,1785479400.0,True,,,True,1785479400.0,2026-07-31,37.0
2,True,33.97683397683397,False,False,True,True,0.3815310999600022,1805.0,1805.0,2938510.0,2.93851,2424.0,0.7446369636963697,-0.29702970297029707,0.15553660420175208,53.35544990845523,2.95598060434655,-0.064282011404873,-0.25536303630363033,17.594968666226915,21.379595640391557,43.05552913473244,"fund_low_adv20,fund_small_mcap",1,macd_sell_like,False,False,True,False,False,False,False,False,False,7477.T,,1805.0,38.90925,0.92975914,46.39,1941.363,2562415872.0,,1747292400.0,1747292400.0,True,,,False,1747292400.0,2025-05-15,-279.0
4,True,61.971830985915496,False,False,True,True,0.39325791866518345,2086.0,2086.0,86113165.0,86.113165,2146.0,0.9720410065237651,-0.147469523891416,0.22798074066928042,49.10849858318812,2.3541945629524506,-0.027958993476234872,-0.027958993476234872,28.608200587851083,28.41447694427342,17.21343916902301,"fund_low_adv20,fund_small_mcap",1,macd_sell_like;ext_dev200,False,False,True,False,False,True,False,False,False,7480.T,,2086.0,16.178066,1.5785307,128.94,1321.482,26451449856.0,,1753853400.0,1754285400.0,True,,,False,1753853400.0,2025-07-30,-225.0
6,True,56.57568238213399,True,True,False,True,0.5799407772494451,2456.0,2456.0,6066150.0,6.06615,2787.39404296875,0.8811097254782841,-0.19566449327267377,0.051898780079521645,49.67951353309133,2.022781495647041,0.0,-0.0618849836054689,16.037613892142442,28.552216157989836,19.14976232354283,"fund_low_adv20,fund_small_mcap",0,,False,False,False,False,False,False,False,False,False,7481.T,,2456.0,7.2576833,1.2013128,338.4,2044.43,20386283520.0,,1754546400.0,1754978400.0,True,,,False,1754546400.0,2025-08-07,-219.0
4,False,41.46341463414634,True,False,True,False,0.4809963453205226,1281.0,1281.0,43269200.0,43.2692,1461.3572998046875,0.8765823390153848,-0.13847215861017215,-0.025878332076949118,19.305121551026605,1.5070352498849808,-0.04116766467065869,-0.09661495063469672,29.849195338028217,20.276782870846436,26.537363994895696,"fund_low_adv20,fund_small_mcap",2,trend_break;di_bear,True,False,False,False,False,False,True,False,False,7482.T,,1281.0,10.9375,0.81254506,117.12,1576.528,29963405312.0,,1754546400.0,1754978400.0,True,,,False,1754546400.0,2025-08-07,-219.0
3,False,36.57817109144543,True,False,True,True,0.5165949321500763,2886.0,2886.0,264597810.0,264.59781,3665.224365234375,0.7874006370181523,-0.22787810022128507,-0.06346668780792863,60.87246167302139,2.1092329062030974,-0.05531914893617018,-0.18359264497878358,38.39689727805782,16.28046412221945,29.230378245201287,,2,trend_break;di_bear,True,False,False,False,False,False,True,False,False,7483.T,,2886.0,11.926112,1.0916866,241.99,2643.616,103524655104.0,,1753768800.0,1754287200.0,True,,,True,1753768800.0,2025-07-29,-226.0
6,True,55.12820512820513,True,True,False,True,0.3332099629340333,736.0,736.0,1217755.0,1.217755,900.044189453125,0.8177376273571637,-0.2033724472621109,0.020380964075612296,11.337849698240824,1.540468709000112,-0.009421265141319024,-0.043226348649382906,18.80648581994624,31.875877546842744,15.852344122225546,"fund_low_adv20,fund_small_mcap",1,vol_distribution,False,False,False,False,False,False,False,True,False,7486.T,,736.0,17.89448,0.4057048,41.13,1814.127,8913261568.0,,1746772200.0,1746772200.0,True,,,False,1746772200.0,2025-05-09,-283.0
2,False,27.78845783175015,False,False,True,False,0.23632799282394443,1705.0,1705.0,66313335.0,66.313335,1964.4478759765625,0.8679283481382338,-0.14988836282061546,-0.03201433157914335,28.536631684268624,1.6737027380802711,-0.11290322580645162,-0.13207165186176617,34.399016919054574,18.467276698697045,41.81647268797468,"fund_low_adv20,fund_small_mcap",3,trend_break;trailing_stop;di_bear,True,False,False,False,True,False,True,False,False,7487.T,,1705.0,31.05081,0.7358196,54.91,2317.144,14349214720.0,,1752044400.0,1752476400.0,True,,,False,1752044400.0,2025-07-09,-240.0
5,True,50.0,False,False,True,True,0.4080628174645013,2205.0,2205.0,146942075.0,146.942075,2216.0,0.9950361010830325,-0.16575439177538842,0.6242233279884746,21.326717623070135,0.9671980781437703,-0.0049638989169674685,-0.0049638989169674685,73.27343216027315,77.9002955925768,5.181091463551575,"fund_low_adv20,fund_small_mcap",1,macd_sell_like;ext_dev200,False,False,True,False,False,True,False,False,False,7490.T,,2205.0,4.0209346,0.5609067,548.38,3931.135,14721558528.0,,1747026000.0,1747026000.0,True,,,False,1747026000.0,2025-05-12,-282.0
1,False,14.285714285714292,False,False,True,True,0.5438411186588797,218.0,218.0,8637190.0,8.63719,260.475830078125,0.8369298599974319,-0.2573513232186133,-0.098010369195481,2.293742798044074,1.0521755954330614,-0.08016877637130804,-0.09894470651660314,49.48555150602342,13.1307518182915,36.1606981512542,"fund_low_adv20,fund_small_mcap",3,trend_break;trailing_stop;di_bear,True,False,False,False,True,False,True,False,False,7494.T,,218.0,3.5979536,0.41602495,60.59,524.007,7365417984.0,,1754967600.0,1755486000.0,True,,,False,1754967600.0,2025-08-12,-216.0
2,False,39.00709219858155,False,False,True,True,0.43051304709726884,9690.0,9690.0,5258050.0,5.25805,13800.0,0.7021739130434783,-0.3405797101449275,-0.13217922424524664,123.48412237468213,1.2743459481391344,-0.08151658767772507,-0.1710863986313088,15.849578584188917,31.43793092835076,48.33849914385684,fund_low_adv20,4,trend_break;cross_sma25_down;macd_sell_like;trailing_stop,True,True,True,False,True,False,False,False,False,7500.T,,9690.0,12.255119,8.428264,790.69,1149.703,32865959936.0,,1746772200.0,1746772200.0,True,,,False,1746772200.0,2025-05-09,-283.0
5,True,45.44764795144158,False,False,True,False,0.21411467858391856,1735.0,1735.0,13818435.0,13.818435,2099.0,0.8265840876607908,-0.3616007622677465,0.144656278457983,86.10783893765225,4.962987835023185,-0.07020364415862812,-0.17341591233920917,15.437279474047628,28.855152718436695,32.62269748017655,"fund_neg_eps,fund_low_adv20,fund_small_mcap",1,natr_spike,False,False,False,False,False,False,False,False,True,7501.T,,1735.0,-33.28856485034536,0.997588,-52.12,1739.195,4296566272.0,,1751955000.0,1752473400.0,True,,,False,1751955000.0,2025-07-08,-241.0
3,False,53.00546448087432,False,False,True,False,0.42752330393117455,1614.0,1614.0,1711000.0,1.711,1914.4344482421875,0.8430688245721638,-0.1749746642079475,-0.08809950388830556,16.45415972237361,1.0194646668137306,-0.024773413897280938,-0.09681029658645779,35.52544623463136,40.210417405693896,18.704080128109883,"fund_low_adv20,fund_small_mcap",2,trend_break;cross_sma25_down,True,True,False,False,False,False,False,False,False,7502.T,,1614.0,18.21465,1.6247787,88.61,993.366,3756428544.0,,1747033200.0,1747033200.0,True,,,False,1747033200.0,2025-05-12,-282.0
7,True,68.14814814814815,True,False,False,True,0.42439884256471977,2957.0,2957.0,189113650.0,189.11365,3392.280029296875,0.8716851128038813,-0.1896305799466116,0.00790013321697991,61.60341005250193,2.0833077461109886,0.0,-0.06424050632911393,22.997983675959087,30.852620052573183,20.265621883586075,fund_low_adv20,0,,False,False,False,False,False,False,False,False,False,7504.T,,2957.0,15.33316,1.3598065,192.85,2174.574,57819688960.0,,1753768800.0,1754287200.0,True,,,False,1753768800.0,2025-07-29,-226.0
6,True,38.97435897435897,False,False,True,True,0.3436693949851602,2019.0,2019.0,35295890.0,35.29589,2190.17578125,0.9218438160464432,-0.22738756487927847,0.10239840251313637,62.92843226380751,3.1168119001390546,-0.053001876172607876,-0.053001876172607876,16.113501868022784,21.04410936223355,21.80790113728831,"fund_low_adv20,fund_small_mcap",1,macd_sell_like,False,False,True,False,False,False,False,False,False,7505.T,,2019.0,6.9343314,1.4358089,291.16,1406.176,23558721536.0,,1754546400.0,1754978400.0,True,,,False,1754546400.0,2025-08-07,-219.0
5,False,20.588235294117652,True,False,False,True,0.2617809983973634,1355.0,1355.0,2629795.0,2.629795,1540.3204345703125,0.8796870895100412,-0.13507406658888543,-0.01351550526713563,7.469612699339978,0.5512629298405888,-0.014545454545454528,-0.047363216632146266,31.493085750772295,20.388382289325094,11.583684888682328,"fund_low_adv20,fund_small_mcap",1,trend_break,True,False,False,False,False,False,False,False,False,7506.T,,1355.0,3304.8782,1.1858742,0.41,1142.617,6371792896.0,,1754283600.0,1754629200.0,True,,,False,1754283600.0,2025-08-04,-222.0
7,True,53.086419753086425,True,False,True,False,0.4601751553048566,1360.0,1360.0,99807170.0,99.80717,1504.7679443359375,0.9037938408504413,-0.29683327851716357,0.0303474802745054,25.95394554791621,1.908378349111486,-0.013062409288824406,-0.024390243902439046,12.509253323509055,25.30970773833015,17.935773550821,fund_low_adv20,0,,False,False,False,False,False,False,False,False,False,7508.T,,1360.0,12.471343,1.6749821,109.05,811.949,59502034944.0,,1753768800.0,1754287200.0,True,,,False,1753768800.0,2025-07-29,-226.0
7,True,38.405797101449274,False,False,True,False,0.33998402378010273,4670.0,4670.0,1432775.0,1.432775,4930.0,0.947261663286004,-0.1106713989091509,0.10807296993062354,66.86653102971437,1.431831499565618,-0.05273833671399597,-0.05273833671399597,22.91832433057735,44.275681315156184,24.086685503331324,"fund_low_adv20,fund_small_mcap",0,,False,False,False,False,False,False,False,False,False,7509.T,,4670.0,4.9140306,0.4064801,950.34,11488.877,6809355264.0,,1747118700.0,1747118700.0,True,,,False,1747118700.0,2025-05-13,-281.0
5,True,57.36196319018405,False,False,True,True,0.40453849051359836,2340.0,2340.0,66597400.0,66.5974,2644.453125,0.8848710449348578,-0.2629526277886758,0.06760485728676402,60.37904264467971,2.580300967721355,-0.023372287145242088,-0.062441492097508156,17.208776592716326,22.227778464047923,18.35885781978161,fund_low_adv20,0,,False,False,False,False,False,False,False,False,False,7510.T,,2340.0,12.67743,0.84843016,184.58,2758.035,37503156224.0,,1753770600.0,1754289000.0,True,,,False,1753770600.0,2025-07-29,-226.0
4,False,44.827586206896555,True,False,True,True,0.41253513944928616,845.0,845.0,132881615.0,132.881615,939.7794189453125,0.8991471647126719,-0.13277521983334006,-0.04322379036407453,11.458676427597059,1.356056381964149,-0.018583042973286834,-0.06938325991189431,22.642853304369623,20.092415519639996,21.94169617804628,fund_low_adv20,2,trend_break;di_bear,True,False,False,False,False,False,True,False,False,7512.T,,845.0,31.541618,1.5426662,26.79,547.753,117561876480.0,,1751954400.0,1752472800.0,True,,,False,1751954400.0,2025-07-08,-241.0
5,True,66.54411764705883,True,False,False,False,0.36094697612855225,1438.0,1438.0,231962355.0,231.962355,1438.0,1.0,-0.2041037964988911,0.17908839100565732,42.984956695089174,2.9892181290048105,0.0,0.0,33.912040138672054,34.887498171852386,12.742662446202754,,0,,False,False,False,False,False,False,False,False,False,7513.T,,1438.0,22.143517,1.5584477,64.94,922.713,111489728512.0,,1752040800.0,1752472800.0,True,,,True,1752040800.0,2025-07-09,-240.0
6,True,62.5,True,True,False,True,0.48357350839051044,854.0,854.0,3548910.0,3.54891,885.0,0.9649717514124294,-0.0648267117651643,0.0067802810314951945,3.9670250500519146,0.46452283958453333,0.0,-0.003500583430571802,13.93071180708631,23.303762181639165,14.536925790975364,"fund_neg_eps,fund_low_adv20,fund_small_mcap",0,,False,False,False,False,False,False,False,False,False,7514.T,,854.0,-50.77288941736028,0.6569069,-16.82,1300.032,10454018048.0,,1751869800.0,1752215400.0,True,,,False,1751869800.0,2025-07-07,-242.0
6,True,59.70149253731344,True,False,True,False,0.3971490087451537,4515.0,4515.0,1243175.0,1.243175,4720.0,0.9565677966101694,-0.0805084745762712,0.026989030818327597,40.33338667703575,0.8933197492145238,-0.01526717557251911,-0.03007518796992481,14.824302355137894,39.89612957670611,37.209799649622276,"fund_low_adv20,fund_small_mcap",0,,False,False,False,False,False,False,False,False,False,7515.T,,4515.0,32.15354,1.2911245,140.42,3496.952,4220685312.0,,1751956200.0,1752474600.0,True,,,False,1751956200.0,2025-07-08,-241.0
7,True,48.03921568627451,True,False,True,True,0.3573520123919504,4165.0,4165.0,282326725.0,282.326725,4525.0,0.9204419889502763,-0.13226433569684115,0.044144845699430224,82.31160889186697,1.9762691210532286,-0.004778972520907976,-0.07955801104972371,16.035568993017073,26.093153644865176,19.888556290888438,,0,,False,False,False,False,False,False,False,False,False,7516.T,,4165.0,9.632954,0.67654514,432.37,6156.278,117310226432.0,,1752040800.0,1752472800.0,True,,,True,1752040800.0,2025-07-09,-240.0
2,False,41.72413793103448,True,False,False,True,0.596802778539587,2271.0,2271.0,32455165.0,32.455165,3205.0,0.7085803432137285,-0.3120124804992199,-0.1656964926600556,45.142348497345615,1.987774042155245,-0.02406532015470564,-0.16904500548847423,23.675695611402826,18.668649001924713,21.14302055486666,"fund_low_adv20,fund_small_mcap",2,trend_break;di_bear,True,False,False,False,False,False,True,False,False,7520.T,,2271.0,9.640038,0.8728878,235.58,2601.709,25384376320.0,,1752127200.0,1752472800.0,True,,,False,1752127200.0,2025-07-10,-239.0
4,True,30.38793103448276,False,False,True,True,0.4926546663367961,2618.0,2618.0,9356095.0,9.356095,2999.0,0.8729576525508503,-0.14304768256085365,0.06237386621919372,61.29736275704015,2.341381312339196,-0.09848484848484851,-0.12704234744914966,32.988861809307906,13.3108270034921,36.698006198264025,"fund_low_adv20,fund_small_mcap",2,trailing_stop;di_bear,False,False,False,False,True,False,True,False,False,7521.T,,2618.0,6.361317,0.48295084,411.55,5420.842,17839720448.0,,1747377000.0,1747377000.0,True,,,False,1747377000.0,2025-05-16,-278.0
3,False,55.71428571428571,True,False,True,False,0.3656651137547624,935.0,935.0,66801020.0,66.80102,1052.0638427734375,0.8887293356030227,-0.26402640314405135,-0.01633334974239642,17.628554917389124,1.8854069430362699,0.0,-0.10268714011516311,23.967062313626233,17.70668098629522,20.536878860606326,fund_low_adv20,2,trend_break;di_bear,True,False,False,False,False,False,True,False,False,7522.T,,935.0,10.332634,1.2434552,90.49,751.937,37497643008.0,,1754546400.0,1754978400.0,True,,,False,1754546400.0,2025-08-07,-219.0
4,False,65.03067484662577,True,False,True,True,0.5529211912976869,1660.0,1660.0,3909405.0,3.909405,2090.801513671875,0.7939538923925402,-0.31031234166864885,0.03235466752793803,28.890438323966038,1.7403878508413275,0.0,-0.004796163069544335,41.807760963947196,41.92929037446739,11.845557784112183,"fund_low_adv20,fund_small_mcap",1,trend_break,True,False,False,False,False,False,False,False,False,7523.T,,1660.0,8.974428,0.93499476,184.97,1775.411,15191800832.0,,1747288800.0,1747288800.0,True,,,False,1747288800.0,2025-05-15,-279.0
2,False,90.0,True,False,True,False,0.4207491781590877,177.0,177.0,4606485.0,4.606485,208.0,0.8509615384615384,-0.2583732057416268,-0.05461343303511812,3.4468727793517484,1.9473857510461854,0.0,-0.032786885245901676,15.72557513640288,25.104164877534107,14.531483789199623,"fund_neg_eps,fund_low_adv20,fund_small_mcap",2,trend_break;rsi_reversal,True,False,False,True,False,False,False,False,False,7524.T,,177.0,-24.82468443197756,0.30812404,-7.13,574.444,1775049216.0,,1754892000.0,1755237600.0,True,,,False,1754892000.0,2025-08-11,-217.0
3,False,46.15384615384615,False,False,True,False,0.4292251143764071,3380.0,3380.0,47617825.0,47.617825,3866.434814453125,0.8741903490433144,-0.13874146085377603,-0.03430417910923156,69.71206579448508,2.0624871536829907,-0.04249291784702547,-0.05586592178770955,11.45143280771076,20.790421853976145,27.19478610379436,"fund_low_adv20,fund_small_mcap",2,trend_break;macd_sell_like,True,False,True,False,False,False,False,False,False,7525.T,,3380.0,8.610148,0.9547311,392.56,3540.264,27398080512.0,,1754542800.0,1754974800.0,True,,,False,1754542800.0,2025-08-07,-219.0
0,False,30.769230769230774,False,True,False,True,0.27091044281346416,45.0,45.0,61259845.0,61.259845,90.0,0.5,-0.5,-0.2652461425422483,1.6996223721692723,3.776938604820605,-0.15094339622641506,-0.21052631578947367,34.35991567615207,6.563061092329556,30.88025170750619,"fund_neg_eps,fund_low_adv20,fund_small_mcap",5,trend_break;macd_sell_like;trailing_stop;di_bear;vol_distribution,True,False,True,False,True,False,True,True,False,7527.T,,45.0,-14.423076923076923,0.90086484,-3.12,49.952,4761093120.0,,1753950000.0,1754295600.0,True,,,False,1753950000.0,2025-07-31,-224.0
0,False,12.295081967213108,False,True,False,False,0.21579858524329473,1278.0,1278.0,1341150.0,1.34115,1802.7861328125,0.7089027238112882,-0.29109727618871184,-0.15525228016727588,16.16025668504097,1.2644958282504672,-0.07391304347826089,-0.14228187919463087,47.46274667384795,12.246591059733909,68.81745244004433,"fund_low_adv20,fund_small_mcap",4,trend_break;macd_sell_like;di_bear;vol_distribution,True,False,True,False,False,False,True,True,False,7531.T,,1278.0,14.44231,0.31444174,88.49,4064.346,5027384832.0,,1754547000.0,1754979000.0,True,,,False,1754547000.0,2025-08-07,-219.0
2,False,45.943528111466456,True,False,True,False,0.4700455609541275,849.0,849.0,9631489978.7146,9631.4899787146,1100.8984375,0.7711883050065642,-0.264782293403825,-0.1139304282235799,28.17767770929913,3.3189255252413576,-0.040461107919166794,-0.16437007874015752,18.859057209782183,22.61251148007831,23.674108713919395,,1,trend_break,True,False,False,False,False,False,False,False,False,7532.T,,849.0,25.411554,3.6991532,33.41,229.512,2538067197952.0,1787034600.0,1787034600.0,1787034600.0,True,,,True,1787034600.0,2026-08-18,49.0
5,True,54.67980295566502,False,False,True,True,0.46440231186584113,1638.0,1638.0,283896410.0,283.89641,1834.0,0.8931297709923665,-0.2222222516529161,0.32692842651743925,70.6786586070894,4.314936422899231,-0.10687022900763354,-0.10687022900763354,43.44572098332719,32.32560996111507,18.49467486728107,,2,macd_sell_like;trailing_stop;ext_dev200,False,False,True,False,True,True,False,False,False,7537.T,,1638.0,12.992782,0.7556773,126.07,2167.592,42985938944.0,,1753772400.0,1754290800.0,True,,,True,1753772400.0,2025-07-29,-226.0
2,False,38.46153846153846,False,False,True,False,0.491714007749615,355.0,355.0,3095020.0,3.09502,448.45391845703125,0.7916086478214471,-0.24183960490340284,-0.041811615506700206,10.193469449901325,2.8713998450426272,-0.11250000000000004,-0.16052659913338085,24.781270273504663,20.385472569728737,36.13334285605159,"fund_low_adv20,fund_small_mcap",3,trend_break;trailing_stop;di_bear,True,False,False,False,True,False,True,False,False,7538.T,,355.0,6.60957,0.3765687,53.71,942.723,4835897856.0,,1747029600.0,1747029600.0,True,,,False,1747029600.0,2025-05-12,-282.0
6,True,63.55140186915888,True,False,True,False,0.5144103955702812,776.0,776.0,9187095.0,9.187095,831.8914184570312,0.9328140461399432,-0.1389484665435392,0.03538388824204364,13.078455487176448,1.685367975151604,-0.0025706940874036244,-0.06718595386005677,16.43063724117976,29.73029324446239,20.105691860859814,"fund_low_adv20,fund_small_mcap",0,,False,False,False,False,False,False,False,False,False,7539.T,,776.0,10.034915,0.6641953,77.33,1168.331,18027587584.0,,1753762500.0,1754280900.0,True,,,False,1753762500.0,2025-07-29,-226.0
5,True,65.71428571428572,False,False,True,True,0.520402577484204,564.0,564.0,3133105.0,3.133105,588.6402587890625,0.9581403778943834,-0.10499993675008679,0.017811253600901633,9.082532639434383,1.6103781275592879,-0.007042253521126751,-0.030927835051546393,30.16383010940893,13.538564411445526,21.928411857006175,"fund_low_adv20,fund_small_mcap",1,di_bear,False,False,False,False,False,False,True,False,False,7544.T,,564.0,11.174955,1.031869,50.47,546.581,4271940096.0,,1744268400.0,1744268400.0,True,,,False,1744268400.0,2025-04-10,-304.0
3,False,43.90243902439025,True,False,True,True,0.3626261658061062,1968.0,1968.0,321597570.0,321.59757,2307.392578125,0.8529107784507167,-0.19463652311491153,-0.06765019434780317,34.56302017905707,1.756251025358591,-0.021382396817503757,-0.11391265195857725,16.616224974854248,21.111736425630642,23.877764092157996,,1,trend_break,True,False,False,False,False,False,False,False,False,7545.T,,1968.0,17.044865,1.1953527,115.46,1646.376,117542371328.0,,1749713400.0,1750059000.0,True,,,True,1749713400.0,2025-06-12,-259.0
2,False,54.943273905996755,True,False,True,False,0.413225717497127,7927.0,7927.0,6321630810.0,6321.63081,10405.166015625,0.7618331113695214,-0.2851627750263025,-0.12959122156182523,308.2235017768394,3.88827427496959,-0.015524093392945804,-0.17502670638586248,24.218916521993332,23.565956154749397,25.80175678803555,,2,trend_break;di_bear,True,False,False,False,False,False,True,False,False,7550.T,,7927.0,28.707493,3.63758,276.13,2179.196,1240276533248.0,1778567400.0,1786084200.0,1786084200.0,True,,,True,1786084200.0,2026-08-07,42.0
4,True,58.26086956521739,False,False,True,False,0.3030690177055119,653.0,653.0,10610700.0,10.6107,768.0,0.8502604166666666,-0.19010416666666663,0.006495145858384621,16.362377570318863,2.5057239770779267,-0.03687315634218291,-0.14973958333333337,22.801248670094164,19.207895264584728,23.833583454444636,"fund_low_adv20,fund_small_mcap",1,di_bear,False,False,False,False,False,False,True,False,False,7551.T,,653.0,10.731307,0.58753824,60.85,1111.417,10472870912.0,,1747121400.0,1747121400.0,True,,,False,1747121400.0,2025-05-13,-281.0
1,False,56.47668393782383,False,False,True,True,0.42235326326295497,2710.0,2710.0,684774660.0,684.77466,3466.619140625,0.7817414864649399,-0.27277849174239355,-0.07382827049675666,79.65574021522269,2.939326207203789,-0.03110475509474442,-0.07960139188797233,13.838105164954078,18.841286697138244,26.46166557881355,,1,trend_break,True,False,False,False,False,False,False,False,False,7552.T,,2710.0,13.341209,1.9473721,203.13,1391.619,117377114112.0,1778740200.0,1786343400.0,1786343400.0,True,,,True,1786343400.0,2026-08-10,43.0
5,False,52.94117647058823,True,False,True,True,0.3925661673801798,1090.0,1090.0,61504670.0,61.50467,1233.718994140625,0.8835075127940818,-0.2685920879845918,-0.015064223720112402,17.69354736214332,1.6232612258847083,-0.005474452554744547,-0.09166666666666667,26.57422532712191,24.171461168363216,20.32052768129816,"fund_low_adv20,fund_small_mcap",1,trend_break,True,False,False,False,False,False,False,False,False,7554.T,,1090.0,18.022488,3.0309856,60.48,359.619,20831913984.0,,1754460000.0,1754978400.0,True,,,False,1754460000.0,2025-08-06,-220.0
7,True,52.05479452054795,False,False,True,False,0.13188439229880985,760.0,760.0,2705785.0,2.705785,809.0,0.9394313967861557,-0.06415216745703733,0.022143711368071584,16.024106737036526,2.10843509697849,-0.060568603213844274,-0.060568603213844274,34.21071856993149,29.546027057911438,18.106424681228457,"fund_low_adv20,fund_small_mcap",2,macd_sell_like;natr_spike,False,False,True,False,False,False,False,False,True,7555.T,,760.0,46.97157,0.7404506,16.18,1026.402,3866632192.0,,1746768600.0,1746768600.0,True,,,False,1746768600.0,2025-05-09,-283.0
3,False,36.0,False,False,True,True,0.5175851953398276,632.0,632.0,11525730.0,11.52573,779.235107421875,0.8110517531621397,-0.23260077605140794,-0.03695135538439542,11.688340578439474,1.8494209776011825,-0.05671641791044779,-0.13101601764908877,28.816546781969897,14.569065582806767,20.07804037004445,"fund_low_adv20,fund_small_mcap",2,trend_break;di_bear,True,False,False,False,False,False,True,False,False,7561.T,,632.0,7.874408,0.4556988,80.26,1386.881,11686396928.0,,1754373600.0,1754978400.0,True,,,False,1754373600.0,2025-08-05,-221.0
5,False,72.72727272727273,True,False,True,True,0.47464003755523143,3725.0,3725.0,6315725.0,6.315725,3854.84326171875,0.9663168505427489,-0.057030402222042365,0.004912022228351631,15.52588084787114,0.416802170412648,0.0,-0.03368314945725115,14.945497835747355,21.828721875168902,13.072646042719782,"fund_low_adv20,fund_small_mcap",1,trend_break,True,False,False,False,False,False,False,False,False,7562.T,,3725.0,20.216,2.0813916,184.26,1789.668,17202706432.0,,1747206000.0,1747206000.0,True,,,False,1747206000.0,2025-05-14,-280.0
4,True,57.43589743589743,False,False,True,True,0.3299534209258173,7570.0,7570.0,2108160200.0,2108.1602,8150.0,0.9288343558282208,-0.20684526661157554,0.1729328814712381,298.05467196387656,3.937314028584895,-0.07116564417177917,-0.07116564417177917,22.22845948446688,25.888809438313775,21.39104434518565,,1,macd_sell_like,False,False,True,False,False,False,False,False,False,7564.T,,7570.0,29.960028,4.0259833,252.67,1880.286,617811410944.0,1778481000.0,1785738600.0,1785738600.0,True,,,True,1785738600.0,2026-08-03,38.0
7,True,38.8235294117647,False,False,True,True,0.3925891071961692,6100.0,6100.0,1816950.0,1.81695,6480.0,0.941358024691358,-0.26781486113826203,0.09012747818251032,75.70595701203135,1.2410812624923173,-0.04538341158059467,-0.058641975308642014,31.498048024273984,53.86157093453426,19.46798198371266,"fund_low_adv20,fund_small_mcap",2,cross_sma25_down;macd_sell_like,False,True,True,False,False,False,False,False,False,7565.T,,6100.0,8.888889,0.77524525,686.25,7868.478,9904533504.0,,1746594000.0,1746594000.0,True,,,False,1746594000.0,2025-05-07,-285.0
6,True,50.366748166259164,False,False,True,False,0.30607448583959523,528.0,528.0,74639475.0,74.639475,625.0,0.8448,-0.1552,0.07545809414107452,30.90426981426733,5.853081404217297,-0.1552,-0.1552,35.69289021758383,24.545514377473197,23.169888416222964,"fund_low_adv20,fund_small_mcap",4,cross_sma25_down;macd_sell_like;trailing_stop;natr_spike,False,True,True,False,True,False,False,False,True,7567.T,,528.0,23.560911,0.55668956,22.41,948.464,2681572608.0,,1747200600.0,1747200600.0,True,,,False,1747200600.0,2025-05-14,-280.0
6,True,44.74885844748859,False,True,False,True,0.3656713100559672,1333.0,1333.0,19080290.0,19.08029,1487.751708984375,0.8959828390383652,-0.16182250541572285,0.036053925383961793,36.87811363310394,2.7665501600228017,-0.045128939828080195,-0.06192821956368755,13.552816775329017,20.212491764995953,22.162834236393174,"fund_low_adv20,fund_small_mcap",1,vol_distribution,False,False,False,False,False,False,False,True,False,7570.T,,1333.0,9.217896,0.7110937,144.61,1874.577,25939283968.0,,1753671600.0,1754017200.0,True,,,False,1753671600.0,2025-07-28,-227.0
1,False,44.444444444444436,False,False,True,False,0.4767848482796123,86.0,86.0,26570920.0,26.57092,180.36058044433594,0.47682259498239904,-0.528721853796466,-0.22856068061732782,3.110833727947191,3.6172485208688263,-0.14851485148514854,-0.1844996807723681,29.848232072795533,13.446116375930872,26.871945709895535,"fund_low_adv20,fund_small_mcap",3,trend_break;trailing_stop;di_bear,True,False,False,False,True,False,True,False,False,7571.T,,86.0,14.42953,2.0102382,5.96,42.781,2999300608.0,,1747290600.0,1747290600.0,True,,,False,1747290600.0,2025-05-15,-279.0
4,False,65.0,True,False,True,True,0.29095055402854036,1340.0,1340.0,251440345.0,251.440345,1567.4422607421875,0.8548959241187659,-0.19614263851519032,-0.058507219235158,26.160147596686322,1.952249820648233,0.0,-0.08156271418779981,26.389875303920917,26.9694255413484,21.58459173432008,,1,trend_break,True,False,False,False,False,False,False,False,False,7575.T,,1340.0,10.050251,1.4266398,133.33,939.27,94007001088.0,1785393000.0,1785393000.0,1785393000.0,True,,,True,1785393000.0,2026-07-30,36.0
0,False,21.42857142857143,False,False,True,False,0.43754497456823305,80.0,80.0,12387005.0,12.387005,145.0,0.5517241379310345,-0.4608695652173913,-0.31830769886242605,4.610755866726739,5.763444833408425,-0.22330097087378642,-0.3162393162393162,30.187810090952112,14.892496804168923,26.419458910797427,"fund_neg_eps,fund_low_adv20,fund_small_mcap",5,trend_break;macd_sell_like;trailing_stop;di_bear;natr_spike,True,False,True,False,True,False,True,False,True,7578.T,,80.0,-6.628003314001657,0.14949359,-12.07,535.14,1476139264.0,,1748331000.0,1748331000.0,True,,,False,1748331000.0,2025-05-27,-271.0
2,False,54.736842105263165,True,False,True,True,0.5299574719071755,5260.0,5260.0,2203724050.0,2203.72405,7150.0,0.7356643356643356,-0.2951048951048951,-0.0727573153677814,149.9534220253539,2.850825513789998,-0.014981273408239737,-0.2298682284040996,26.27556124861371,14.177714673319382,18.604812863854416,,2,trend_break;di_bear,True,False,False,False,False,False,True,False,False,7581.T,,5260.0,21.367348,2.042704,246.17,2575.018,258416394240.0,1784010600.0,1784010600.0,1784010600.0,True,,,True,1784010600.0,2026-07-14,24.0
4,False,43.47826086956522,False,False,True,False,0.28037806480263744,417.0,417.0,1857885.0,1.857885,454.0,0.9185022026431718,-0.2264150943396226,0.004419929425649949,4.512259828215362,1.082076697413756,-0.0071428571428571175,-0.0071428571428571175,12.203389542781363,14.180123114364676,12.743564692505096,"fund_neg_eps,fund_low_adv20,fund_small_mcap",1,trend_break,True,False,False,False,False,False,False,False,False,7585.T,,417.0,-7.537960954446855,1.3584743,-55.32,306.962,1589385472.0,,1747119600.0,1747119600.0,True,,,False,1747119600.0,2025-05-13,-281.0
3,False,45.76271186440678,False,False,True,False,0.3665638300501135,391.0,391.0,10157310.0,10.15731,468.57666015625,0.8344419029953785,-0.2946371988331117,-0.050359007294660585,6.5873584872901745,1.6847464161867454,-0.022499999999999964,-0.02493765586034913,17.425846050878558,18.519830551229305,13.45170535017059,"fund_low_adv20,fund_small_mcap",1,trend_break,True,False,False,False,False,False,False,False,False,7590.T,,391.0,33.135593,0.51557744,11.8,758.373,6591654912.0,,1756101600.0,1756447200.0,True,,,False,1756101600.0,2025-08-25,-207.0
2,False,40.90909090909091,True,False,True,False,0.5987615362686901,442.0,442.0,249118895.0,249.118895,560.494140625,0.7885898673394361,-0.22746739240276959,-0.10489274497306555,8.10472454806982,1.8336480877986017,-0.05150214592274682,-0.1378083340943177,51.09800945622535,8.731943940945314,24.745034312196317,,2,trend_break;di_bear,True,False,False,False,False,False,True,False,False,7593.T,,442.0,10.648037,0.72716624,41.51,607.839,51384782848.0,,1754550000.0,1754895600.0,True,,,True,1754550000.0,2025-08-07,-219.0
1,False,13.966480446927378,False,False,True,True,0.5450207067555802,1226.0,1226.0,322493885.0,322.493885,1636.7369384765625,0.749051341836968,-0.250948658163032,-0.111159537932492,28.89435482105753,2.3567989250454757,-0.11416184971098264,-0.18915343915343918,38.22591726121949,11.69399719903854,37.911015050037385,,3,trend_break;trailing_stop;di_bear,True,False,False,False,True,False,True,False,False,7595.T,,1226.0,4.6522217,1.726724,263.53,710.015,84241637376.0,,1753943400.0,1754289000.0,True,,,True,1753943400.0,2025-07-31,-224.0
4,False,50.710900473933656,True,False,True,False,0.4366748105620147,2193.0,2193.0,28917780.0,28.91778,2565.35791015625,0.8548514775727452,-0.16970649921115033,-0.05658282594351416,28.613082265438607,1.3047461133350937,-0.03136042402826855,-0.06282051282051282,18.946989888308362,21.676984440989386,19.7822472621931,fund_low_adv20,1,trend_break,True,False,False,False,False,False,False,False,False,7596.T,,2193.0,23.502304,1.6289876,93.31,1346.235,30608711680.0,,1753768800.0,1754287200.0,True,,,False,1753768800.0,2025-07-29,-226.0
6,True,61.40350877192982,True,False,True,True,0.40340743286726105,1328.0,1328.0,769660050.0,769.66005,1532.0,0.8668407310704961,-0.3192432833236908,0.061563940386509586,33.082647777645555,2.491163236268491,-0.019202363367799125,-0.09041095890410955,9.888235356570913,23.343746223956284,21.442860076987564,,0,,False,False,False,False,False,False,False,False,False,7599.T,,1328.0,11.197302,1.5164942,118.6,875.704,133340807168.0,,1752127200.0,1752472800.0,True,,,True,1752127200.0,2025-07-10,-239.0
4,True,64.84375,False,False,True,False,0.2743295565181204,794.0,794.0,479196760.0,479.19676,842.0,0.9429928741092637,-0.34823958799740984,0.48681445096234355,40.26890563940981,5.07165058430854,-0.05700712589073631,-0.05700712589073631,40.55372384831966,30.623698317546605,14.43619478251652,fund_small_mcap,1,macd_sell_like;ext_dev200,False,False,True,False,False,True,False,False,False,7600.T,,794.0,79.55912,0.8238394,9.98,963.78,20924706816.0,,1753682400.0,1754028000.0,True,,,False,1753682400.0,2025-07-28,-227.0
1,False,57.14285714285714,False,False,True,False,0.3789180962549014,164.0,164.0,1989575.0,1.989575,197.0,0.8324873096446701,-0.3453237410071942,-0.06680323204734273,1.917040155871039,1.1689269243116092,-0.012048192771084376,-0.06285714285714283,18.621633904107572,11.38990587028922,16.221170670744005,"fund_low_adv20,fund_small_mcap",2,trend_break;cross_sma25_down,True,True,False,False,False,False,False,False,False,7601.T,,164.0,20.048899,2.199158,8.18,74.574,1933051392.0,,1752040800.0,1752472800.0,True,,,False,1752040800.0,2025-07-09,-240.0
2,False,43.99999999999999,False,False,True,False,0.45070637222762383,144.0,144.0,24499035.0,24.499035,337.40093994140625,0.42679193491579287,-0.5732080650842071,-0.16490316330850185,9.259914836817646,6.430496414456699,-0.1724137931034483,-0.34827720157606523,16.430597120817065,25.698763216442778,24.434834247683447,"fund_low_adv20,fund_small_mcap",3,trend_break;macd_sell_like;trailing_stop,True,False,True,False,True,False,False,False,False,7602.T,,144.0,17.518248,0.6318672,8.22,227.896,2984946688.0,,1747204200.0,1747204200.0,True,,,False,1747204200.0,2025-05-14,-280.0
0,False,13.043478260869563,False,False,False,True,0.3343228042356243,57.0,57.0,25991885.0,25.991885,635.0,0.08976377952755905,-0.9102362204724409,-0.6848913704461275,4.126312235513342,7.239144272830424,-0.3132530120481928,-0.5957446808510638,67.23255253404686,3.131943735989174,38.37530908545575,"fund_neg_eps,fund_low_adv20,fund_small_mcap",3,trend_break;trailing_stop;di_bear,True,False,False,False,True,False,True,False,False,7603.T,,57.0,-0.411522633744856,0.81039584,-138.51,70.336,4247142912.0,,1744353000.0,1744353000.0,True,,,False,1744353000.0,2025-04-11,-303.0
7,True,63.04347826086957,True,False,True,True,0.5083267382615982,858.0,858.0,4964660.0,4.96466,918.9286499023438,0.9336959948861985,-0.17077127772819722,0.022484368024912493,8.667533501100161,1.0102020397552636,0.0,-0.06630400511380152,38.31253468954756,20.413814948479406,17.770294147072978,"fund_neg_eps,fund_low_adv20,fund_small_mcap",0,,False,False,False,False,False,False,False,False,False,7604.T,,858.0,-18.078381795195956,3.9177186,-47.46,219.005,7623879168.0,,1750071540.0,1750071540.0,True,,,False,1750071540.0,2025-06-16,-257.0
5,True,55.78512396694214,True,False,True,True,0.43729930825724,2524.0,2524.0,623297100.0,623.2971,2655.0,0.9506591337099811,-0.281963052790801,0.10682548068243047,74.92504632065385,2.9685042123872365,-0.01713395638629278,-0.04934086629001888,13.72657094581296,27.9666440825536,20.08158836459333,,0,,False,False,False,False,False,False,False,False,False,7606.T,,2524.0,11.406878,1.6544864,221.27,1525.549,70010871808.0,,1754373600.0,1754892000.0,True,,,True,1754373600.0,2025-08-05,-221.0
2,False,61.66219839142091,False,False,True,True,0.42123572745479443,3025.0,3025.0,79201450.0,79.20145,3400.583251953125,0.889553284208699,-0.14455851115269247,-0.030364847807061057,63.16432465378918,2.0880768480591465,-0.021035598705501646,-0.059097978227060644,14.815423945266186,27.655542891414925,22.345230445645747,fund_low_adv20,1,trend_break,True,False,False,False,False,False,False,False,False,7607.T,,3025.0,10.937952,0.8750387,276.56,3456.99,40579039232.0,,1752130800.0,1752476400.0,True,,,False,1752130800.0,2025-07-10,-239.0
4,True,43.81443298969072,False,False,True,True,0.291289150239431,721.0,721.0,74834105.0,74.834105,928.0,0.7769396551724138,-0.23706896551724133,0.0190201773168186,25.009100385690413,3.4686685694438855,-0.07087628865979378,-0.1731651376146789,18.40590702555973,17.258523200363417,26.63258079750698,"fund_low_adv20,fund_small_mcap",0,,False,False,False,False,False,False,False,False,False,7608.T,,721.0,9.066902,1.8176272,79.52,396.671,12096305152.0,,1752123600.0,1752469200.0,True,,,False,1752123600.0,2025-07-10,-239.0
4,True,44.565217391304344,False,False,False,True,0.18649280127504322,3435.0,3435.0,435970075.0,435.970075,3950.0,0.8696202531645569,-0.13037974683544307,0.32065627610399794,172.00963801152332,5.007558602955555,-0.12595419847328249,-0.13037974683544307,18.881695591359502,22.059089239811914,26.035758494221273,,2,macd_sell_like;trailing_stop;ext_dev200,False,False,True,False,True,True,False,False,False,7609.T,,3435.0,14.790733,1.9888692,232.24,1727.112,72357060608.0,,1753857000.0,1754289000.0,True,,,True,1753857000.0,2025-07-30,-225.0
4,False,66.66666666666666,True,False,True,True,0.1852372644645315,139.0,139.0,101886650.0,101.88665,157.0,0.8853503184713376,-0.18012418643836536,-0.004772465449622509,3.68191471122584,2.6488595044790215,-0.014184397163120588,-0.07333333333333336,26.339616192712224,26.874816792626593,16.041414027022565,"fund_low_adv20,fund_small_mcap",2,trend_break;rsi_reversal,True,False,False,True,False,False,False,False,False,7610.T,,139.0,10.18315,1.2707293,13.65,109.386,8863350784.0,,1744614000.0,1744614000.0,True,,,False,1744614000.0,2025-04-14,-302.0
2,False,42.54901960784314,True,False,False,False,0.5583379287099596,2604.0,2604.0,447208765.0,447.208765,3855.074462890625,0.6754733339307433,-0.3512446973268859,-0.19392115274194166,62.26623189579164,2.3911763400841646,-0.0585683297180043,-0.15179153094462539,51.056884969134245,13.3384654481212,30.165483642874978,,2,trend_break;di_bear,True,False,False,False,False,False,True,False,False,7611.T,,2604.0,19.908257,3.7693734,130.8,690.831,93751861248.0,,1751522400.0,1751868000.0,True,,,True,1751522400.0,2025-07-03,-244.0
4,True,55.092592592592595,False,False,True,True,0.34671967282417715,1393.0,1393.0,287092975.0,287.092975,1460.0,0.9541095890410959,-0.19157894736842107,0.06525313246457354,38.57405228822355,2.7691351247827387,-0.045890410958904115,-0.045890410958904115,15.407519123445084,19.918529462571406,20.84441086770477,,1,macd_sell_like,False,False,True,False,False,False,False,False,False,7613.T,,1393.0,26.387573,0.61988693,52.79,2247.184,65662750720.0,,1754546400.0,1754978400.0,True,,,True,1754546400.0,2025-08-07,-219.0
5,True,50.5050505050505,False,False,True,True,0.09278845329568805,1535.0,1535.0,5134950.0,5.13495,2001.45458984375,0.7669422068276027,-0.2597656026049414,0.002601944326137806,14.051904463924783,0.9154335155651325,-0.012861736334405127,-0.049535603715170295,15.270533522438793,20.03209846724637,12.81205257539854,"fund_low_adv20,fund_small_mcap",1,macd_sell_like,False,False,True,False,False,False,False,False,False,7614.T,,1535.0,10.825106,0.56449825,141.8,2719.229,10221933568.0,,1749812340.0,1749812340.0,True,,,False,1749812340.0,2025-06-13,-258.0
2,False,38.095238095238095,False,False,True,True,0.45211797466411113,93.0,93.0,22355640.0,22.35564,364.9891357421875,0.25480210475549925,-0.7451978952445008,-0.3977565828278038,3.5662677359796433,3.8346964903006917,-0.08823529411764708,-0.33787342235853524,30.73137882100649,17.16822915060052,32.33729681441895,"fund_low_adv20,fund_small_mcap",3,trend_break;trailing_stop;di_bear,True,False,False,False,True,False,True,False,False,7615.T,,93.0,6.966292,0.6215871,13.35,149.617,1925059456.0,,1754892000.0,1755237600.0,True,,,False,1754892000.0,2025-08-11,-217.0
6,True,49.81060606060606,True,False,False,True,0.4988251803616769,1853.5,1853.5,507861997.5,507.8619975,2028.3216552734375,0.9138096983686398,-0.18367344605152225,0.019331998740315548,36.654992063382515,1.9776094989685737,-0.01697162556351095,-0.07069440962647278,19.30341475304116,27.655961228522376,23.208605964447628,,0,,False,False,False,False,False,False,False,False,False,7616.T,,1853.5,118.51023,2.3392262,15.64,792.356,197037785088.0,1778221800.0,1786084200.0,1786084200.0,True,,,True,1786084200.0,2026-08-07,42.0
4,True,58.44155844155844,False,False,True,True,0.535870462141277,889.0,889.0,4695170.0,4.69517,917.5681762695312,0.9688653366492307,-0.1621753037992728,0.05784899548711464,12.181717064919297,1.3702718858176937,-0.023076923076923106,-0.023076923076923106,16.722657617023206,25.16927681623941,26.364636629159104,"fund_low_adv20,fund_small_mcap",1,macd_sell_like,False,False,True,False,False,False,False,False,False,7619.T,,889.0,7.7129965,0.46293235,115.26,1920.367,7242115072.0,,1754544000.0,1754889600.0,True,,,False,1754544000.0,2025-08-07,-219.0
3,False,40.90909090909091,False,False,True,True,0.512770641635624,3310.0,3310.0,6528825.0,6.528825,3862.57470703125,0.8569413541632298,-0.164948455563094,-0.0361033315761744,23.605388772742995,0.7131537393577944,-0.006006006006005982,-0.017804154302670572,9.886345031227643,15.517115784841657,12.006071272484146,"fund_low_adv20,fund_small_mcap",1,trend_break,True,False,False,False,False,False,False,False,False,7621.T,,3310.0,62.987633,3.8486226,52.55,860.048,18587295744.0,,1747636200.0,1747636200.0,True,,,False,1747636200.0,2025-05-19,-277.0
4,False,45.45454545454546,False,True,False,True,0.2762520177146217,132.0,132.0,2157900.0,2.1579,144.0,0.9166666666666666,-0.16899975199165784,-0.0242550204030193,1.8120219990145408,1.3727439386473794,-0.022222222222222254,-0.05035971223021585,8.557495553085092,13.005312147739811,13.282009697558472,"fund_low_adv20,fund_small_mcap",2,trend_break;macd_sell_like,True,False,True,False,False,False,False,False,False,7624.T,,132.0,25.433525,0.55023843,5.19,239.896,7228482560.0,,1743058800.0,1743058800.0,True,,,False,1743058800.0,2025-03-27,-314.0
6,True,23.529411764705884,False,False,True,True,0.23237781135014401,464.0,464.0,2325925.0,2.325925,521.0,0.8905950095969289,-0.2555555486944605,0.10526434911895821,8.180332605201377,1.7630027166382278,-0.043298969072164906,-0.05691056910569103,20.503241416234864,27.427640468657934,13.572039770214719,"fund_low_adv20,fund_small_mcap",0,,False,False,False,False,False,False,False,False,False,7625.T,,464.0,15.7876835,0.8269441,29.39,561.102,4835144192.0,,1753768800.0,1754287200.0,True,,,False,1753768800.0,2025-07-29,-226.0
3,False,51.04166666666667,False,False,True,True,0.3954691336515214,1035.0,1035.0,29665605.0,29.665605,1263.254150390625,0.8193125664221693,-0.1838538589553077,-0.07713030308120883,27.83260923650579,2.689140989034376,-0.05994550408719346,-0.14036544850498334,25.905799955776928,14.03449857650143,33.415128483727166,"fund_low_adv20,fund_small_mcap",3,trend_break;macd_sell_like;di_bear,True,False,True,False,False,False,True,False,False,7628.T,,1035.0,12.718113,0.65316457,81.38,1584.593,26472099840.0,,1754460000.0,1754978400.0,True,,,False,1754460000.0,2025-08-06,-220.0
4,False,49.285714285714285,True,False,False,False,0.39412666103049393,883.0,883.0,340175010.0,340.17501,993.2774658203125,0.8889761727059435,-0.21712860726325156,-0.030261694527604965,15.31406515843879,1.7343222149987305,-0.010089686098654682,-0.05155746509129966,17.04691104507457,24.07853355224815,23.522697664230993,,1,trend_break,True,False,False,False,False,False,False,False,False,7630.T,,883.0,54.878807,4.364287,16.09,202.324,140931497984.0,1782455400.0,1782455400.0,1782455400.0,True,,,True,1782455400.0,2026-06-26,12.0
3,False,3.5714285714285694,True,True,False,True,0.45134750969915527,4775.0,4775.0,2868400.0,2.8684,5832.32470703125,0.8187129900781115,-0.1812870099218885,-0.038254700254168994,37.745950657420295,0.790491113244404,-0.02650356778797147,-0.1812870099218885,16.151635508905187,34.063400878645304,42.409575295003336,"fund_low_adv20,fund_small_mcap",1,trend_break,True,False,False,False,False,False,False,False,False,7634.T,,4775.0,10.857701,0.74588335,439.78,6401.805,14921397248.0,,1747032300.0,1747032300.0,True,,,False,1747032300.0,2025-05-12,-282.0
4,False,37.14285714285714,False,False,True,True,0.4091408683670202,796.0,796.0,3489705.0,3.489705,844.0,0.943127962085308,-0.09508191798542398,-0.024934005426560768,5.384780886758419,0.6764800108992989,-0.012406947890818865,-0.037484885126964906,12.582370643418503,15.698418853982052,19.618239384475615,"fund_low_adv20,fund_small_mcap",2,trend_break;macd_sell_like,True,False,True,False,False,False,False,False,False,7636.T,,796.0,11.903693,0.5953169,66.87,1337.103,10952641536.0,,1747022400.0,1747022400.0,True,,,False,1747022400.0,2025-05-12,-282.0
5,True,45.95588235294118,False,False,True,False,0.34489545694650414,3250.0,3250.0,234351500.0,234.3515,3855.0,0.8430609597924773,-0.220514876519599,0.33692403557909767,174.0759504376449,5.356183090389074,-0.1569390402075227,-0.1569390402075227,45.510490663333556,26.205223879346818,21.8701504757912,,3,macd_sell_like;trailing_stop;ext_dev200;natr_spike,False,False,True,False,True,True,False,False,True,7637.T,,3250.0,17.187582,1.447499,189.09,2245.252,36860555264.0,,1754546400.0,1754978400.0,True,,,True,1754546400.0,2025-08-07,-219.0
3,False,42.76315789473684,False,False,True,True,0.4987902116070855,1331.0,1331.0,41586365.0,41.586365,1613.27685546875,0.8250288817372686,-0.23314016217234368,-0.07239695727864903,22.808971007583,1.713671751133208,-0.0341074020319303,-0.14246529964062915,17.095332564546414,21.216299538756537,22.841537844463186,"fund_low_adv20,fund_small_mcap",1,trend_break,True,False,False,False,False,False,False,False,False,7638.T,,1331.0,9.71391,2.0468452,137.02,650.269,22834024448.0,,1754979000.0,1755497400.0,True,,,False,1754979000.0,2025-08-12,-216.0
6,True,58.69565217391305,True,False,True,True,0.2829767685252769,196.0,196.0,3264705.0,3.264705,254.0,0.7716535433070866,-0.3073593073593074,0.019081786512764376,6.355998013587493,3.242856129381374,0.0,-0.1327433628318584,20.014735756662407,25.418593306678073,10.76995294315047,"fund_neg_eps,fund_low_adv20,fund_small_mcap",0,,False,False,False,False,False,False,False,False,False,7640.T,,196.0,-4.184457728437232,4.0259633,-46.84,48.684,3059740416.0,,1757484000.0,1757916000.0,True,,,False,1757484000.0,2025-09-10,-195.0
4,False,61.666666666666664,True,False,True,True,0.5721470636743822,1705.0,1705.0,3134150.0,3.13415,1852.4173583984375,0.9204189284180042,-0.15168010180953506,0.006355075134619748,19.326198990876925,1.1335014070895557,-0.002340550029256927,-0.002340550029256927,17.60099362731973,32.101267655797855,19.07940713228934,"fund_low_adv20,fund_small_mcap",1,trend_break,True,False,False,False,False,False,False,False,False,7643.T,,1705.0,17.42285,2.0570447,97.86,828.859,19159764992.0,,1754546400.0,1754978400.0,True,,,False,1754546400.0,2025-08-07,-219.0
3,False,43.57142857142857,False,False,True,False,0.4961813798321777,1735.0,1735.0,6200165.0,6.200165,2123.953369140625,0.8168729244286564,-0.1967808593226006,-0.037657403516235366,31.771415149265646,1.83120548410753,-0.036111111111111094,-0.08684210526315794,39.719206048863036,16.473017830439062,29.269485362853843,"fund_low_adv20,fund_small_mcap",3,trend_break;macd_sell_like;di_bear,True,False,True,False,False,False,True,False,False,7646.T,,1735.0,9.573998,0.7634891,181.22,2272.462,11978382336.0,,1753164000.0,1753682400.0,True,,,False,1753164000.0,2025-07-22,-231.0
3,False,52.89778714436249,True,False,True,True,0.48738625539840075,2994.0,2994.0,2303879990.0,2303.87999,4012.60498046875,0.7461487025444111,-0.31403663869288856,-0.14356032614394232,92.26399921771225,3.081629900391191,-0.028237585199610504,-0.19516129032258067,32.09603719394215,27.930757988040988,22.11711322417999,,1,trend_break,True,False,False,False,False,False,False,False,False,7649.T,,2994.0,12.041506,1.8654428,248.64,1604.981,541832675328.0,1783578600.0,1783578600.0,1783578600.0,True,,,True,1783578600.0,2026-07-09,21.0
2,False,23.47826086956522,False,False,True,True,0.48045176954733054,999.0,999.0,5334065.0,5.334065,1218.2745361328125,0.8200122143003505,-0.18245028484169257,-0.015512845864554814,18.881514975278613,1.8900415390669283,-0.05932203389830504,-0.07904062680723101,26.184399535606968,8.940157492708721,29.47478781291292,"fund_low_adv20,fund_small_mcap",2,trend_break;di_bear,True,False,False,False,False,False,True,False,False,7670.T,,999.0,5.5859985,0.44369593,178.84,2251.542,10050262016.0,,1754546400.0,1754978400.0,True,,,False,1754546400.0,2025-08-07,-219.0
2,False,17.38431800615112,False,False,True,False,0.20863969885801895,1580.0,1580.0,14468325.0,14.468325,1843.189453125,0.8572097661047373,-0.14279023389526269,-0.017876488197508644,49.47427462287076,3.131283203979162,-0.11932390342783927,-0.14279023389526269,29.909720745373793,17.383807243993644,37.699276598071904,"fund_low_adv20,fund_small_mcap",3,trend_break;trailing_stop;di_bear,True,False,False,False,True,False,True,False,False,7673.T,,1580.0,9.755495,0.951158,161.96,1661.133,8425359360.0,,1751954400.0,1752472800.0,True,,,False,1751954400.0,2025-07-08,-241.0
2,False,80.95238095238095,True,True,False,True,0.5861773537626153,2695.0,2695.0,5860245.0,5.860245,3325.0,0.8105263157894737,-0.28481203007518796,-0.05599739392230452,27.00111961772359,1.0018968318264783,0.0,0.0,19.2931704019936,28.111657319690586,23.605336800004277,"fund_neg_eps,fund_low_adv20,fund_small_mcap",1,trend_break,True,False,False,False,False,False,False,False,False,7674.T,,2695.0,-7.0902394106813995,5.0074883,-380.1,538.194,6594859008.0,,1749812340.0,1749812340.0,True,,,False,1749812340.0,2025-06-13,-258.0
3,False,39.2156862745098,False,False,True,True,0.41125152573663337,2673.0,2673.0,1085490.0,1.08549,3019.303466796875,0.8853035242713572,-0.19344263276005536,-0.014284382821672992,31.611509131967317,1.182622863148796,-0.028000000000000025,-0.028000000000000025,14.728003912184747,52.023034109623644,37.08415122957308,"fund_low_adv20,fund_small_mcap",1,trend_break,True,False,False,False,False,False,False,False,False,7677.T,,2673.0,15.290888,0.74594563,174.81,3583.371,7679889920.0,,1747292400.0,1747292400.0,True,,,False,1747292400.0,2025-05-15,-279.0
4,True,68.02325581395348,False,False,True,False,0.4941254441195303,6610.0,6610.0,84835150.0,84.83515,6850.0,0.964963503649635,-0.12554744525547445,0.3539740983321127,251.46480013653377,3.804308625363597,-0.03503649635036499,-0.03503649635036499,29.194190687063365,26.32025007456118,16.8011952804101,fund_low_adv20,0,ext_dev200,False,False,False,False,False,True,False,False,False,7678.T,,6610.0,107.54963,12.280835,61.46,538.237,35126870016.0,,1749639540.0,1749639540.0,True,,,False,1749639540.0,2025-06-11,-260.0
2,False,40.68965517241379,True,False,True,True,0.3691475664884277,1688.0,1688.0,50431645.0,50.431645,2294.47802734375,0.7356793047846913,-0.294392894285299,-0.16731082406975872,37.73708650685834,2.2356093902167262,-0.06222222222222218,-0.16559565002471577,28.64289102130422,18.670468592501894,25.036185254308542,fund_low_adv20,2,trend_break;di_bear,True,False,False,False,False,False,True,False,False,7679.T,,1688.0,8.174335,0.8162199,206.5,2068.07,32833271808.0,,1751524200.0,1751869800.0,True,,,False,1751524200.0,2025-07-03,-244.0
3,False,,False,False,True,False,,3190.0,3190.0,0.0,0.0,3190.0,1.0,0.0,0.0,0.0,0.0,0.0,0.0,,,,"fund_low_adv20,fund_small_mcap",0,,False,False,False,False,False,False,False,False,False,7680.T,,3190.0,3.2883885,0.6355367,970.08,5019.38,164604000.0,,1734076800.0,1734076800.0,True,,,False,1734076800.0,2024-12-13,-388.0
2,False,63.108320251177396,True,True,False,False,0.28357224082730925,915.0,915.0,7056240.0,7.05624,1232.7449951171875,0.7422459662170586,-0.3972800514762027,-0.06962143834278645,39.643340575256985,4.33260552735049,-0.022435897435897467,-0.022435897435897467,20.321497645331817,46.349670635695254,28.367558706281137,"fund_low_adv20,fund_small_mcap",3,trend_break;vol_distribution;natr_spike,True,False,False,False,False,False,False,True,True,7681.T,,915.0,123.81597,0.9449619,7.39,968.293,5418413056.0,,1754546400.0,1754978400.0,True,,,False,1754546400.0,2025-08-07,-219.0
6,True,51.42857142857142,False,False,True,True,0.5328343737480793,4065.0,4065.0,5619125.0,5.619125,4339.33447265625,0.9367795973357359,-0.1375225387430109,0.018133547062064936,35.470944811741575,0.8725939683085259,-0.008536585365853666,-0.010948905109489093,24.792344814666365,10.150902817524116,21.582336642683618,"fund_low_adv20,fund_small_mcap",1,di_bear,False,False,False,False,False,False,True,False,False,7682.T,,4065.0,107.39763,5.2803454,37.85,769.836,8817761280.0,,1749535200.0,1749535200.0,True,,,False,1749535200.0,2025-06-10,-261.0
4,True,57.971014492753625,False,False,True,True,0.32415250716610744,1412.0,1412.0,34791405.0,34.791405,1416.36669921875,0.9969169712750529,-0.18370835254770734,0.0478999877842885,15.462891593361954,1.0951056369236511,-0.0021201413427561766,-0.0021201413427561766,19.29592725275945,19.75511679074415,14.37563557620555,"fund_low_adv20,fund_small_mcap",0,,False,False,False,False,False,False,False,False,False,7683.T,,1412.0,39.298637,2.4354148,35.93,579.778,26939432960.0,,1749812340.0,1749812340.0,True,,,False,1749812340.0,2025-06-13,-258.0
3,True,55.80524344569288,False,False,True,False,0.28763159997812543,3820.0,3820.0,1576357150.0,1576.35715,4085.0,0.9351285189718482,-0.2854421597721941,0.5128555831921728,210.3841708364145,5.50743902713127,-0.06487148102815177,-0.06487148102815177,19.606234560680875,29.561586023077712,20.764282473928812,,0,ext_dev200,False,False,False,False,False,True,False,False,False,7685.T,,3820.0,43.983883,9.769445,86.85,391.015,236190531584.0,,1754978400.0,1755496800.0,True,,,True,1754978400.0,2025-08-12,-216.0
4,False,47.61904761904762,False,True,False,True,0.4286514956231902,412.0,412.0,2968980.0,2.96898,493.5374450683594,0.834789749221428,-0.3576395795188937,-0.03862843399602256,3.110165929256251,0.7548946430233618,-0.014354066985645897,-0.034920021282574654,21.047318039802867,21.993532902257225,18.705834163016224,"fund_low_adv20,fund_small_mcap",4,trend_break;cross_sma25_down;macd_sell_like;vol_distribution,True,True,True,False,False,False,False,True,False,7686.T,,412.0,10.31031,2.3943048,39.96,172.075,12008008704.0,,1747290600.0,1747290600.0,True,,,False,1747290600.0,2025-05-15,-279.0
2,False,37.254901960784316,True,False,True,True,0.5753961356541559,404.0,404.0,5431480.0,5.43148,564.884521484375,0.7151904232362204,-0.2883501234134639,-0.16152562504523638,7.60359283025911,1.882077433232453,-0.04941176470588238,-0.094170403587444,11.628967812099727,15.500555934499763,14.597719158926118,"fund_low_adv20,fund_small_mcap",1,trend_break,True,False,False,False,False,False,False,False,False,7687.T,,404.0,9.591643,1.64237,42.12,245.986,2672134656.0,,1747292400.0,1747292400.0,True,,,False,1747292400.0,2025-05-15,-279.0
0,False,25.301204819277103,False,False,True,True,0.3069506600975224,366.0,366.0,596750.0,0.59675,530.0,0.690566037735849,-0.5283553875236295,-0.2049527533398502,8.023006324472968,2.1920782307303193,-0.12230215827338131,-0.22947368421052627,40.976201224367195,8.946265584012874,64.57729671151372,"fund_neg_eps,fund_low_adv20,fund_small_mcap",4,trend_break;macd_sell_like;trailing_stop;di_bear,True,False,True,False,True,False,True,False,False,7689.T,,366.0,-3.98562561254492,1.4138371,-91.83,258.87,1084412672.0,,1752127200.0,1752472800.0,True,,,False,1752127200.0,2025-07-10,-239.0
3,False,,False,False,True,False,,2100.0,2100.0,0.0,0.0,2100.0,1.0,0.0,0.0,0.0,0.0,0.0,0.0,,,,"fund_low_adv20,fund_small_mcap",0,,False,False,False,False,False,False,False,False,False,7690.T,,2100.0,19.449846,2.2866676,107.97,918.367,0.0,,1734071400.0,1734071400.0,True,,,False,1734071400.0,2024-12-13,-388.0
3,True,,False,False,True,False,0.5019165518327092,30.0,30.0,0.0,0.0,700.0,0.04285714285714286,-0.9985714285714286,0.27795527156549515,2.8906430354796427e-05,9.635476784932143e-05,0.0,0.0,58.440215344860476,79.21989435721751,20.780105642782488,"fund_neg_eps,fund_low_adv20,fund_small_mcap",0,ext_dev200,False,False,False,False,False,True,False,False,False,7691.T,,30.0,-20.13422818791946,1.6513458,-1.49,18.167,932358016.0,,1747209600.0,1747209600.0,True,,,False,1747209600.0,2025-05-14,-280.0
1,False,38.095238095238095,False,False,True,False,0.21084145208636026,90.0,90.0,38678815.0,38.678815,139.5048828125,0.6451387090225617,-0.35486129097743835,-0.12700134319320766,2.813599967459845,3.126222186066495,-0.052631578947368474,-0.15094339622641506,21.30389889382953,18.887421575419527,22.07817263205977,"fund_low_adv20,fund_small_mcap",3,trend_break;macd_sell_like;di_bear,True,False,True,False,False,False,True,False,False,7692.T,,90.0,12.9683,6.8404655,6.94,13.157,9911716864.0,,1757570400.0,1757916000.0,True,,,False,1757570400.0,2025-09-11,-194.0
5,True,,False,False,True,True,0.49075023924552147,105.0,105.0,0.0,0.0,105.0,1.0,0.0,0.0034643411778758626,0.0,0.0,0.0,0.0,,,,"fund_neg_eps,fund_low_adv20,fund_small_mcap",0,,False,False,False,False,False,False,False,False,False,7693.T,,105.0,-65.625,0.8076923,-1.6,130.0,0.0,,1746167400.0,1746167400.0,True,,,False,1746167400.0,2025-05-02,-288.0
2,False,41.40350877192982,False,True,False,False,0.3485164341547743,512.0,512.0,19427470.0,19.42747,1337.0,0.38294689603590126,-0.6866118175018698,-0.25353550080186615,36.40644581718892,7.110633948669711,-0.2514619883040936,-0.2514619883040936,42.87248325432877,33.28766540526203,30.879531082771113,"fund_low_adv20,fund_small_mcap",2,trend_break;trailing_stop,True,False,False,False,True,False,False,False,False,7694.T,,512.0,19.467682,1.1992205,26.3,426.944,3043782144.0,,1747204200.0,1747204200.0,True,,,False,1747204200.0,2025-05-14,-280.0
2,False,45.116279069767444,False,False,True,False,0.2990950568465105,759.0,759.0,13897990.0,13.89799,865.0,0.8774566473988439,-0.3303437784648262,-0.055074977147985926,27.87745008639978,3.6729183249538577,-0.06180469715698389,-0.10600706713780916,18.056782163525693,23.173851977463364,25.99660867545648,"fund_low_adv20,fund_small_mcap",2,trend_break;natr_spike,True,False,False,False,False,False,False,False,True,7695.T,,759.0,60.526318,2.7314734,12.54,277.872,5668568576.0,,1747206000.0,1747206000.0,True,,,False,1747206000.0,2025-05-14,-280.0
6,True,62.39316239316239,False,False,True,True,0.4843386355881606,2451.0,2451.0,4696975.0,4.696975,2689.39111328125,0.9113587041676524,-0.10574553915821949,0.0826873295281465,21.902766221196615,0.8936257128191193,-0.00809388911371911,-0.06615995160062482,23.75625309396071,34.07752253205541,15.599664888335852,"fund_low_adv20,fund_small_mcap",0,,False,False,False,False,False,False,False,False,False,7698.T,,2451.0,26.471542,2.3063307,92.59,1062.727,9633420288.0,,1747117800.0,1747117800.0,True,,,False,1747117800.0,2025-05-13,-281.0
2,False,50.495049504950494,False,False,True,True,0.43082826209847325,720.0,720.0,368825.0,0.368825,897.0,0.802675585284281,-0.2006688963210702,-0.08560397762269734,7.068341047264388,0.9817140343422761,-0.028340080971659964,-0.07335907335907332,30.089889324484172,33.85773321500167,55.188788934745226,"fund_low_adv20,fund_small_mcap",2,trend_break;di_bear,True,False,False,False,False,False,True,False,False,7699.T,,720.0,8.653847,1.02695,83.2,701.1052,15161648128.0,,1747306740.0,1747306740.0,True,,,False,1747306740.0,2025-05-15,-279.0
5,False,54.261954261954266,False,False,True,False,0.46834816341846774,3782.0,3782.0,13073435105.0,13073.435105,4422.28857421875,0.8552132988445096,-0.3354654640154522,-0.04175672039136369,137.58383557328085,3.6378592166388377,-0.06778407690411636,-0.06778407690411636,20.57476532590146,29.82411571485222,23.27580332239155,,2,trend_break;macd_sell_like,True,False,True,False,False,False,False,False,False,7701.T,,3782.0,18.057678,1.9335823,209.44,1955.955,1092771905536.0,1778567400.0,1785997800.0,1785997800.0,True,,,True,1785997800.0,2026-08-06,41.0
7,False,54.929577464788736,True,False,True,False,0.2677263850848347,434.0,434.0,14318845.0,14.318845,454.11627197265625,0.9557023757698171,-0.19863443985008733,0.007302203488444459,8.16966297760793,1.8824108243336242,-0.011389521640091105,-0.015873015873015928,28.358421631512257,18.310118259030386,11.268375278584584,"fund_neg_eps,fund_low_adv20,fund_small_mcap",1,trend_break,True,False,False,False,False,False,False,False,False,7702.T,,434.0,-13.575226775101658,0.25512186,-31.97,1701.148,10646237184.0,,1754546400.0,1754978400.0,True,,,False,1754546400.0,2025-08-07,-219.0
1,False,31.205673758865245,False,False,True,False,0.29025862590521756,196.0,196.0,157660705.0,157.660705,290.0,0.6758620689655173,-0.630057803468208,-0.07747340675891934,18.042929313324965,9.20557618026784,-0.32413793103448274,-0.32413793103448274,24.161920053391974,17.024184103242533,29.09423906074411,"fund_neg_eps,fund_low_adv20,fund_small_mcap",5,trend_break;macd_sell_like;trailing_stop;di_bear;natr_spike,True,False,True,False,True,False,True,False,True,7707.T,,196.0,-151.93798449612402,1.3835065,-1.29,141.669,5382311424.0,,1747292400.0,1747292400.0,True,,,False,1747292400.0,2025-05-15,-279.0
2,False,37.037037037037045,False,False,True,True,0.4133963654071384,67.0,67.0,23998260.0,23.99826,330.0,0.20303030303030303,-0.796969696969697,-0.5917496877189776,7.777063825204958,11.607557948067102,-0.1728395061728395,-0.6104651162790697,23.434284468804563,33.48815300714265,14.804923846732773,"fund_neg_eps,fund_low_adv20,fund_small_mcap",2,trend_break;trailing_stop,True,False,False,False,True,False,False,False,False,7709.T,,67.0,-5.908289241622575,16.47406,-11.34,4.067,922441856.0,,1753942500.0,1754288100.0,True,,,False,1753942500.0,2025-07-31,-224.0
2,False,43.59861591695502,False,False,True,False,0.5073776731352997,4710.0,4710.0,517211950.0,517.21195,11076.654296875,0.4252186512066923,-0.5747813487933078,-0.252729701687027,309.87481933028363,6.57908321295719,-0.20304568527918787,-0.3695424469053392,10.180734412147661,23.79433656322,29.18355439586228,fund_small_mcap,3,trend_break;macd_sell_like;trailing_stop,True,False,True,False,True,False,False,False,False,7711.T,,4710.0,30.165236,8.857146,156.14,531.774,25974657024.0,,1754460000.0,1754978400.0,True,,,False,1754460000.0,2025-08-06,-220.0
5,True,51.60394868077095,False,False,False,False,0.3863149827854205,2047.0,2047.0,218180555.0,218.180555,2557.0,0.8005475166210403,-0.1994524833789597,0.20573568471199777,151.19245353232864,7.386050490099103,-0.1994524833789597,-0.1994524833789597,21.23884988427128,24.43257397840013,27.660272432689332,fund_small_mcap,3,macd_sell_like;trailing_stop;ext_dev200;di_bear,False,False,True,False,True,True,True,False,False,7713.T,,2047.0,15.028264,0.7973354,136.21,2567.301,14497206272.0,,1744264800.0,1744264800.0,True,,,False,1744264800.0,2025-04-10,-304.0
4,True,75.33825338253382,False,False,False,False,0.1944308194950232,3760.0,3760.0,526028425.0,526.028425,3955.0,0.9506953223767383,-0.45663707869390957,0.45021414720132036,184.23868279996492,4.8999649680841735,-0.04930467762326174,-0.04930467762326174,30.03013336908292,42.81677064880191,10.061695228520541,,0,ext_dev200,False,False,False,False,False,True,False,False,False,7715.T,,3760.0,13.149152,1.4531131,285.95,2587.548,69833695232.0,,1754546400.0,1754978400.0,True,,,True,1754546400.0,2025-08-07,-219.0
3,True,56.49794801641587,False,False,True,False,0.5476962648989229,3050.0,3050.0,848434985.0,848.434985,3150.0,0.9682539682539683,-0.3276180588010862,0.3012713633345092,94.27907357037269,3.0911171662417276,-0.031746031746031744,-0.031746031746031744,16.001058018258075,24.149434377321953,19.79606971477888,fund_neg_eps,0,ext_dev200,False,False,False,False,False,True,False,False,False,7716.T,,3050.0,-105.90277777777777,2.1760023,-28.8,1401.653,253300621312.0,1786084200.0,1786084200.0,1786084200.0,True,,,False,1786084200.0,2026-08-07,42.0
4,True,62.429378531073446,False,False,False,True,0.5021750027187133,5920.0,5920.0,1765296600.0,1765.2966,6130.0,0.965742251223491,-0.2524836317856207,0.5593183566929443,437.4956982336612,7.3901300377307635,-0.034257748776509,-0.034257748776509,24.744893987514427,22.288517425054202,14.479157556794101,,0,ext_dev200,False,False,False,False,False,True,False,False,False,7717.T,,5920.0,24.295153,1.547534,243.67,3825.441,55963463680.0,,1754546400.0,1754978400.0,True,,,True,1754546400.0,2025-08-07,-219.0
3,True,30.2491103202847,False,False,True,True,0.40547331896497973,400.0,400.0,132851600.0,132.8516,866.0,0.4618937644341801,-0.5381062355658199,0.016776817488561413,39.7674544024231,9.941863600605775,-0.27797833935018046,-0.49558638083228246,17.747558739721136,16.468842894770894,27.676979461666697,"fund_low_adv20,fund_small_mcap",1,trailing_stop,False,False,False,False,True,False,False,False,False,7719.T,,400.0,22.573364,1.5974697,17.72,250.396,2866690048.0,,1744610400.0,1744610400.0,True,,,False,1744610400.0,2025-04-14,-302.0
1,False,32.04225352112675,False,False,True,True,0.3694762974289686,5150.0,5150.0,1885965400.0,1885.9654,9157.2958984375,0.56239309694893,-0.43760690305107,-0.17384009270185918,369.7775284740545,7.180146183962225,-0.24597364568081992,-0.39560786530362124,16.599597083285808,17.787497637545037,32.0686313603171,,3,trend_break;macd_sell_like;trailing_stop,True,False,True,False,True,False,False,False,False,7721.T,,5150.0,21.115211,1.8591802,243.9,2770.038,84629880832.0,,1754550000.0,1754982000.0,True,,,True,1754550000.0,2025-08-07,-219.0
2,False,51.53846153846153,False,False,True,False,0.5419235392317019,753.0,753.0,44678135.0,44.678135,1060.6627197265625,0.709933502889705,-0.3192935071894196,-0.05020692352213518,19.78240045338826,2.6271448145269933,-0.08616504854368934,-0.12813784707894438,13.390332953338769,23.189135555406214,27.733136605771353,"fund_low_adv20,fund_small_mcap",2,trend_break;trailing_stop,True,False,False,False,True,False,False,False,False,7722.T,,753.0,6.784395,0.81227756,110.99,927.023,10146046976.0,,1747294200.0,1747294200.0,True,,,False,1747294200.0,2025-05-15,-279.0
7,True,45.63758389261745,True,False,True,True,0.5032283056077347,2890.0,2890.0,52579615.0,52.579615,3264.669921875,0.885234976018704,-0.13964578711394138,0.03466054888748049,63.097876566950724,2.183317528268191,-0.054009819967266726,-0.05555555555555558,11.502632665046296,18.72338432280044,21.621713364875404,fund_low_adv20,0,,False,False,False,False,False,False,False,False,False,7723.T,,2890.0,9.262227,0.84320456,312.02,3427.401,44337377280.0,,1753769400.0,1754287800.0,True,,,False,1753769400.0,2025-07-29,-226.0
4,True,49.95957376566937,False,False,True,True,0.43033529855387304,1865.0,1865.0,254332165.0,254.332165,2233.499267578125,0.8350125863360126,-0.3240646270185732,0.2543455929175411,109.8832985568616,5.891865874362553,-0.13416898792943366,-0.1649874136639874,25.822282822216668,23.37705607654615,25.028789466720152,fund_small_mcap,3,macd_sell_like;trailing_stop;ext_dev200;di_bear,False,False,True,False,True,True,True,False,False,7725.T,,1865.0,52.47608,1.761014,35.54,1059.049,18921158656.0,,1752130800.0,1752476400.0,True,,,False,1752130800.0,2025-07-10,-239.0
3,True,55.32591414944356,False,False,True,False,0.3151655626946829,1223.0,1223.0,47616170.0,47.61617,1410.0,0.8673758865248227,-0.5056283796526788,0.21377667006638812,64.97785904817171,5.31298929257332,-0.13262411347517733,-0.13262411347517733,41.81861029563166,22.571461221266432,23.331382781403455,"fund_neg_eps,fund_low_adv20,fund_small_mcap",4,macd_sell_like;trailing_stop;ext_dev200;di_bear;natr_spike,False,False,True,False,True,True,True,False,True,7726.T,,1223.0,-71.85663924794359,0.59699833,-17.02,2048.582,6840405504.0,,1747117800.0,1747117800.0,True,,,False,1747117800.0,2025-05-13,-281.0
5,True,44.827586206896555,False,False,True,True,0.45883637950289874,729.0,729.0,109410210.0,109.41021,903.1935424804688,0.807135974420194,-0.2526518755368574,0.07633075030156578,30.814591852908084,4.2269673323605055,-0.1403301886792453,-0.1403301886792453,16.250302639331032,20.77222189149955,23.348742445879243,"fund_low_adv20,fund_small_mcap",2,macd_sell_like;trailing_stop,False,False,True,False,True,False,False,False,False,7727.T,,729.0,1.0293993,0.9483396,708.18,768.712,14842789888.0,,1754548200.0,1754893800.0,True,,,False,1754548200.0,2025-08-07,-219.0
4,True,53.0565167243368,False,False,False,False,0.39537684173128884,16925.0,16925.0,7915425250.0,7915.42525,18985.0,0.8914932841717145,-0.39824313089759444,0.32378258731197795,1034.1144952467178,6.109982246657121,-0.07765667574931878,-0.10850671582828553,16.636032850378115,32.275192368696395,23.769340166812317,,1,macd_sell_like;ext_dev200,False,False,True,False,False,True,False,False,False,7729.T,,16925.0,27.920288,3.583513,606.19,4723.019,686945075200.0,1785825000.0,1785825000.0,1785825000.0,True,,,True,1785825000.0,2026-08-04,39.0
6,True,48.21428571428571,False,False,True,True,0.18349746128787506,1683.0,1683.0,413268510.0,413.26851,1895.0,0.8881266490765172,-0.4382417639494184,0.12411485358957752,44.88136470577141,2.666747754353619,-0.0426621160409556,-0.11187335092348283,12.891562521587277,23.301925375292605,27.478718012701897,,1,macd_sell_like,False,False,True,False,False,False,False,False,False,7730.T,,1683.0,29.619852,2.9258218,56.82,575.223,165779881984.0,1784097000.0,1784097000.0,1784097000.0,True,,,True,1784097000.0,2026-07-15,25.0
4,True,39.81145757795503,False,False,True,False,0.25844058410405724,1825.0,1825.0,5450157007.5,5450.1570075,2326.5,0.7844401461422738,-0.29805909662217933,0.0007463577501320984,103.34776098303485,5.662891012769033,-0.21555985385772625,-0.21555985385772625,12.429847557224114,24.662170215603794,26.846476075302434,fund_neg_eps,2,macd_sell_like;trailing_stop,False,False,True,False,True,False,False,False,False,7731.T,,1825.0,-6.976566382506977,1.0245177,-261.59,1781.326,601171558400.0,1778221800.0,1785997800.0,1785997800.0,True,,,False,1785997800.0,2026-08-06,41.0
5,False,45.436105476673426,False,False,True,True,0.5029051810788389,1803.0,1803.0,10286798925.0,10286.798925,2074.509765625,0.8691209990312093,-0.4244715071907146,0.02147998501128412,58.157963904029394,3.225621958071514,-0.045021186440677985,-0.045021186440677985,28.42231895870965,29.607773614166188,20.44678612331857,,2,trend_break;macd_sell_like,True,False,True,False,False,False,False,False,False,7733.T,,1803.0,29.43193,2.4448154,61.26,737.479,1915071234048.0,1786084200.0,1786084200.0,1786084200.0,True,,,True,1786084200.0,2026-08-07,42.0
5,True,46.69811320754717,False,False,True,True,0.2920177281887475,3565.0,3565.0,549933375.0,549.933375,3795.0,0.9393939393939394,-0.35760485251790886,0.07670439034487542,147.8597892259374,4.1475396697317635,-0.06060606060606055,-0.06060606060606055,18.818422066967457,30.130968737448605,23.629465799099112,,1,macd_sell_like,False,False,True,False,False,False,False,False,False,7734.T,,3565.0,16.27631,1.8980283,219.03,1878.265,162049867776.0,1778653800.0,1785997800.0,1785997800.0,True,,,True,1785997800.0,2026-08-06,41.0
4,True,65.8005617977528,True,True,False,False,0.42181607575217894,12980.0,12980.0,33236902950.0,33236.90295,13440.0,0.9657738095238095,-0.3865571373826039,0.5404329628605649,795.1655546050606,6.1260828552007744,-0.034226190476190466,-0.034226190476190466,19.677476266417372,39.081606335070504,21.494436019195717,,0,ext_dev200,False,False,False,False,False,True,False,False,False,7735.T,,12980.0,26.653524,5.044238,486.99,2573.233,2454359900160.0,1778653800.0,1784874600.0,1784874600.0,True,,,True,1784874600.0,2026-07-24,32.0
6,True,56.547619047619044,True,False,True,True,0.44885137610790404,1043.0,1043.0,426006910.0,426.00691,1115.0,0.9354260089686098,-0.28558931049147507,0.01464085619109845,24.264502184341836,2.326414399265756,-0.027052238805970186,-0.06457399103139017,8.425139061566478,25.062234898359936,23.659770997852377,,0,,False,False,False,False,False,False,False,False,False,7740.T,,1043.0,14.338741,1.9817331,72.74,526.307,168178483200.0,1777617000.0,1777617000.0,1777617000.0,True,,,True,1777617000.0,2026-05-01,-28.0
5,True,43.72294372294372,False,False,True,False,0.34301187566252217,25710.0,25710.0,26695503475.0,26695.503475,30030.0,0.8561438561438561,-0.23656880416958992,0.0387629134754488,805.7621795461272,3.1340419274450686,-0.08194965184788428,-0.14385614385614387,16.034764992095134,20.302705238251022,29.530611528441895,,1,trailing_stop,False,False,False,False,True,False,False,False,False,7741.T,,25710.0,34.62393,8.452479,742.55,3041.711,8600367923200.0,1785479400.0,1785479400.0,1785479400.0,True,,,True,1785479400.0,2026-07-31,37.0
2,False,31.746031746031747,True,True,False,True,0.43372856679828503,482.0,482.0,24884205.0,24.884205,622.0,0.77491961414791,-0.29330939039364556,-0.11839618445093403,13.268888154070368,2.7528813597656363,-0.06769825918762085,-0.22508038585209,25.054436723421976,14.922581843949803,28.91633088631797,"fund_low_adv20,fund_small_mcap",3,trend_break;di_bear;vol_distribution,True,False,False,False,False,False,True,True,False,7743.T,,482.0,12.846481,0.7569975,37.52,636.726,14588108800.0,,1754289000.0,1754634600.0,True,,,False,1754289000.0,2025-08-04,-222.0
5,True,47.511312217194565,False,False,True,False,0.47912448638366667,1981.0,1981.0,696064405.0,696.064405,2340.0,0.8465811965811966,-0.15897435897435896,0.03310108569658676,57.785967875037976,2.917009988644017,-0.07256554307116103,-0.0987261146496815,10.056405220852698,23.804032036874297,25.470127802859487,,0,,False,False,False,False,False,False,False,False,False,7744.T,,1981.0,13.864781,0.66924185,142.88,2960.066,210008997888.0,1786689000.0,1786689000.0,1786689000.0,True,,,True,1786689000.0,2026-08-14,47.0
4,True,55.82959641255605,False,False,True,False,0.46389509395796746,2698.0,2698.0,601260695.0,601.260695,3030.0,0.8904290429042905,-0.44654411250216186,0.1765230250007146,128.10509885469622,4.748150439388296,-0.10365448504983388,-0.10957095709570952,12.978633975131995,23.35836225367787,30.026634901960808,,2,macd_sell_like;trailing_stop,False,False,True,False,True,False,False,False,False,7745.T,,2698.0,12.48785,1.4934064,216.05,1806.608,73890988032.0,,1754289000.0,1754634600.0,True,,,True,1754289000.0,2025-08-04,-222.0
3,True,13.78299120234604,False,False,True,False,0.4755928460788039,682.0,682.0,982873650.0,982.87365,1546.0,0.4411384217335058,-0.5588615782664942,0.057315163635800026,61.096730232448024,8.958464843467452,-0.3529411764705882,-0.4115616911130284,11.943890022416431,21.764119219077976,28.7245621355804,"fund_neg_eps,fund_small_mcap",2,macd_sell_like;trailing_stop,False,False,True,False,True,False,False,False,False,7746.T,,682.0,-121.78571428571429,7.4759393,-5.6,91.226,19840473088.0,,1747204200.0,1747204200.0,True,,,False,1747204200.0,2025-05-14,-280.0
4,True,57.50798722044728,False,False,True,True,0.42016008409913685,3765.0,3765.0,4044525400.0,4044.5254,3772.0,0.9981442205726405,-0.20014327022234102,0.27806155572170166,118.63597897436769,3.151022017911492,-0.001855779427359483,-0.001855779427359483,27.63617633426239,29.315959282922254,16.21698692418563,,0,ext_dev200,False,False,False,False,False,True,False,False,False,7747.T,,3765.0,56.770206,6.0100665,66.32,626.449,998946045952.0,1786689000.0,1786689000.0,1786689000.0,True,,,True,1786689000.0,2026-08-14,47.0
2,False,24.56140350877193,False,True,False,False,0.3204927401896367,2786.0,2786.0,5227215.0,5.227215,2997.0,0.9295962629295963,-0.1916497587051419,-0.010977992902321931,42.85356331849241,1.538175280635047,-0.07009345794392519,-0.0704037370704037,35.06744088209055,15.877894574817223,36.950502214257135,fund_low_adv20,2,trend_break;di_bear,True,False,False,False,False,False,True,False,False,7749.T,,2786.0,13.50526,0.86277455,206.29,3229.117,40335949824.0,,1747292400.0,1747292400.0,True,,,False,1747292400.0,2025-05-15,-279.0
3,False,66.66666666666666,False,False,True,True,0.3407655886863499,4324.0,4324.0,18082601135.0,18082.601135,4929.0,0.8772570501115845,-0.22348464614286856,-0.02663304900858654,83.50730247578879,1.9312512135936353,-0.024588314910895526,-0.041241685144124185,16.30450635196269,22.62315448368582,17.46569287782862,,1,trend_break,True,False,False,False,False,False,False,False,False,7751.T,,4324.0,11.779449,1.0939914,367.08,3952.499,3733789081600.0,1776925800.0,1784788200.0,1784788200.0,True,,,True,1784788200.0,2026-07-23,31.0
6,True,53.01204819277108,False,False,True,True,0.1807408855531021,1458.0,1458.0,3456657545.0,3456.657545,1550.512451171875,0.940334273935076,-0.30383510324745255,0.06974488972474746,36.20821130469775,2.483416413216581,-0.044560943643512485,-0.044560943643512485,24.314774350893497,23.345447221647483,22.93162746273038,,1,macd_sell_like,False,False,True,False,False,False,False,False,False,7752.T,,1458.0,14.938525,0.7178532,97.6,2031.056,827494170624.0,1778567400.0,1785997800.0,1785997800.0,True,,,True,1785997800.0,2026-08-06,41.0
1,False,29.143492769744157,False,False,True,True,0.42720915566662604,2110.0,2110.0,333036270.0,333.03627,4115.0,0.5127582017010935,-0.48724179829890646,-0.17252505347017066,170.34016819838823,8.072993753478116,-0.2609457092819615,-0.4203296703296703,23.784929753746173,15.9349772718382,34.89914510302636,,4,trend_break;macd_sell_like;trailing_stop;di_bear,True,False,True,False,True,False,True,False,False,7760.T,,2110.0,15.230259,2.5809894,138.54,817.516,33627701248.0,,,,True,,,True,,,
4,True,55.37459283387622,False,False,True,False,0.23659047667379446,2185.0,2185.0,3449576070.0,3449.57607,2348.0,0.9305792163543442,-0.21277261611006593,0.5163807644322356,84.00557239730261,3.844648622302179,-0.06942078364565585,-0.06942078364565585,29.688011825532076,25.44936976385929,19.70828675371319,,1,macd_sell_like;ext_dev200,False,False,True,False,False,True,False,False,False,7762.T,,2185.0,17.142633,1.8184028,127.46,1201.604,533126610944.0,1786689000.0,1786689000.0,1786689000.0,True,,,True,1786689000.0,2026-08-14,47.0
5,True,36.36363636363636,False,False,True,False,0.4482845807663952,3530.0,3530.0,178023200.0,178.0232,4170.69091796875,0.8463825465444019,-0.3023950416501341,0.006677093096089326,82.34561176497148,2.3327368771946593,-0.039455782312925125,-0.07290844672115981,12.524595481642816,20.409867846771853,27.680249073075096,"fund_low_adv20,fund_small_mcap",1,macd_sell_like,False,False,True,False,False,False,False,False,False,7769.T,,3530.0,12.264609,0.82887316,287.82,4258.794,28104617984.0,,1754553600.0,1754985600.0,True,,,False,1754553600.0,2025-08-07,-219.0
2,True,29.729729729729726,False,False,True,True,0.570303226163953,300.0,300.0,136818820.0,136.81882,925.0,0.32432432432432434,-0.6756756756756757,0.22030589000976253,19.838086746580966,6.612695582193656,-0.2682926829268293,-0.34782608695652173,10.83561666421885,20.544726393726393,32.31204012218987,"fund_low_adv20,fund_small_mcap",1,trailing_stop;ext_dev200,False,False,False,False,True,True,False,False,False,7771.T,,300.0,18.963339,3.3240998,15.82,90.25,7191076864.0,,1747292400.0,1747292400.0,True,,,False,1747292400.0,2025-05-15,-279.0
3,True,53.01204819277108,False,False,True,True,0.3853792215945327,589.0,589.0,70375710.0,70.37571,796.0,0.7399497487437185,-0.39077340569877883,0.06268775202749644,29.859281037180683,5.069487442645277,-0.09800918836140893,-0.2136181575433912,12.107967640602084,16.606830502204346,23.322756288704184,"fund_neg_eps,fund_low_adv20,fund_small_mcap",1,trailing_stop,False,False,False,False,True,False,False,False,False,7774.T,,589.0,-32.59546209186497,4.698993,-18.07,125.346,23919261696.0,,1746000000.0,1746000000.0,True,,,False,1746000000.0,2025-04-30,-290.0
4,False,41.66666666666667,True,False,True,False,0.5636530353438028,421.0,421.0,21703510.0,21.70351,474.47845458984375,0.8872900253477843,-0.1718417575381419,-0.04971749913007306,7.880728362697548,1.8719069745124817,-0.04966139954853277,-0.07661033621628877,32.239118193187394,13.407542102999628,30.691218092622023,"fund_low_adv20,fund_small_mcap",2,trend_break;di_bear,True,False,False,False,False,False,True,False,False,7775.T,,421.0,13.11118,1.5553823,32.11,270.673,12094671872.0,,1753772400.0,1754290800.0,True,,,False,1753772400.0,2025-07-29,-226.0
0,False,13.63636363636364,False,False,True,True,0.5184622519004024,216.0,216.0,90225645.0,90.225645,539.0,0.4007421150278293,-0.6474164133738602,-0.3717094738066844,9.819985702588458,4.546289677124285,-0.18181818181818177,-0.3414634146341463,29.881524491423242,11.840693346263132,31.935125782701444,"fund_neg_eps,fund_low_adv20,fund_small_mcap",4,trend_break;macd_sell_like;trailing_stop;di_bear,True,False,True,False,True,False,True,False,False,7776.T,,216.0,-6.790317510216913,3.7387707,-31.81,57.773,8396732928.0,,1754983800.0,1755502200.0,True,,,False,1754983800.0,2025-08-12,-216.0
5,True,51.229508196721305,True,False,True,True,0.2556984093393306,458.0,458.0,1692875660.0,1692.87566,768.0,0.5963541666666666,-0.5091145833333333,0.14457078595526673,34.571787796364895,7.548425283049104,-0.06910569105691056,-0.3612273361227336,25.323697378105653,22.385382756078595,22.67696762849272,fund_neg_eps,1,di_bear,False,False,False,False,False,False,True,False,False,7777.T,,458.0,-139.63414634146343,10.96612,-3.28,41.765,55057330176.0,,1749709800.0,1749709800.0,True,,,False,1749709800.0,2025-06-12,-259.0
3,True,54.6448087431694,False,False,True,False,0.5195908851568691,291.0,291.0,885564975.0,885.564975,394.0,0.7385786802030457,-0.3401015228426396,0.1963246932105489,22.182430297630933,7.622828280972829,-0.14662756598240467,-0.14662756598240467,18.531708036117088,29.33891466973829,18.74168477637085,,1,trailing_stop;ext_dev200,False,False,False,False,True,True,False,False,False,7779.T,,291.0,398.63013,1.5506355,0.73,187.665,61439123456.0,1778740200.0,1786602600.0,1786602600.0,True,,,True,1786602600.0,2026-08-13,46.0
7,True,44.827586206896555,True,False,True,False,0.5180332993611445,1649.0,1649.0,470277600.0,470.2776,1870.1458740234375,0.8817493987526954,-0.405865528252046,0.1093090108237027,53.15874437831773,3.223695838588098,-0.019619500594530326,-0.07359550561797756,17.04708239790596,20.617825686782083,22.515120346824073,,0,,False,False,False,False,False,False,False,False,False,7780.T,,1649.0,25.943989,1.2872987,63.56,1280.977,122349969408.0,1778653800.0,1786084200.0,1786084200.0,True,,,True,1786084200.0,2026-08-07,42.0
6,True,50.526315789473685,True,False,True,True,0.43086933341129086,1418.0,1418.0,9990930.0,9.99093,1634.0,0.8678090575275398,-0.1585067319461444,0.08953363838205375,36.27872336395127,2.558443114524067,-0.02876712328767128,-0.0996825396825397,13.643290152108538,25.243981100344076,17.694222485126442,"fund_low_adv20,fund_small_mcap",0,,False,False,False,False,False,False,False,False,False,7781.T,,1418.0,10.445672,1.9453971,135.75,728.9,10867022848.0,,1747292400.0,1747292400.0,True,,,False,1747292400.0,2025-05-15,-279.0
2,False,71.15384615384616,True,False,True,False,0.15577482267154552,465.0,465.0,2372535.0,2.372535,638.5468139648438,0.7282159895415301,-0.4825870587054505,-0.06861782122919846,9.97499571968586,2.1451603698249158,0.0,-0.0021459227467811592,35.39721253574606,35.97075392901648,10.27664384340449,"fund_low_adv20,fund_small_mcap",1,trend_break,True,False,False,False,False,False,False,False,False,7782.T,,465.0,11.4222555,1.0989375,40.71,423.136,3034291968.0,,1754978400.0,1755496800.0,True,,,False,1754978400.0,2025-08-12,-216.0
1,False,32.65306122448979,False,True,False,True,0.5835576564367959,784.0,784.0,3244015.0,3.244015,898.4334716796875,0.8726299995638568,-0.13293524278030056,-0.05202960714643867,7.820080753579105,0.9974592797932532,-0.023661270236612686,-0.0576416346710068,16.93885050536792,21.20765875582172,24.508655548769866,"fund_low_adv20,fund_small_mcap",1,trend_break,True,False,False,False,False,False,False,False,False,7791.T,,784.0,6.704866,0.661943,116.93,1184.392,3183715840.0,,1746770400.0,1746770400.0,True,,,False,1746770400.0,2025-05-09,-283.0
4,False,37.17948717948718,False,False,False,True,0.24984445256071144,1417.0,1417.0,9336830.0,9.33683,1576.0,0.8991116751269036,-0.13515228426395942,-0.026489745197176506,27.687433592017175,1.9539473247718542,-0.03670972127804217,-0.04385964912280704,17.637538404901125,14.532149628276308,21.123074154064884,"fund_low_adv20,fund_small_mcap",2,trend_break;macd_sell_like,True,False,True,False,False,False,False,False,False,7792.T,,1417.0,9.554956,2.3208964,148.3,610.54,12890248192.0,,1746772200.0,1746772200.0,True,,,False,1746772200.0,2025-05-09,-283.0
3,False,35.840707964601776,True,False,True,True,0.5625026670075313,1471.0,1471.0,4339135.0,4.339135,1847.0,0.7964266377910124,-0.2392115271699935,-0.08709186468337671,32.914483295792884,2.2375583477765386,-0.12958579881656807,-0.17359550561797754,27.56867234203298,19.44697117195586,39.744385111742346,"fund_low_adv20,fund_small_mcap",3,trend_break;trailing_stop;di_bear,True,False,False,False,True,False,True,False,False,7793.T,,1471.0,11.278081,1.9419833,130.43,757.473,3632897792.0,,1747306740.0,1747306740.0,True,,,False,1747306740.0,2025-05-15,-279.0
4,True,50.24875621890547,True,False,True,True,0.5184829035718534,1090.0,1090.0,851684775.0,851.684775,2673.0,0.40778151889263,-0.6240179573512907,0.32488969381677624,96.28333253710822,8.833333260285157,-0.1510903426791277,-0.31186868686868685,11.81536475591326,25.478042136105756,29.8518201576163,"fund_neg_eps,fund_small_mcap",1,trailing_stop;ext_dev200,False,False,False,False,True,True,False,False,False,7794.T,,1090.0,-6.609665878357892,9.863628,-164.91,110.507,16866866176.0,,1747118700.0,1747118700.0,True,,,False,1747118700.0,2025-05-13,-281.0
3,False,52.38095238095237,True,False,True,False,0.5617466594779931,192.0,192.0,13760580.0,13.76058,246.63478088378906,0.7784790097811378,-0.2296301465707491,-0.07744064525732086,4.425041191964164,2.304708954148002,-0.09859154929577463,-0.18297872340425536,30.222295344484717,18.137760608557922,27.889173419470207,"fund_low_adv20,fund_small_mcap",3,trend_break;trailing_stop;di_bear,True,False,False,False,True,False,True,False,False,7795.T,,192.0,6.981818,0.45495906,27.5,422.016,8063606784.0,,1747290600.0,1747290600.0,True,,,False,1747290600.0,2025-05-15,-279.0
4,True,34.34343434343434,True,False,True,True,0.5740924461143249,899.0,899.0,38459105.0,38.459105,1598.0,0.5625782227784731,-0.44305381727158943,0.0366260640206737,47.73072792732827,5.309313451315713,-0.220294882914137,-0.3998664886515354,39.207923491868904,10.305491211224513,30.227352258949047,"fund_low_adv20,fund_small_mcap",2,trailing_stop;di_bear,False,False,False,False,True,False,True,False,False,7800.T,,899.0,5.6547995,1.134226,158.98,792.611,2893486336.0,,1754982000.0,1755500400.0,True,,,False,1754982000.0,2025-08-12,-216.0
1,False,59.42028985507247,True,False,True,False,0.16847552300021754,271.0,271.0,225393755.0,225.393755,382.16180419921875,0.709123719383346,-0.3772271394345522,-0.07361512297673789,9.781692923124723,3.609480783440857,0.0,-0.010948905109489093,11.61443439841595,27.07202503626381,19.622953772492565,,1,trend_break,True,False,False,False,False,False,False,False,False,7803.T,,271.0,7.87333,1.3080603,34.42,207.177,36806180864.0,,1754893800.0,1755239400.0,True,,,True,1754893800.0,2025-08-11,-217.0
2,False,62.765957446808514,True,True,False,True,0.4152481888581569,2218.0,2218.0,5499535.0,5.499535,2803.493408203125,0.791155774973485,-0.2502211726806739,-0.09650569550416987,54.256911843383676,2.44620882972875,-0.00671742051052393,-0.1027508090614887,29.264349359355514,28.47702988790573,18.000081763020283,"fund_low_adv20,fund_small_mcap",2,trend_break;vol_distribution,True,False,False,False,False,False,False,True,False,7804.T,,2218.0,10.78479,1.3342574,205.66,1662.348,5148623360.0,,1749448800.0,1749448800.0,True,,,False,1749448800.0,2025-06-09,-262.0
6,True,50.54945054945055,False,False,False,False,0.535648302885604,738.0,738.0,2257115.0,2.257115,766.0,0.9634464751958225,-0.15479429215241303,0.05496106487519614,11.600171141688486,1.571838908087871,-0.02894736842105261,-0.036553524804177506,13.737079207546328,25.079648057693447,30.16260932219072,"fund_low_adv20,fund_small_mcap",0,,False,False,False,False,False,False,False,False,False,7805.T,,738.0,8.565459,0.81152767,86.16,909.396,3568411648.0,,1752116400.0,1752462000.0,True,,,False,1752116400.0,2025-07-10,-239.0
4,True,59.32721712538226,False,False,True,False,0.34820250167212236,7020.0,7020.0,1063750900.0,1063.7509,7500.0,0.936,-0.28781993188464394,0.36383178594528953,353.8432310306177,5.040501866533016,-0.06399999999999995,-0.06399999999999995,20.458531516416095,25.532798707812425,19.60405092873051,,0,ext_dev200,False,False,False,False,False,True,False,False,False,7806.T,,7020.0,25.224579,4.7206225,278.3,1487.092,276128038912.0,,1753768800.0,1754287200.0,True,,,True,1753768800.0,2025-07-29,-226.0
4,False,45.238095238095234,False,False,True,False,0.32558456242106903,813.0,813.0,1541995.0,1.541995,864.0,0.9409722222222222,-0.43464301267591055,-0.013538782506074765,14.987449340212782,1.8434747035932082,-0.054651162790697705,-0.054651162790697705,17.239059122031048,18.289893948566206,22.539900322392597,"fund_low_adv20,fund_small_mcap",2,trend_break;macd_sell_like,True,False,True,False,False,False,False,False,False,7807.T,,813.0,7.9054847,0.98697627,102.84,823.728,3378418176.0,,1744612200.0,1744612200.0,True,,,False,1744612200.0,2025-04-14,-302.0
0,False,11.062593520570147,False,False,False,True,0.5751227980903973,2557.0,2557.0,7768750.0,7.76875,3403.51611328125,0.7512818846433655,-0.24871811535663446,-0.1539214787456682,36.40956426270797,1.4239172570476328,-0.10128228615656965,-0.17193618732737592,40.16670828232906,13.258639353080582,45.66621447643245,"fund_low_adv20,fund_small_mcap",4,trend_break;macd_sell_like;trailing_stop;di_bear,True,False,True,False,True,False,True,False,False,7808.T,,2557.0,4.856231,1.6897496,526.54,1513.242,4729864192.0,,1744612200.0,1744612200.0,True,,,False,1744612200.0,2025-04-14,-302.0
2,False,58.82352941176471,False,False,True,True,0.5338120594946607,1327.0,1327.0,7944880.0,7.94488,1793.0,0.7401003904071388,-0.27105409927495816,-0.11972590108690961,14.684156246492275,1.1065679160883402,-0.01921655580192161,-0.05214285714285716,20.015202491164313,23.490395775583618,17.393399380291342,"fund_low_adv20,fund_small_mcap",1,trend_break,True,False,False,False,False,False,False,False,False,7809.T,,1327.0,7.9181337,1.3214946,167.59,1004.166,10722795520.0,,1747290600.0,1747290600.0,True,,,False,1747290600.0,2025-05-15,-279.0
4,True,57.14285714285714,True,False,True,True,0.3708372231647179,173.0,173.0,7625870.0,7.62587,361.0,0.4792243767313019,-0.5484764542936288,0.01839587932303166,5.505518360369632,3.182380555126955,0.0,-0.2543103448275862,14.599418127586551,14.788551268658892,18.880391947573127,"fund_low_adv20,fund_small_mcap",0,,False,False,False,False,False,False,False,False,False,7810.T,,173.0,104.84849,1.6141824,1.65,107.175,2949117184.0,,1749794640.0,1749794640.0,True,,,False,1749794640.0,2025-06-13,-258.0
3,False,34.01360544217687,False,False,True,True,0.5428278199783075,1852.0,1852.0,30278090.0,30.27809,2024.28662109375,0.9148902041348961,-0.1518185320660792,-0.015889165194943766,34.07227224953215,1.8397555210330534,-0.04830421377183969,-0.050256410256410255,11.185401396773324,18.821023006619342,20.563731204195054,"fund_low_adv20,fund_small_mcap",1,trend_break,True,False,False,False,False,False,False,False,False,7811.T,,1852.0,7.559492,0.7793678,244.99,2376.285,16387764224.0,,1751868000.0,1752213600.0,True,,,False,1751868000.0,2025-07-07,-242.0
5,True,50.0,False,True,False,False,0.376415516552952,2021.0,2021.0,6931940.0,6.93194,2092.0,0.9660611854684512,-0.12274174672984917,0.058450103091568506,38.14049410842278,1.8872090108076582,-0.023671497584541012,-0.028365384615384626,13.596878415874311,27.680815071575694,21.985377524294908,"fund_low_adv20,fund_small_mcap",1,macd_sell_like,False,False,True,False,False,False,False,False,False,7812.T,,2021.0,7.202937,0.62685853,280.58,3224.013,5989825536.0,,1747290660.0,1747290660.0,True,,,False,1747290660.0,2025-05-15,-279.0
4,True,90.56603773584905,True,True,False,False,0.45901407361151547,974.0,974.0,5282410.0,5.28241,974.0,1.0,-0.20481297852675184,0.1814939712268615,22.733003194254987,2.3339839008475347,0.0,0.0,15.861026210595568,39.48312102899883,15.956211738161944,"fund_low_adv20,fund_small_mcap",1,rsi_reversal;ext_dev200,False,False,False,True,False,True,False,False,False,7813.T,,974.0,18.412098,0.977892,52.9,996.02,3293547776.0,,1746687600.0,1746687600.0,True,,,False,1746687600.0,2025-05-08,-284.0
2,False,64.56692913385827,False,False,True,False,0.5739708268798824,580.0,580.0,16370960.0,16.37096,901.131591796875,0.6436351863366238,-0.408521458073413,-0.19295355265130154,14.869447079238292,2.563697772282464,-0.04132231404958675,-0.1278195488721805,31.720572574304228,32.24720166761277,21.415734471018947,"fund_low_adv20,fund_small_mcap",1,trend_break,True,False,False,False,False,False,False,False,False,7814.T,,580.0,4.995263,1.3114042,116.11,442.274,27528038400.0,,1754980200.0,1755498600.0,True,,,False,1754980200.0,2025-08-12,-216.0
2,False,43.54838709677419,True,False,True,False,0.5865483876389647,265.0,265.0,2264610.0,2.26461,639.0,0.41471048513302033,-0.596244131455399,-0.412286538035041,11.361859445748886,4.287494130471278,-0.1560509554140127,-0.345679012345679,40.28712664168948,19.6304817493154,34.74922493818809,"fund_neg_eps,fund_low_adv20,fund_small_mcap",3,trend_break;trailing_stop;di_bear,True,False,False,False,True,False,True,False,False,7815.T,,265.0,-6.1470656460218045,0.8760823,-43.11,302.483,686847936.0,,1747117800.0,1747117800.0,True,,,False,1747117800.0,2025-05-13,-281.0
5,True,75.42087542087542,True,False,False,False,0.46645173873380213,1355.0,1355.0,177802695.0,177.802695,1365.0,0.9926739926739927,-0.22425294998258727,0.1630745972159542,34.90410948125201,2.5759490392067903,0.0,0.0,31.28318869616036,43.41872262735465,13.274653437861724,fund_low_adv20,0,,False,False,False,False,False,False,False,False,False,7818.T,,1355.0,18.241789,3.7406554,74.28,362.236,76616015872.0,,1752040800.0,1752472800.0,True,,,False,1752040800.0,2025-07-09,-240.0
3,False,47.97979797979798,True,False,True,False,0.509570037658069,837.0,837.0,28447180.0,28.44718,1302.22607421875,0.6427455390202849,-0.3787561038621141,-0.10844587317649745,36.37934067281851,4.346396735103764,-0.19441770933589986,-0.34434991596281883,29.77651488062376,18.618535620514738,29.288403681677284,"fund_low_adv20,fund_small_mcap",3,trend_break;trailing_stop;di_bear,True,False,False,False,True,False,True,False,False,7819.T,,837.0,9.256802,1.5154477,90.42,552.312,10577481728.0,,1754544600.0,1754890200.0,True,,,False,1754544600.0,2025-08-07,-219.0
3,False,40.56603773584906,True,False,True,False,0.36179534358501825,711.0,711.0,42502650.0,42.50265,842.9619750976562,0.8434544155062645,-0.16366334327437904,-0.10435606555492538,13.425547577748542,1.8882626691629454,-0.08258064516129038,-0.13713592233009708,48.80594957260067,9.01608054457072,30.845663077528435,"fund_neg_eps,fund_low_adv20,fund_small_mcap",3,trend_break;trailing_stop;di_bear,True,False,False,False,True,False,True,False,False,7820.T,,711.0,-5.969773299748111,0.50885487,-119.1,1397.255,16180055040.0,,1754546400.0,1754978400.0,True,,,False,1754546400.0,2025-08-07,-219.0
3,False,44.72727272727273,True,False,True,True,0.3896341127235425,1774.0,1774.0,303773255.0,303.773255,2205.0,0.8045351473922903,-0.20770975056689345,-0.07900231249979484,45.81689663805158,2.5826886492701004,-0.054371002132196145,-0.14834373499759956,12.038860507138448,18.720976483111425,24.1693709967556,,1,trend_break,True,False,False,False,False,False,False,False,False,7821.T,,1774.0,12.021413,1.5881599,147.57,1117.016,118301024256.0,,1754546400.0,1754978400.0,True,,,True,1754546400.0,2025-08-07,-219.0
4,False,63.888888888888886,False,False,True,True,0.5060324902375077,241.0,241.0,13346790.0,13.34679,266.7858581542969,0.9033462330698822,-0.17052697888902124,0.02306487300510751,5.222582159195648,2.167046539085331,-0.020325203252032575,-0.030993505876001137,28.272148930462205,30.752713661761177,16.094227111447054,"fund_low_adv20,fund_small_mcap",2,trend_break;macd_sell_like,True,False,True,False,False,False,False,False,False,7822.T,,241.0,33.706295,0.2545244,7.15,946.864,10651087872.0,,1754463600.0,1754895600.0,True,,,False,1754463600.0,2025-08-06,-220.0
5,True,65.11627906976744,True,False,False,False,0.33669037545858793,850.0,850.0,22946475.0,22.946475,868.0,0.9792626728110599,-0.16133367328628967,0.06191821672356923,12.955502629216026,1.5241767799077677,-0.020737327188940058,-0.020737327188940058,19.308082628862174,35.3562359409633,11.207011276947716,"fund_low_adv20,fund_small_mcap",0,,False,False,False,False,False,False,False,False,False,7823.T,,850.0,14.836795,0.9778961,57.29,869.213,27694411776.0,,1753684200.0,1754029800.0,True,,,False,1753684200.0,2025-07-28,-227.0
4,True,35.20518358531318,False,False,True,False,0.42343303057507065,8060.0,8060.0,7325438250.0,7325.43825,10740.0,0.750465549348231,-0.4923996720088206,0.6257358421301578,662.8707311550615,8.224202619789846,-0.24953445065176905,-0.24953445065176905,13.530596190606113,19.63375779809528,24.739272345381476,,2,macd_sell_like;trailing_stop;ext_dev200,False,False,True,False,True,True,False,False,False,7826.T,,8060.0,26.198603,2.681024,307.65,3006.314,198270386176.0,,1746772200.0,1746772200.0,True,,,True,1746772200.0,2025-05-09,-283.0
2,False,17.32283464566929,False,False,True,True,0.36037799357993516,1582.0,1582.0,4504635.0,4.504635,1820.0,0.8692307692307693,-0.19385524586703495,-0.02873184748886526,26.990724503239825,1.7061140646801407,-0.05833333333333335,-0.13076923076923075,22.329413818311806,22.172672362759226,35.68061414876169,"fund_low_adv20,fund_small_mcap",3,trend_break;macd_sell_like;di_bear,True,False,True,False,False,False,True,False,False,7827.T,,1582.0,6.6398053,0.5030789,238.26,3144.636,2806676736.0,,1749794400.0,1749794400.0,True,,,False,1749794400.0,2025-06-13,-258.0
2,False,41.17647058823529,True,False,True,False,0.45525219397264094,75.0,75.0,6515260.0,6.51526,123.13636779785156,0.6090808210546274,-0.42340348940161954,-0.18652591561884313,3.0237783236336218,4.031704431511496,-0.11764705882352944,-0.2021276595744681,44.09317005145037,14.03352918968561,27.074659758205378,"fund_neg_eps,fund_low_adv20,fund_small_mcap",3,trend_break;trailing_stop;di_bear,True,False,False,False,True,False,True,False,False,7831.T,,75.0,-1.8867924528301887,0.93808633,-39.75,79.95,1164168704.0,,1749805380.0,1749805380.0,True,,,False,1749805380.0,2025-06-13,-258.0
1,False,42.48366013071896,False,False,True,False,0.35034797663923917,3656.0,3656.0,11601625505.0,11601.625505,5555.701171875,0.6580627515583478,-0.3505770219850878,-0.14811020598097357,122.2037920400561,3.3425544868724315,-0.06280440912586516,-0.13179596134604488,16.542943415428603,21.336565263144482,20.863425270229733,,2,trend_break;cross_sma25_down,True,True,False,False,False,False,False,False,False,7832.T,,3656.0,16.809195,2.724081,217.5,1342.104,2344834039808.0,1778653800.0,1785825000.0,1785825000.0,True,,,True,1785825000.0,2026-08-04,39.0
3,False,37.86407766990291,False,False,True,False,0.5513511163618509,626.0,626.0,4574725.0,4.574725,711.0,0.8804500703234881,-0.1364275668073136,-0.06520910411722003,11.120921008871848,1.7765049534939057,-0.050075872534142696,-0.09143686502177073,19.05053651941794,19.57036021192537,25.49626672414749,"fund_low_adv20,fund_small_mcap",1,trend_break,True,False,False,False,False,False,False,False,False,7833.T,,626.0,10.839827,1.0287085,57.75,608.53,6031319040.0,,1754546400.0,1754978400.0,True,,,False,1754546400.0,2025-08-07,-219.0
1,False,36.36363636363636,False,False,True,True,0.18478805621882124,77.0,77.0,17293965.0,17.293965,108.0,0.7129629629629629,-0.2870370370370371,-0.14705067848241493,2.5101848485701392,3.259980322818363,-0.1444444444444445,-0.15384615384615385,36.51929133029612,11.789561469260775,28.868809227590003,"fund_low_adv20,fund_small_mcap",4,trend_break;macd_sell_like;trailing_stop;di_bear,True,False,True,False,True,False,True,False,False,7836.T,,77.0,11.596386,1.3723779,6.64,56.107,2704976640.0,,1747207800.0,1747207800.0,True,,,False,1747207800.0,2025-05-14,-280.0
1,False,34.48275862068965,True,False,True,True,0.3093220570175968,298.0,298.0,2717230.0,2.71723,710.0,0.4197183098591549,-0.5845070422535211,-0.1973172078490525,5.1297671936985845,1.721398387147176,-0.0658307210031348,-0.12094395280235992,57.274697248136036,7.251862620377679,22.322359321200462,"fund_neg_eps,fund_low_adv20,fund_small_mcap",2,trend_break;di_bear,True,False,False,False,False,False,True,False,False,7837.T,,298.0,-1.509854587829964,0.7752664,-197.37,384.384,1233461376.0,,1747291200.0,1747291200.0,True,,,False,1747291200.0,2025-05-15,-279.0
5,False,73.77049180327869,True,False,True,False,0.38394974452151176,1915.0,1915.0,695211525.0,695.211525,1915.0,1.0,-0.36213823969083037,0.09500108546081254,56.880748876397185,2.970274092762255,0.0,0.0,23.26420663208971,34.825068136347895,15.518222731112635,,1,trend_break,True,False,False,False,False,False,False,False,False,7839.T,,1915.0,15.579239,3.2226145,122.92,594.238,98054463488.0,,,,True,,,True,,,
5,False,51.63043478260869,True,False,True,False,0.32927549470297135,1253.0,1253.0,48951010.0,48.95101,1368.0,0.9159356725146199,-0.13304093567251463,-0.027765419780116485,21.049668688131334,1.6799416351262038,-0.025660964230171057,-0.08406432748538006,30.179489608534723,25.04920894354156,24.46455689523975,fund_low_adv20,1,trend_break,True,False,False,False,False,False,False,False,False,7840.T,,1253.0,17.038345,1.0411803,73.54,1203.442,41815797760.0,,1754546400.0,1754978400.0,True,,,False,1754546400.0,2025-08-07,-219.0
3,False,54.23728813559322,True,False,True,False,0.587489524329902,1084.0,1084.0,15551470.0,15.55147,1337.0,0.8107703814510098,-0.2606954747308562,-0.08041154121889404,22.347210902220162,2.061550821238022,-0.009140767824497242,-0.10413223140495864,14.300682760903216,19.188687819368596,21.453733257180822,"fund_low_adv20,fund_small_mcap",1,trend_break,True,False,False,False,False,False,False,False,False,7841.T,,1084.0,15.85027,0.63678366,68.39,1702.305,9525565440.0,,1754289000.0,1754634600.0,True,,,False,1754289000.0,2025-08-04,-222.0
1,False,32.69230769230769,False,False,True,False,0.401658036091642,454.0,454.0,66509145.0,66.509145,599.5606689453125,0.7572211179206129,-0.2784332332643571,-0.09630402746915334,10.472788253026716,2.3067815535301137,-0.0828282828282828,-0.0828282828282828,9.421542835139139,22.256929951317904,21.33544905929455,"fund_low_adv20,fund_small_mcap",2,trend_break;trailing_stop,True,False,False,False,True,False,False,False,False,7844.T,,454.0,13.791009,0.9912491,32.92,458.008,27500214272.0,,1753768800.0,1754287200.0,True,,,False,1753768800.0,2025-07-29,-226.0
6,True,48.18577648766328,False,False,True,True,0.35174759053541554,4881.0,4881.0,435158275.0,435.158275,5099.0,0.9572465189252795,-0.20044629077995946,0.031217060593215384,93.1529994018718,1.9084818562153616,-0.019091639871382626,-0.019091639871382626,16.36344484701547,29.42231496879037,17.52989533574452,,0,,False,False,False,False,False,False,False,False,False,7846.T,,4881.0,15.393106,1.2497078,317.09,3905.713,171226218496.0,1785997800.0,1785997800.0,1785997800.0,True,,,True,1785997800.0,2026-08-06,41.0
5,False,48.51485148514851,True,False,True,False,0.5243680182302177,623.0,623.0,4430360.0,4.43036,668.7774658203125,0.9315505259075042,-0.23297204915263936,-0.0030267763892009025,13.851561834687134,2.2233646604634245,-0.01579778830963663,-0.037094281298299836,15.74079075099015,22.80988328260477,16.780636781692348,"fund_low_adv20,fund_small_mcap",1,trend_break,True,False,False,False,False,False,False,False,False,7847.T,,623.0,27.949753,1.938654,22.29,321.357,4040419840.0,,1744610400.0,1744610400.0,True,,,False,1744610400.0,2025-04-14,-302.0
0,False,17.1875,False,False,True,True,0.38113128915494676,3350.0,3350.0,8146525.0,8.146525,4465.2470703125,0.7502384408407552,-0.259868476447775,-0.1383928311864806,74.13117125338181,2.212870783683039,-0.06944444444444442,-0.19277108433734935,47.108291612215154,13.194350880521121,33.68810569595199,"fund_low_adv20,fund_small_mcap",2,trend_break;di_bear,True,False,False,False,False,False,True,False,False,7849.T,,3350.0,9.335377,1.2111168,358.85,2766.042,12738576384.0,,1754460000.0,1754978400.0,True,,,False,1754460000.0,2025-08-06,-220.0
3,False,64.75409836065573,False,False,True,True,0.28974831698759246,862.0,862.0,1027020.0,1.02702,939.1304321289062,0.9178703729639982,-0.1357894957811977,0.0006280788618369115,12.519361736224386,1.4523621503740587,-0.013729977116704761,-0.04008908685968815,19.90190603034606,38.5089762846652,19.350279747224224,"fund_low_adv20,fund_small_mcap",1,trend_break,True,False,False,False,False,False,False,False,False,7850.T,,862.0,11.902789,0.6731246,72.42,1280.595,2585472512.0,,1749711600.0,1749711600.0,True,,,False,1749711600.0,2025-06-12,-259.0
1,False,26.66666666666667,True,False,True,False,0.4697506222183153,160.0,160.0,5728075.0,5.728075,265.2289733886719,0.603252344401804,-0.396747655598196,-0.3112076088757476,4.711923873225302,2.944952420765814,-0.04761904761904767,-0.28196953840458694,29.123020123035587,15.863662971989065,31.11884907629614,"fund_low_adv20,fund_small_mcap",2,trend_break;di_bear,True,False,False,False,False,False,True,False,False,7851.T,,160.0,8.036162,0.30187368,19.91,530.023,750526208.0,,1754550000.0,1754895600.0,True,,,False,1754550000.0,2025-08-07,-219.0
7,True,45.08670520231214,True,False,True,True,0.4358990394504295,1658.0,1658.0,88945220.0,88.94522,1816.423095703125,0.9127829325238784,-0.1064857059793397,0.0074575646379013705,29.448750374677346,1.7761610599926023,-0.034362259755387314,-0.041216099264926975,21.317663143556043,20.243570691050852,22.617935337356148,"fund_low_adv20,fund_small_mcap",2,cross_sma25_down;di_bear,False,True,False,False,False,False,True,False,False,7856.T,,1658.0,17.269033,0.7516929,96.01,2205.688,23315173376.0,,1749448800.0,1749448800.0,True,,,False,1749448800.0,2025-06-09,-262.0
1,False,34.78260869565217,False,False,True,False,0.2241955288829821,1268.0,1268.0,1270815.0,1.270815,1400.0,0.9057142857142857,-0.09571428571428575,-0.044583821826510994,16.0852479216223,1.2685526752068061,-0.06074074074074076,-0.0942857142857143,28.99505640242659,12.608023894795616,48.18423177612553,"fund_low_adv20,fund_small_mcap",2,trend_break;di_bear,True,False,False,False,False,False,True,False,False,7857.T,,1268.0,20.872429,0.3257544,60.75,3892.503,5281781760.0,,1747290600.0,1747290600.0,True,,,False,1747290600.0,2025-05-15,-279.0
5,True,47.398843930635834,False,True,False,True,0.5211908590717057,269.0,269.0,194249505.0,194.249505,355.0,0.7577464788732394,-0.6203703630417796,0.2151881552861865,25.766464437086366,9.578611314901995,-0.14057507987220452,-0.24225352112676057,23.232679800217486,24.651478001246687,17.220663557600187,"fund_neg_eps,fund_low_adv20,fund_small_mcap",2,macd_sell_like;trailing_stop;ext_dev200,False,False,True,False,True,True,False,False,False,7859.T,,269.0,-11.466325660699061,0.6818793,-23.46,394.498,5389571072.0,,1747220340.0,1747220340.0,True,,,False,1747220340.0,2025-05-14,-280.0
4,False,48.7012987012987,False,False,True,False,0.17768460943591377,1189.0,1189.0,179711000.0,179.711,1279.53173828125,0.9292461956411819,-0.21209114772926663,-0.004895777717257133,20.441822650648295,1.7192449664128089,-0.016542597187758523,-0.023809523809523836,10.059266349977198,19.787384092800597,21.40504265342035,fund_low_adv20,1,trend_break,True,False,False,False,False,False,False,False,False,7860.T,,1189.0,14.217386,0.98002124,83.63,1213.239,50542571520.0,,1754460000.0,1754892000.0,True,,,False,1754460000.0,2025-08-06,-220.0
5,False,46.71052631578947,True,False,True,False,0.17708327032663634,955.0,955.0,2094195.0,2.094195,1026.5040283203125,0.9303421843971563,-0.24365869278524588,-0.013547918234201317,15.6922209928895,1.6431645018732461,-0.02051282051282055,-0.043086172344689366,27.970991655823983,37.91755240273515,27.1882547214023,"fund_low_adv20,fund_small_mcap",1,trend_break,True,False,False,False,False,False,False,False,False,7863.T,,955.0,14.555708,2.5472713,65.61,374.911,2745596416.0,,1746772200.0,1746772200.0,True,,,False,1746772200.0,2025-05-09,-283.0
3,False,50.0,False,False,True,True,0.4755336217919422,2611.0,2611.0,441626365.0,441.626365,3296.028076171875,0.7921655822278397,-0.24879280674219406,-0.07142506257006687,72.6844088201535,2.7837766687151855,-0.03044931303379128,-0.052268602540834874,11.603011042933426,27.162382102875394,24.41208940396675,,1,trend_break,True,False,False,False,False,False,False,False,False,7864.T,,2611.0,6.7380643,0.8636876,387.5,3023.084,139280826368.0,1778653800.0,1785997800.0,1785997800.0,True,,,True,1785997800.0,2026-08-06,41.0
0,False,14.0,False,True,False,False,0.505276131329183,351.0,351.0,3502185.0,3.502185,617.0,0.5688816855753647,-0.44758909853249473,-0.2094238479210776,6.386010945121359,1.8193763376414127,-0.11363636363636365,-0.16229116945107402,51.693360052968366,13.089006876884193,39.12400814647769,"fund_neg_eps,fund_low_adv20,fund_small_mcap",5,trend_break;trailing_stop;di_bear;vol_distribution;natr_spike,True,False,False,False,True,False,True,True,True,7865.T,,351.0,-22.5,0.68420255,-15.6,513.006,1342977920.0,,1756368000.0,1756713600.0,True,,,False,1756368000.0,2025-08-28,-204.0
3,False,51.87110187110187,False,False,True,False,0.34958818321982954,2908.0,2908.0,1993223040.0,1993.22304,3546.86669921875,0.8198785707510604,-0.462150818884952,-0.00015674552711586465,98.80896630582356,3.397832403914153,-0.08725674827369745,-0.08725674827369745,32.0008082822486,27.275879325223556,20.24246437599121,,3,trend_break;macd_sell_like;trailing_stop,True,False,True,False,True,False,False,False,False,7867.T,,2908.0,22.117434,2.2959974,131.48,1266.552,252657270784.0,1778567400.0,1785825000.0,1785825000.0,True,,,True,1785825000.0,2026-08-04,39.0
3,True,30.35714285714286,False,False,True,False,0.3139518666617304,513.0,513.0,2786935960.0,2786.93596,737.0,0.6960651289009498,-0.32428765264586157,0.07171173864596803,46.548142754778425,9.073712037968503,-0.30393487109905015,-0.30393487109905015,29.04904879969156,17.07742847140528,25.73486342792873,,3,trailing_stop;di_bear;natr_spike,False,False,False,False,True,False,True,False,True,7868.T,,513.0,15.996259,1.3462517,32.07,381.058,75857182720.0,,1747290600.0,1747290600.0,True,,,True,1747290600.0,2025-05-15,-279.0
1,False,32.33830845771145,False,False,True,True,0.18510310461476473,861.0,861.0,13398920.0,13.39892,1212.0,0.7103960396039604,-0.28960396039603964,-0.04512731618861732,32.5930603854522,3.7854890110862014,-0.1123711340206186,-0.28960396039603964,17.904082745012563,26.441957913283108,27.152273558460877,"fund_low_adv20,fund_small_mcap",2,trend_break;trailing_stop,True,False,False,False,True,False,False,False,False,7871.T,,861.0,10.12822,0.42705092,85.01,2016.153,17041292288.0,,1747119600.0,1747119600.0,True,,,False,1747119600.0,2025-05-13,-281.0
6,True,57.692307692307686,True,False,True,False,0.5879802072849937,596.0,596.0,2774520.0,2.77452,620.095703125,0.9611419608238395,-0.0964669302188198,0.028659810062120483,7.428811144706631,1.2464448229373541,-0.008319467554076532,-0.012963562332345524,15.337998027430135,17.372718701795566,18.530885890593023,"fund_low_adv20,fund_small_mcap",0,,False,False,False,False,False,False,False,False,False,7872.T,,596.0,135.45454,0.5358358,4.4,1112.281,6244631552.0,,1754463600.0,1754982000.0,True,,,False,1754463600.0,2025-08-06,-220.0
1,False,56.02409638554217,True,False,True,False,0.4281933044141108,938.0,938.0,96297710.0,96.29771,1221.279052734375,0.7680472353143787,-0.3012602368752805,-0.12840889121599652,29.00938541391023,3.092685012143948,-0.09371980676328506,-0.18998272884283252,43.133782273811235,24.389764070202705,27.312243669074938,fund_low_adv20,3,trend_break;trailing_stop;di_bear,True,False,False,False,True,False,True,False,False,7874.T,,938.0,10.361206,0.8149074,90.53,1151.051,30715136000.0,,1754551800.0,1754983800.0,True,,,False,1754551800.0,2025-08-07,-219.0
4,True,58.092485549132945,False,False,True,False,0.16160068151689963,713.0,713.0,22300330.0,22.30033,779.0,0.9152759948652118,-0.14804845222072682,0.22939876569375994,32.260282680760554,4.524583826193626,-0.08472400513478817,-0.08472400513478817,26.21947220642274,27.91574564547353,18.89639201241052,"fund_low_adv20,fund_small_mcap",2,macd_sell_like;trailing_stop;ext_dev200,False,False,True,False,True,True,False,False,False,7875.T,,713.0,10.675251,0.60051155,66.79,1187.321,11923753984.0,,1747197600.0,1747197600.0,True,,,False,1747197600.0,2025-05-14,-280.0
5,True,38.67403314917127,False,False,True,True,0.3959433930442083,1936.0,1936.0,1972160.0,1.97216,2246.653076171875,0.8617262809880714,-0.16165088671940497,0.06439917480975654,32.83834008508526,1.696195252328784,-0.043950617283950666,-0.10824504836480886,11.748031541887281,24.872435938315636,24.576487121650477,"fund_low_adv20,fund_small_mcap",0,,False,False,False,False,False,False,False,False,False,7877.T,,1936.0,7.3007016,0.3214204,265.18,6023.264,2381403904.0,,1747031400.0,1747031400.0,True,,,False,1747031400.0,2025-05-12,-282.0
1,False,61.935483870967744,True,False,True,True,0.5039404589046573,896.0,896.0,1635925.0,1.635925,1570.0,0.5707006369426751,-0.456687898089172,-0.1687484969217159,24.492762983873355,2.733567297307294,-0.0033370411568409697,-0.3581661891117478,30.54769314735765,25.174634491652213,29.42208749101504,"fund_low_adv20,fund_small_mcap",2,trend_break;di_bear,True,False,False,False,False,False,True,False,False,7878.T,,896.0,12.142567,1.1867644,73.79,754.994,1340777984.0,,1749812340.0,1749812340.0,True,,,False,1749812340.0,2025-06-13,-258.0
2,False,21.841959993559726,False,False,True,True,0.5740648734315749,639.0,639.0,8548860.0,8.54886,704.925537109375,0.9064787220225984,-0.37489563781665014,-0.04096555077594488,5.571802481156536,0.8719565698210542,-0.030184010162276453,-0.04296344697760901,38.87469810215146,6.73092455251445,30.5137771884104,"fund_neg_eps,fund_low_adv20,fund_small_mcap",2,trend_break;di_bear,True,False,False,False,False,False,True,False,False,7879.T,,639.0,-12.06798866855524,0.2885557,-52.95,2214.477,9357972480.0,,1752130800.0,1752476400.0,True,,,False,1752130800.0,2025-07-10,-239.0
5,True,64.70588235294119,False,False,True,False,0.249169560685007,381.0,381.0,3556105.0,3.556105,386.0,0.9870466321243523,-0.12051279767543022,0.07004993923020453,3.895865802885952,1.0225369561380453,-0.012953367875647714,-0.012953367875647714,50.912635121359635,37.656471855938044,12.462313179605358,"fund_low_adv20,fund_small_mcap",0,,False,False,False,False,False,False,False,False,False,7883.T,,381.0,12.806723,0.4200629,29.75,907.007,5917961728.0,,1746768600.0,1746768600.0,True,,,False,1746768600.0,2025-05-09,-283.0
4,True,46.21676891615542,False,False,True,False,0.37257897782356847,1063.0,1063.0,170598585.0,170.598585,1420.9044189453125,0.7481150637767934,-0.29974177943752645,0.1827798167838981,71.84907273197406,6.759084923045537,-0.17017954722872752,-0.17017954722872752,28.315506476351224,27.826866253139844,25.303691996279714,"fund_low_adv20,fund_small_mcap",2,macd_sell_like;trailing_stop;ext_dev200,False,False,True,False,True,True,False,False,False,7885.T,,1063.0,26.285856,0.49769434,40.44,2135.849,16180539392.0,,1753941600.0,1754287200.0,True,,,False,1753941600.0,2025-07-31,-224.0
1,False,50.0,False,True,False,False,0.3663766516824218,597.0,597.0,1778860.0,1.77886,1300.0,0.4592307692307692,-0.5938461538461539,-0.27396993724765284,31.0611351724832,5.202870213146265,-0.027687296416938123,-0.1997319034852547,13.804028653342817,26.38156431134164,23.199722211920633,"fund_neg_eps,fund_low_adv20,fund_small_mcap",2,trend_break;vol_distribution,True,False,False,False,False,False,False,True,False,7886.T,,597.0,-1.4142562717646223,1.2729048,-422.13,469.006,960786112.0,,1754546700.0,1754892300.0,True,,,False,1754546700.0,2025-08-07,-219.0
2,False,33.536585365853654,True,False,True,False,0.5233358083410461,1495.0,1495.0,22824680.0,22.82468,2434.744384765625,0.6140274968306016,-0.3880261068377281,-0.14292841925994781,56.99899056912476,3.812641509640452,-0.18306010928961747,-0.31713532541598743,49.07559942390996,11.353044614360616,43.11059098343617,"fund_low_adv20,fund_small_mcap",3,trend_break;trailing_stop;di_bear,True,False,False,False,True,False,True,False,False,7887.T,,1495.0,3.9518902,0.28508985,378.3,5243.961,7244702720.0,,1747292400.0,1747292400.0,True,,,False,1747292400.0,2025-05-15,-279.0
2,False,39.79400502268298,False,False,True,True,0.5955423228413929,766.0,766.0,109713365.0,109.713365,1067.4359130859375,0.7176074840741569,-0.28239251592584313,-0.12150257497503181,19.05930320239584,2.4881596869968456,-0.07772573744718292,-0.15749002576976834,34.724149524556054,12.349957710725105,34.07073176358953,"fund_low_adv20,fund_small_mcap",3,trend_break;macd_sell_like;di_bear,True,False,True,False,False,False,True,False,False,7888.T,,766.0,5.835301,0.64490056,131.27,1187.78,23350562816.0,,1752040800.0,1752472800.0,True,,,False,1752040800.0,2025-07-09,-240.0
1,False,32.3943661971831,False,False,True,False,0.27636865591553755,1038.0,1038.0,37512100.0,37.5121,1188.277587890625,0.8735332640941325,-0.20709279337794273,-0.06317217284305365,17.547628280785645,1.690522955759696,-0.06570657065706575,-0.09106830122591947,17.717145088084933,20.44130631086338,30.363735508872097,"fund_low_adv20,fund_small_mcap",1,trend_break,True,False,False,False,False,False,False,False,False,7893.T,,1038.0,12.472963,1.0968887,83.22,946.313,25591349248.0,,1753768800.0,1754287200.0,True,,,False,1753768800.0,2025-07-29,-226.0
2,False,35.294117647058826,False,False,True,True,0.48912593764833784,491.0,491.0,1047470.0,1.04747,562.0,0.8736654804270463,-0.12989323843416367,-0.04471470061978622,5.639732680563151,1.1486217272022712,-0.02385685884691846,-0.12633451957295372,20.265492811170287,20.63398043742975,30.57307116890722,"fund_neg_eps,fund_low_adv20,fund_small_mcap",2,trend_break;di_bear,True,False,False,False,False,False,True,False,False,7896.T,,491.0,-17.125915591210322,0.45434272,-28.67,1080.682,2191546624.0,,1745986800.0,1745986800.0,True,,,False,1745986800.0,2025-04-30,-290.0
0,False,33.33333333333333,False,False,False,False,0.3418039769181931,97.0,97.0,25293540.0,25.29354,138.36448669433594,0.7010469399874611,-0.29895306001253885,-0.12602089175102904,2.222049033062508,2.2907721990335137,-0.058252427184465994,-0.10138527070078329,22.780734147862237,18.523098025246558,23.272741372365378,"fund_neg_eps,fund_low_adv20,fund_small_mcap",3,trend_break;macd_sell_like;di_bear,True,False,True,False,False,False,True,False,False,7897.T,,97.0,-100.0,0.5037888,-0.97,192.541,2750153472.0,,1753342200.0,1753687800.0,True,,,False,1753342200.0,2025-07-24,-229.0
2,False,57.971014492753625,True,False,True,True,0.4902633870728895,872.0,872.0,10529810.0,10.52981,1103.595947265625,0.7901442571989782,-0.22616606003678053,-0.06109991018908123,16.82392521842026,1.9293492222959014,-0.020224719101123556,-0.16342073738509721,39.07557076211515,12.151143739607182,26.278806299084312,"fund_neg_eps,fund_low_adv20,fund_small_mcap",2,trend_break;di_bear,True,False,False,False,False,False,True,False,False,7898.T,,872.0,-5.571528975784295,0.18288879,-156.51,4767.925,8116969472.0,,1754375400.0,1754980200.0,True,,,False,1754375400.0,2025-08-05,-221.0
0,False,15.83710407239819,False,False,True,True,0.3759451025699894,784.0,784.0,12053150.0,12.05315,2323.0,0.3374946190271201,-0.6625053809728799,-0.19187754470958096,40.071653232049485,5.111180259189985,-0.17647058823529416,-0.4566874566874567,17.656661881207636,21.90850068692173,29.215234824711278,"fund_neg_eps,fund_low_adv20,fund_small_mcap",3,trend_break;macd_sell_like;trailing_stop,True,False,True,False,True,False,False,False,False,7901.T,,784.0,-2.062506576870462,1.5019071,-380.12,522.003,887534272.0,,1741933800.0,1741933800.0,True,,,False,1741933800.0,2025-03-14,-323.0
3,True,26.780626780626775,False,False,True,True,0.2705160196817139,1010.0,1010.0,5123205.0,5.123205,1383.0,0.7302964569775849,-0.28199566160520606,0.008932278818677641,46.53418340965478,4.6073448920450275,-0.21216848673946953,-0.26970354302241506,27.85265365764063,16.471393490561855,30.54082847685271,"fund_low_adv20,fund_small_mcap",2,trailing_stop;di_bear,False,False,False,False,True,False,True,False,False,7902.T,,1010.0,12.051068,0.39322117,83.81,2568.529,3674731520.0,,1747031400.0,1747031400.0,True,,,False,1747031400.0,2025-05-12,-282.0
2,False,36.13013698630137,True,False,True,True,0.5293188908837814,2375.0,2375.0,1431843280.0,1431.84328,4432.98291015625,0.5357566334304429,-0.4897341032338266,-0.3001631364475911,108.41240237433544,4.564732731550966,-0.06753042795445618,-0.31570605832972765,35.07252686839449,13.783143978563375,28.46159931864531,,2,trend_break;di_bear,True,False,False,False,False,False,True,False,False,7906.T,,2375.0,17.62131,2.5242863,134.78,940.86,203184930816.0,1778567400.0,1786084200.0,1786084200.0,True,,,True,1786084200.0,2026-08-07,42.0
1,False,48.21428571428571,False,False,True,True,0.39753452322944377,222.0,222.0,35764025.0,35.764025,295.57196044921875,0.7510861303034226,-0.31378757780922295,-0.12955245416149597,7.047777637742343,3.17467461159565,-0.0901639344262295,-0.20659919620476197,19.363010334203473,19.922275125390478,24.642662991425045,"fund_low_adv20,fund_small_mcap",2,trend_break;trailing_stop,True,False,False,False,True,False,False,False,False,7908.T,,222.0,17.605076,0.5162971,12.61,429.985,9693831168.0,,1753693200.0,1754038800.0,True,,,False,1753693200.0,2025-07-28,-227.0
2,False,35.12836568566061,False,False,True,False,0.25711562690457584,3967.0,3967.0,9120736365.0,9120.736365,5784.6318359375,0.6857826241170072,-0.3142173758829928,-0.09873831916468567,222.88832215623103,5.618561183671062,-0.2615413253909159,-0.28470970068517854,15.66361080810675,18.141824666599117,34.41453032983756,,3,trend_break;macd_sell_like;trailing_stop,True,False,True,False,True,False,False,False,False,7911.T,,3967.0,17.473461,0.83642113,227.03,4742.826,1125177098240.0,1778740200.0,1785997800.0,1785997800.0,True,,,True,1785997800.0,2026-08-06,41.0
1,False,34.83670295489891,False,False,True,False,0.327292772895422,2543.5,2543.5,6899389672.5,6899.3896725,3272.044189453125,0.7773428024592508,-0.2295340613968173,-0.06958690521687472,96.4022080222365,3.7901398868581286,-0.12594501718213058,-0.22074142156862742,25.43526565843426,13.95202326520045,30.702414667416406,,4,trend_break;macd_sell_like;trailing_stop;di_bear,True,False,True,False,True,False,True,False,False,7912.T,,2543.5,10.802718,0.92175204,235.45,2759.419,1093679710208.0,1786084200.0,1786084200.0,1786084200.0,True,,,True,1786084200.0,2026-08-07,42.0
5,True,55.74712643678161,False,False,True,True,0.5745402829865105,1541.0,1541.0,126857825.0,126.857825,1715.01708984375,0.8985333202367073,-0.1416995149977721,0.010108202221018825,30.28095178478581,1.9650195836979758,-0.007726980038634923,-0.05575980392156865,12.711683484339737,22.58426627166696,19.98243738930044,fund_low_adv20,0,,False,False,False,False,False,False,False,False,False,7914.T,,1541.0,10.921332,0.655284,141.1,2351.652,42602921984.0,,1754373600.0,1754978400.0,True,,,False,1754373600.0,2025-08-05,-221.0
5,True,22.1105527638191,False,False,True,True,0.39250130419791046,1416.0,1416.0,433440080.0,433.44008,1687.0,0.8393598103141672,-0.42253899198673905,0.07198443499129503,56.63972482170003,3.9999805665042394,-0.16064018968583282,-0.16064018968583282,29.38535086317762,18.03523703375839,29.261264633935042,,3,macd_sell_like;trailing_stop;di_bear,False,False,True,False,True,False,True,False,False,7915.T,,1416.0,66.950356,0.7527031,21.15,1881.22,67137441792.0,1778567400.0,1785997800.0,1785997800.0,True,,,True,1785997800.0,2026-08-06,41.0
6,True,47.63779527559055,False,False,True,False,0.4574222423025926,1840.0,1840.0,1259485.0,1.259485,1999.0,0.9204602301150575,-0.19098830859738725,0.06801541780325349,28.541442841453506,1.5511653718181253,-0.05154639175257736,-0.07953976988494249,14.965554102183871,48.40644259953039,39.404375789880945,"fund_low_adv20,fund_small_mcap",0,,False,False,False,False,False,False,False,False,False,7916.T,,1840.0,15.972222,0.3096588,115.2,5942.024,5636409344.0,,1754550000.0,1754895600.0,True,,,False,1754550000.0,2025-08-07,-219.0
5,True,41.116751269035525,False,False,True,True,0.2946615134425033,1229.0,1229.0,195056430.0,195.05643,1521.2401123046875,0.8078935008741375,-0.19210649912586253,0.030700951752544947,38.661791706740026,3.145792653111475,-0.05606758832565284,-0.1441504178272981,7.624995955981353,20.71858173200085,27.4915256740211,fund_low_adv20,1,macd_sell_like,False,False,True,False,False,False,False,False,False,7917.T,,1229.0,11.684731,0.924752,105.18,1329.005,87935352832.0,,1754377200.0,1754982000.0,True,,,False,1754377200.0,2025-08-05,-221.0
2,False,42.857142857142854,False,False,True,True,0.38835623123799595,103.0,103.0,3652015.0,3.652015,125.0,0.824,-0.25899280575539574,-0.07357438388199322,1.2278566527239454,1.1920938375960635,-0.01904761904761909,-0.17600000000000005,31.772568609104578,5.087032821461147,10.63155623487338,"fund_neg_eps,fund_low_adv20,fund_small_mcap",2,trend_break;di_bear,True,False,False,False,False,False,True,False,False,7918.T,,103.0,-9.17186108637578,3.7929003,-11.23,27.156,4699445248.0,,1754290800.0,1754636400.0,True,,,False,1754290800.0,2025-08-04,-222.0
4,False,50.0,True,False,True,True,0.49562316169585635,190.0,190.0,2177285.0,2.177285,216.7142791748047,0.8767304153813668,-0.13711269644044422,-0.0347707743006449,3.064857127817195,1.613082698851155,-0.020618556701030966,-0.10306842850339948,34.46039627947947,11.379237414544551,21.946841169855865,"fund_low_adv20,fund_small_mcap",2,trend_break;di_bear,True,False,False,False,False,False,True,False,False,7919.T,,190.0,8.57014,0.6642706,22.17,286.028,3067425280.0,,1745388000.0,1745388000.0,True,,,False,1745388000.0,2025-04-23,-295.0
2,False,45.27184730403379,True,True,False,False,0.6363209107041075,3070.0,3070.0,102179730.0,102.17973,4653.75,0.6596830513027129,-0.3860864893902767,-0.21443495093921305,83.30145642042068,2.713402489264517,-0.06141042812281483,-0.21153750412423666,56.718095377240445,21.724116194350334,32.141534295719346,fund_low_adv20,2,trend_break;di_bear,True,False,False,False,False,False,True,False,False,7921.T,,3070.0,9.587459,1.3015082,320.21,2358.802,39626612736.0,,1751868000.0,1752213600.0,True,,,False,1751868000.0,2025-07-07,-242.0
2,True,20.0,False,False,True,True,0.4937745688935097,717.0,717.0,6011815.0,6.011815,897.0,0.7993311036789298,-0.2006688963210702,0.2956621520279734,2.3140565021194472,0.3227414926247486,-0.004166666666666652,-0.2006688963210702,7.753501050320296,23.11127686469257,33.263961626581015,"fund_low_adv20,fund_small_mcap",0,ext_dev200,False,False,False,False,False,True,False,False,False,7922.T,,717.0,48.478703,0.61856633,14.79,1159.132,5550296064.0,,1747288800.0,1747288800.0,True,,,False,1747288800.0,2025-05-15,-279.0
4,True,27.702702702702695,False,False,True,True,0.450914586953635,2153.0,2153.0,71660165.0,71.660165,2380.330810546875,0.9044961273703607,-0.19464975561124875,0.11680307612211083,52.8488492872847,2.4546609051223736,-0.07278208440999134,-0.07278208440999134,22.04829735076184,18.379399397460716,26.638814056864074,"fund_low_adv20,fund_small_mcap",2,macd_sell_like;di_bear,False,False,True,False,False,False,True,False,False,7927.T,,2153.0,7.527972,0.7137946,286.0,3016.274,14954707968.0,,1747118400.0,1747118400.0,True,,,False,1747118400.0,2025-05-13,-281.0
6,True,37.93103448275862,True,False,False,True,0.4439988492848544,603.0,603.0,1469170.0,1.46917,640.0,0.9421875,-0.0988789401204575,0.010059218776843126,5.027838096665219,0.8338039961302187,-0.011475409836065542,-0.057812500000000044,9.339292183661954,17.465624312661625,16.29276435742612,"fund_low_adv20,fund_small_mcap",0,,False,False,False,False,False,False,False,False,False,7928.T,,603.0,25.251257,0.3282608,23.88,1836.954,1832680448.0,,1752130800.0,1752476400.0,True,,,False,1752130800.0,2025-07-10,-239.0
1,False,45.45454545454545,False,True,False,True,0.4627182703883306,2982.0,2982.0,139091355.0,139.091355,3874.9638671875,0.7695555628920935,-0.266057672412772,-0.10306839915038868,82.88691916768978,2.7795747541143454,-0.05182829888712237,-0.09223744292237446,15.722442062991833,19.28901951979288,23.83261675493942,fund_low_adv20,3,trend_break;macd_sell_like;vol_distribution,True,False,True,False,False,False,False,True,False,7931.T,,2982.0,10.2579975,0.8691668,290.7,3430.872,48194428928.0,,1753164000.0,1753682400.0,True,,,False,1753164000.0,2025-07-22,-231.0
2,False,33.606557377049185,False,False,True,False,0.5343177251576536,11430.0,11430.0,98202900.0,98.2029,13886.34375,0.8231108350605248,-0.18625088047384686,-0.06456926510310412,238.07611537388573,2.0829056463157105,-0.060032894736842146,-0.1374127837177701,24.001013708207335,15.559280095516387,25.716308522646976,fund_low_adv20,2,trend_break;di_bear,True,False,False,False,False,False,True,False,False,7932.T,,11430.0,12.176025,0.780878,938.73,14637.37,32003211264.0,,1747290600.0,1747290600.0,True,,,False,1747290600.0,2025-05-15,-279.0
6,True,44.54828660436137,False,False,False,True,0.23040665903415727,4380.0,4380.0,16665343110.0,16665.34311,4896.0,0.8946078431372549,-0.15806836231486332,0.05989761171472696,193.00984595216315,4.406617487492309,-0.09560189964897792,-0.10539215686274506,11.230344956387276,21.787489610152573,20.019963840768984,,2,macd_sell_like;trailing_stop,False,False,True,False,True,False,False,False,False,7936.T,,4380.0,31.716146,9.815588,138.1,446.229,3105034338304.0,1786689000.0,1786689000.0,1786689000.0,True,,,True,1786689000.0,2026-08-14,47.0
4,True,44.69453376205788,False,False,False,True,0.4684616918425219,2619.0,2619.0,56280905.0,56.280905,3326.8525390625,0.7872305637983067,-0.2127694362016933,0.005785601981892485,80.14836353459157,3.060265885245955,-0.09689655172413791,-0.1802690371877378,26.95548314652144,13.298549311016975,29.088208228792485,fund_low_adv20,3,macd_sell_like;trailing_stop;di_bear,False,False,True,False,True,False,True,False,False,7937.T,,2619.0,11.092757,0.5837924,236.1,4486.184,40926171136.0,,1754542800.0,1754888400.0,True,,,False,1754542800.0,2025-08-07,-219.0
1,False,32.37410071942446,False,True,False,False,0.596144922758822,2071.0,2071.0,6451135.0,6.451135,2399.64306640625,0.8630450207336744,-0.15435172421748666,-0.10184327521140657,26.239226205205888,1.2669833995753688,-0.029976580796252983,-0.12636984636628712,40.28027435051608,11.86089138601762,28.92681046973424,"fund_low_adv20,fund_small_mcap",3,trend_break;di_bear;vol_distribution,True,False,False,False,False,False,True,True,False,7938.T,,2071.0,25.988203,0.4539932,79.69,4561.742,6171538432.0,,1747031400.0,1747031400.0,True,,,False,1747031400.0,2025-05-12,-282.0
7,True,46.3768115942029,True,False,True,True,0.48837816407932005,569.0,569.0,592170.0,0.59217,615.5782470703125,0.9243341568809655,-0.09678419819715844,0.013951155988126906,9.926779860892513,1.7446010300338335,-0.01043478260869568,-0.06541177989683589,17.12885402952537,31.016330216206367,16.680246558567188,"fund_low_adv20,fund_small_mcap",0,,False,False,False,False,False,False,False,False,False,7939.T,,569.0,10.425064,2.5785458,54.58,220.667,2159152896.0,,1746759600.0,1746759600.0,True,,,False,1746759600.0,2025-05-09,-283.0
4,True,46.15384615384615,False,False,True,True,0.5837322388047603,1046.0,1046.0,160085540.0,160.08554,1364.0,0.7668621700879765,-0.24780058651026393,0.006887456742824982,7.39277752265241,0.7067664935614159,-0.004757373929590858,-0.035055350553505504,10.760996800791714,21.12682400959643,23.449892135887435,"fund_low_adv20,fund_small_mcap",1,rsi_reversal,False,False,False,True,False,False,False,False,False,7940.T,,1046.0,29.242382,0.5310251,35.77,1969.775,8833600512.0,,1753770600.0,1754289000.0,True,,,False,1753770600.0,2025-07-29,-226.0
5,True,45.2887537993921,False,False,True,True,0.48913773638423086,2537.0,2537.0,108246520.0,108.24652,2855.376220703125,0.8884993793831042,-0.20500843862844054,0.11641364981381352,64.07748115180257,2.5257186106347094,-0.026103646833013472,-0.0279693486590038,17.18132016241164,19.978048845305292,19.752389543480064,fund_low_adv20,2,cross_sma25_down;macd_sell_like,False,True,True,False,False,False,False,False,False,7942.T,,2537.0,10.06786,0.61205965,251.99,4145.021,66487545856.0,,1753768800.0,1754287200.0,True,,,False,1753768800.0,2025-07-29,-226.0
2,False,56.53153153153153,True,False,True,True,0.5196072344658352,2973.0,2973.0,237501300.0,237.5013,3651.50537109375,0.8141847533718636,-0.22388173862904093,-0.03259892802508102,77.41992427155367,2.6041010518517886,-0.012292358803986714,-0.13323615160349855,30.854317475523963,21.970069375901204,28.005386421248712,,2,trend_break;di_bear,True,False,False,False,False,False,True,False,False,7943.T,,2973.0,40.13229,0.8114143,74.08,3663.973,98715049984.0,,1753773600.0,1754292000.0,True,,,True,1753773600.0,2025-07-29,-226.0
4,True,34.66666666666667,False,False,True,False,0.22972717731626044,4320.0,4320.0,559863775.0,559.863775,4630.0,0.9330453563714903,-0.2280185567480143,0.1574296161129567,137.58676612992886,3.1848788456002053,-0.06695464362850967,-0.06695464362850967,15.307357909636238,19.194500147733155,24.581039604545207,,1,macd_sell_like,False,False,True,False,False,False,False,False,False,7944.T,,4320.0,53.103874,2.7734656,81.35,1557.618,113941741568.0,,1754373600.0,1754892000.0,True,,,True,1754373600.0,2025-08-05,-221.0
1,False,43.24324324324324,False,False,True,True,0.4348947578316282,371.0,371.0,4912630.0,4.91263,3781.4462890625,0.0981106094440862,-0.9085006176074021,-0.7460368189389535,18.12574008970124,4.8856442290299835,-0.1471264367816092,-0.5371346113575358,9.023037589789395,29.638682563525325,34.08208135645807,"fund_low_adv20,fund_small_mcap",2,trend_break;trailing_stop,True,False,False,False,True,False,False,False,False,7946.T,,371.0,11.62645,0.52880716,31.91,701.579,917794624.0,,1747638000.0,1747638000.0,True,,,False,1747638000.0,2025-05-19,-277.0
3,False,63.06695464362851,True,False,False,True,0.3509348886134288,2456.0,2456.0,575646350.0,575.64635,2855.81396484375,0.8599999965804408,-0.2600701482311376,-0.022749884790234653,56.12430974551319,2.285191764882459,0.0,-0.007275666936135794,25.215776884124413,28.642888948302687,12.374732911504742,,1,trend_break,True,False,False,False,False,False,False,False,False,7947.T,,2456.0,13.35581,1.207916,183.89,2033.254,198633357312.0,1777530600.0,1785393000.0,1785393000.0,True,,,True,1785393000.0,2026-07-30,36.0
3,False,56.611570247933884,True,False,True,True,0.5639482342733934,2440.0,2440.0,161885715.0,161.885715,2987.035888671875,0.8168633022634678,-0.20188438008356258,-0.05720131313892829,42.39951955058208,1.737685227482872,-0.025559105431309903,-0.10472720275802616,15.389009819739771,23.636726184032952,22.469937559487818,fund_low_adv20,1,trend_break,True,False,False,False,False,False,False,False,False,7949.T,,2440.0,14.071511,1.0946425,173.4,2229.038,42946109440.0,,1753250400.0,1753682400.0,True,,,False,1753250400.0,2025-07-23,-230.0
5,True,47.04684317718941,False,False,True,True,0.21483462170631912,1099.0,1099.0,2344960295.0,2344.960295,1215.5,0.9041546688605512,-0.25340602384707855,0.01901114506682866,32.20151112660829,2.930073805878825,-0.049307958477508684,-0.09584533113944882,15.185195168585365,17.87095154669414,27.877137319933272,,1,macd_sell_like,False,False,True,False,False,False,False,False,False,7951.T,,1099.0,20.865768,1.0106611,52.67,1087.407,483446751232.0,1778481000.0,1785479400.0,1785479400.0,True,,,True,1785479400.0,2026-07-31,37.0
4,True,58.014354066985646,False,False,True,False,0.2659921838570838,3095.0,3095.0,90021070.0,90.02107,3300.0,0.9378787878787879,-0.2428649665722662,0.15292131124703934,107.74558895179204,3.4812791260675944,-0.06212121212121213,-0.06212121212121213,22.30236130245195,25.795287384976245,16.606237415630805,"fund_low_adv20,fund_small_mcap",1,macd_sell_like,False,False,True,False,False,False,False,False,False,7952.T,,3095.0,23.31977,0.56956863,132.72,5433.937,26624487424.0,,1754373600.0,1754978400.0,True,,,False,1754373600.0,2025-08-05,-221.0
4,False,35.0,False,False,True,True,0.4132444027244397,379.0,379.0,11188640.0,11.18864,402.6750183105469,0.9412056441696404,-0.0670037377321715,-0.007904153299586048,3.6940566362925287,0.9746851283093744,-0.02067183462532296,-0.040506329113924044,19.812354090105863,12.434766130091718,11.31870823034462,"fund_low_adv20,fund_small_mcap",1,trend_break,True,False,False,False,False,False,False,False,False,7953.T,,379.0,17.603344,0.46470055,21.53,815.579,4752029184.0,,1747188000.0,1747188000.0,True,,,False,1747188000.0,2025-05-14,-280.0
5,True,52.0,False,False,True,True,0.4425482869255866,873.0,873.0,59074315.0,59.074315,1069.391357421875,0.8163522118830828,-0.19393401300891489,0.025703619692460267,27.74571160527863,3.1782029330216073,-0.08008429926238148,-0.1518015222849075,11.239427355308017,23.784794155803112,27.17639044384148,fund_low_adv20,2,macd_sell_like;trailing_stop,False,False,True,False,True,False,False,False,False,7955.T,,873.0,9.025121,0.5093411,96.73,1713.979,30786113536.0,,1754287200.0,1754632800.0,True,,,False,1754287200.0,2025-08-04,-222.0
5,True,71.47147147147147,True,False,False,False,0.44842392141672355,1984.0,1984.0,2285397510.0,2285.39751,1984.0,1.0,-0.15943196059801112,0.17468490078086618,47.41958957030055,2.3901002807611165,0.0,0.0,32.30369716251509,35.62133085411745,12.456886659734336,,0,,False,False,False,False,False,False,False,False,False,7956.T,,1984.0,27.694025,2.9089031,71.64,682.044,237375356928.0,1778740200.0,1785997800.0,1785997800.0,True,,,True,1785997800.0,2026-08-06,41.0
5,True,61.22448979591836,False,False,True,False,0.27233911007650824,1645.0,1645.0,7607920.0,7.60792,1731.177490234375,0.9502203033943631,-0.20458762445347234,0.12184575841164103,36.30094140688731,2.2067441584733927,-0.027202838557066844,-0.027202838557066844,29.05792369150678,31.616653833211018,22.165953666358522,"fund_neg_eps,fund_low_adv20,fund_small_mcap",1,macd_sell_like,False,False,True,False,False,False,False,False,False,7957.T,,1645.0,-0.932190903630161,0.3144793,-1764.66,5230.869,2519584000.0,,1754546400.0,1754978400.0,True,,,False,1754546400.0,2025-08-07,-219.0
3,False,70.14925373134328,False,False,True,False,0.1537240333709781,819.0,819.0,38230750.0,38.23075,876.5980834960938,0.9342936237478662,-0.09878881225785796,-0.003423634646060991,6.826292298061734,0.8334911230844608,-0.012062726176115812,-0.012062726176115812,27.950618943126937,38.81422338811182,10.992845699733314,"fund_low_adv20,fund_small_mcap",2,trend_break;rsi_reversal,True,False,False,True,False,False,False,False,False,7962.T,,819.0,43.70331,0.9135466,18.74,896.506,23063166976.0,,1753858800.0,1754290800.0,True,,,False,1753858800.0,2025-07-30,-225.0
1,False,26.58959537572254,False,False,True,True,0.33125370572603696,1705.0,1705.0,23727915.0,23.727915,2163.0,0.7882570503929727,-0.21174294960702733,-0.07523965198555982,50.53923780311101,2.9641781702704404,-0.09836065573770492,-0.15552253590886578,18.304901017984974,16.296809925878442,32.378082330929125,"fund_low_adv20,fund_small_mcap",2,trend_break;trailing_stop,True,False,False,False,True,False,False,False,False,7963.T,,1705.0,9.485924,0.6088403,179.74,2800.406,8249932288.0,,1754287200.0,1754632800.0,True,,,False,1754287200.0,2025-08-04,-222.0
0,False,22.5,False,False,True,True,0.385470123842688,1407.0,1407.0,255897295.0,255.897295,1851.1634521484375,0.7600625424875654,-0.2725216508603555,-0.10932023848393735,34.697986206128135,2.4660971006487657,-0.13194948560402975,-0.17700398204854328,35.146255458949184,13.008010387785829,33.45470791949012,,3,trend_break;trailing_stop;di_bear,True,False,False,False,True,False,True,False,False,7965.T,,1407.0,15.253686,0.9876935,92.24,1424.531,89337896960.0,1782714600.0,1782714600.0,1782714600.0,True,,,True,1782714600.0,2026-06-29,13.0
5,True,57.14285714285714,False,True,False,True,0.36799763820675824,5540.0,5540.0,1421510200.0,1421.5102,5910.0,0.937394247038917,-0.1917504503090557,0.2581833027348681,217.33782853476424,3.923065497017405,-0.06260575296108295,-0.06260575296108295,21.743860690166112,25.973307232296396,22.800528327910065,,1,macd_sell_like;ext_dev200,False,False,True,False,False,True,False,False,False,7966.T,,5540.0,20.935682,1.4089246,264.62,3932.077,362767122432.0,1778221800.0,1785997800.0,1785997800.0,True,,,True,1785997800.0,2026-08-06,41.0
6,True,46.136865342163354,False,False,True,True,0.20491791049013844,2199.0,2199.0,341787940.0,341.78794,2384.0,0.9223993288590604,-0.12714641767230161,0.10089490083106534,71.0966544908624,3.2331357203666395,-0.0776006711409396,-0.0776006711409396,15.704327404583053,23.162789482884854,26.436908339891502,,1,macd_sell_like,False,False,True,False,False,False,False,False,False,7970.T,,2199.0,18.783634,1.3642412,117.07,1611.885,176737419264.0,1777271400.0,1785133800.0,1785133800.0,True,,,True,1785133800.0,2026-07-27,33.0
2,False,55.445544554455445,True,False,True,True,0.6297630381912642,610.0,610.0,94677485.0,94.677485,780.901611328125,0.7811483433393579,-0.2495853619723546,-0.05919571611131336,13.049983087222722,2.139341489708643,-0.016129032258064502,-0.12107224851828513,31.4396979756801,18.431864215827524,23.961766057250323,fund_low_adv20,2,trend_break;di_bear,True,False,False,False,False,False,True,False,False,7971.T,,610.0,7.938574,0.7088325,76.84,860.57,34614444032.0,,1753765200.0,1754283600.0,True,,,False,1753765200.0,2025-07-29,-226.0
3,False,35.60209424083769,True,False,True,True,0.5295265327850889,2408.0,2408.0,694313120.0,694.31312,3680.0,0.6543478260869565,-0.35624999999999996,-0.1025181239580989,93.9102026893096,3.8999253608517277,-0.13660810326281825,-0.31881188118811876,30.96390249211844,16.40095500156722,32.91058293190318,,3,trend_break;trailing_stop;di_bear,True,False,False,False,True,False,True,False,False,7972.T,,2408.0,12.66835,2.0144947,190.08,1195.337,119124090880.0,,1754287200.0,1754632800.0,True,,,True,1754287200.0,2025-08-04,-222.0
1,False,48.597242035187826,False,True,False,False,0.42100515389686566,7215.0,7215.0,79155920485.0,79155.920485,14327.0712890625,0.5035921057716827,-0.520906969644237,-0.3133882705877361,313.94599120191407,4.351295789354318,-0.06758852416645122,-0.28020564550895755,21.50785598885918,19.35818936759762,27.288884003307956,,3,trend_break;di_bear;vol_distribution,True,False,False,False,False,False,True,True,False,7974.T,,7215.0,19.796412,2.815704,364.46,2562.414,8317660823552.0,1785997800.0,1785997800.0,1785997800.0,True,,,True,1785997800.0,2026-08-06,41.0
1,False,19.594594594594597,False,False,True,False,0.4171096861477924,1078.0,1078.0,2926180.0,2.92618,1322.0,0.8154311649016641,-0.19742813918305602,-0.09187658465382942,14.707814940995972,1.3643613117807023,-0.10166666666666668,-0.10687655343827673,39.18361037738115,14.494986599991247,38.70022946851734,"fund_low_adv20,fund_small_mcap",3,trend_break;trailing_stop;di_bear,True,False,False,False,True,False,True,False,False,7975.T,,1078.0,54.41696,0.33317623,19.81,3235.525,3657608704.0,,1743748200.0,1743748200.0,True,,,False,1743748200.0,2025-04-04,-308.0
5,True,44.8512585812357,False,False,False,True,0.21231761476877953,2540.0,2540.0,200969755.0,200.969755,2642.0,0.9613928841786525,-0.2571080130102007,0.12380343294958274,62.294759345395505,2.452549580527382,-0.03860711582134746,-0.03860711582134746,22.651573210198368,21.70746042209967,24.116988951376168,,1,di_bear,False,False,False,False,False,False,True,False,False,7976.T,,2540.0,22.237787,0.97814125,114.22,2596.762,137390727168.0,1785393000.0,1785393000.0,1785393000.0,True,,,True,1785393000.0,2026-07-30,36.0
3,False,87.95811518324608,True,True,False,False,0.22127516247883156,2087.0,2087.0,240731945.0,240.731945,2087.0,1.0,-0.29276056127312355,0.15387343370324813,53.18387691303073,2.54834101164498,0.0,0.0,42.542024711304265,47.539898466363404,5.868803862462812,,2,trend_break;rsi_reversal,True,False,False,True,False,False,False,False,False,7979.T,,2087.0,15.246931,1.5284473,136.88,1365.438,74274914304.0,,1753943400.0,1754289000.0,True,,,True,1753943400.0,2025-07-31,-224.0
1,False,16.981132075471706,False,False,True,True,0.36339942369467887,804.0,804.0,33136120.0,33.13612,1326.1270751953125,0.6062767400187395,-0.3967395621704084,-0.037516595924198315,27.652985714184943,3.4394260838538484,-0.20396039603960392,-0.2132420238594379,17.234418290845024,21.35591666539119,27.718111501729236,"fund_low_adv20,fund_small_mcap",2,trend_break;trailing_stop,True,False,False,False,True,False,False,False,False,7980.T,,804.0,8.139299,0.6059921,98.78,1326.75,5717536768.0,,1746775800.0,1746775800.0,True,,,False,1746775800.0,2025-05-09,-283.0
5,True,57.594936708860764,False,False,True,True,0.4151633770407781,2944.0,2944.0,329353290.0,329.35329,3210.0,0.9171339563862928,-0.12276266712563166,0.07474181995248763,73.05364476836414,2.4814417380558473,-0.02029950083194676,-0.0828660436137072,22.337191356161085,29.161311293252616,17.751659596038305,,1,macd_sell_like,False,False,True,False,False,False,False,False,False,7981.T,,2944.0,12.694033,0.9481949,231.92,3104.847,186152435712.0,1777530600.0,1777530600.0,1777530600.0,True,,,True,1777530600.0,2026-04-30,-29.0
0,False,33.15217391304347,False,True,False,False,0.4917115600169463,1055.0,1055.0,2062460.0,2.06246,1556.144775390625,0.6779574861440336,-0.3246129687797352,-0.11862697658236998,20.36184663382823,1.930032856287036,-0.06471631205673756,-0.10427085459066676,25.44840436495442,16.084434616900374,38.01211343254874,"fund_neg_eps,fund_low_adv20,fund_small_mcap",2,trend_break;di_bear,True,False,False,False,False,False,True,False,False,7983.T,,1055.0,-1.2324190458389794,0.26918483,-856.04,3919.24,3097539072.0,,1749537000.0,1749537000.0,True,,,False,1749537000.0,2025-06-10,-261.0
2,False,60.973100910915754,True,False,True,True,0.42497590417679726,814.2000122070312,814.2000122070312,909011438.0697632,909.0114380697631,962.7999877929688,0.8456585194536884,-0.18664313926608833,-0.0715644672336353,16.48825651743235,2.025086744071405,-0.008403316994355592,-0.10241424967396551,21.792941085065383,22.564065134322227,24.401063922213773,,2,trend_break;di_bear,True,False,False,False,False,False,True,False,False,7984.T,,814.2,16.860634,1.3611401,48.29,598.175,345780387840.0,1785479400.0,1785479400.0,1785479400.0,True,,,True,1785479400.0,2026-07-31,37.0
1,False,38.29787234042553,False,False,True,True,0.5710716094577235,810.0,810.0,866720.0,0.86672,2039.730712890625,0.39711124359749445,-0.6077913643481536,-0.4222059019283153,17.060089519654035,2.106183891315313,-0.08680947012401352,-0.49625703135153787,51.51309257072721,16.097452794192293,49.68659840596433,"fund_neg_eps,fund_low_adv20,fund_small_mcap",3,trend_break;trailing_stop;di_bear,True,False,False,False,True,False,True,False,False,7985.T,,810.0,-2.2906592008144564,0.31746292,-353.61,2551.479,775571776.0,,1747290600.0,1747290600.0,True,,,False,1747290600.0,2025-05-15,-279.0
4,True,28.205128205128204,False,False,False,True,0.3684783132610606,1801.0,1801.0,1953755.0,1.953755,2010.0,0.8960199004975125,-0.10447761194029848,0.002309698468488275,27.84010285077551,1.545813595267935,-0.07069143446852422,-0.10398009950248754,11.84229573056724,37.46336136176127,33.64781640096282,"fund_low_adv20,fund_small_mcap",0,,False,False,False,False,False,False,False,False,False,7986.T,,1801.0,6.6349835,0.5825777,271.44,3091.433,2762000896.0,,1754546400.0,1754978400.0,True,,,False,1754546400.0,2025-08-07,-219.0
3,False,40.845070422535215,False,False,False,True,0.5269038444672937,550.0,550.0,34442270.0,34.44227,630.2251586914062,0.8727039731990627,-0.13840316827801635,-0.036864843549819115,10.055890828485104,1.8283437869972916,-0.04181184668989546,-0.08904441252200002,23.38583284885945,14.122427117077606,22.624286205287785,"fund_low_adv20,fund_small_mcap",2,trend_break;di_bear,True,False,False,False,False,False,True,False,False,7987.T,,550.0,7.7738514,0.48461094,70.75,1134.931,14918265856.0,,1754460000.0,1754978400.0,True,,,False,1754460000.0,2025-08-06,-220.0
1,False,57.76744186046511,False,False,True,False,0.5285661318315217,4285.0,4285.0,1920883725.0,1920.883725,5458.7265625,0.7849816163053139,-0.25843510319628693,-0.063955679541709,140.36000218083532,3.27561265299499,-0.05554331055763717,-0.0946545531375449,10.187886431339066,24.042703288905404,23.439041306877463,,1,trend_break,True,False,False,False,False,False,False,False,False,7988.T,,4285.0,11.853389,1.3477284,361.5,3179.424,399043559424.0,1778740200.0,1785393000.0,1785393000.0,True,,,True,1785393000.0,2026-07-30,36.0
6,True,46.75324675324675,True,False,True,True,0.4407982324518831,2431.0,2431.0,110105325.0,110.105325,2640.0,0.9208333333333333,-0.08484848484848484,0.1332417905925931,40.675179159003925,1.6731871311807458,-0.04102564102564099,-0.07916666666666672,23.935736293400446,16.49239635191087,26.260076775358655,fund_low_adv20,1,di_bear,False,False,False,False,False,False,True,False,False,7989.T,,2431.0,15.078774,0.86209923,161.22,2819.861,48865644544.0,,1753857000.0,1754289000.0,True,,,False,1753857000.0,2025-07-30,-225.0
6,True,44.986072423398326,False,False,True,False,0.4399910949917916,2478.0,2478.0,432730180.0,432.73018,2618.0,0.946524064171123,-0.17026383484832908,0.10908228341496873,76.27071734870768,3.077914340141553,-0.053475935828877,-0.053475935828877,30.18471617557801,35.640447988920414,20.264956714770648,,0,,False,False,False,False,False,False,False,False,False,7990.T,,2478.0,10.32027,0.8352577,240.11,2966.749,54017794048.0,,1754460000.0,1754978400.0,True,,,True,1754460000.0,2025-08-06,-220.0
2,False,36.231884057971016,True,False,True,False,0.5945613829282114,1071.0,1071.0,39292555.0,39.292555,1891.806640625,0.5661255103989759,-0.45078953753077877,-0.291233366016003,26.077870253596274,2.434908520410483,-0.09467455621301779,-0.25052484254723584,63.837261688007224,8.971608432114763,35.99022662574096,"fund_low_adv20,fund_small_mcap",3,trend_break;trailing_stop;di_bear,True,False,False,False,True,False,True,False,False,7991.T,,1071.0,6.502337,0.4237154,164.71,2527.64,11061090304.0,,1746685800.0,1746685800.0,True,,,False,1746685800.0,2025-05-08,-284.0
1,False,39.99999999999999,False,False,True,True,0.29476820307817675,105.0,105.0,5061900.0,5.0619,134.0,0.7835820895522388,-0.3055555555555556,-0.06728847435043306,2.516555195257446,2.39671923357852,-0.02777777777777779,-0.07894736842105265,22.272278537367416,12.568521955101081,17.177735159843145,"fund_neg_eps,fund_low_adv20,fund_small_mcap",2,trend_break;di_bear,True,False,False,False,False,False,True,False,False,7992.T,,105.0,-14.037433155080214,2.9089096,-7.48,36.096,3112535040.0,,1754460000.0,1754978400.0,True,,,False,1754460000.0,2025-08-06,-220.0
3,False,37.00787401574803,True,False,True,True,0.49287521335665335,2230.0,2230.0,574004420.0,574.00442,2705.04833984375,0.8243845284217028,-0.1852271297572049,-0.050831731442325445,43.66477976407215,1.9580618728283476,-0.05907172995780585,-0.14428242517267842,36.031484002368806,12.306185554246673,27.81862269211588,,2,trend_break;di_bear,True,False,False,False,False,False,True,False,False,7994.T,,2230.0,9.416434,1.0342681,236.82,2156.114,211122044928.0,1778221800.0,1786084200.0,1786084200.0,True,,,True,1786084200.0,2026-08-07,42.0
5,True,53.47222222222222,False,False,True,False,0.48577305941073523,7550.0,7550.0,1213525750.0,1213.52575,8440.0,0.8945497630331753,-0.1810710148958249,0.6333271748182074,379.6997575259705,5.029135861271132,-0.10545023696682465,-0.10545023696682465,39.5492062783227,21.58410951127878,20.07625191682287,,2,macd_sell_like;trailing_stop;ext_dev200,False,False,True,False,True,True,False,False,False,7995.T,,7550.0,25.937887,2.4875941,291.08,3035.061,133033779200.0,,1753682400.0,1754028000.0,True,,,True,1753682400.0,2025-07-28,-227.0
7,True,49.29577464788733,True,False,True,False,0.47658105178685967,1005.0,1005.0,5662835.0,5.662835,1150.0,0.8739130434782608,-0.535864489226614,0.04371689811228796,25.84286331779098,2.5714291858498486,-0.03179190751445082,-0.03179190751445082,27.672356374315367,38.07595620412442,12.247585422453056,"fund_low_adv20,fund_small_mcap",1,natr_spike,False,False,False,False,False,False,False,False,True,7997.T,,1005.0,4.2269516,0.35623544,237.76,2821.168,1677512832.0,,1752472800.0,1752818400.0,True,,,False,1752472800.0,2025-07-14,-237.0
6,True,50.0,False,False,True,True,0.5469786866812909,4347327488.0,4347327488.0,0.0,0.0,4381739008.0,0.9921466066470018,-0.18582985429362375,0.6151038179319461,7109008.911866922,0.1635259577634774,0.0,-0.0052492595786158835,41.94626565560687,34.14743303328866,22.88029396333997,"fund_low_adv20,fund_small_mcap",0,ext_dev200,False,False,False,False,False,True,False,False,False,7999.T,,7580.0,5.987637e-06,1.0405024,1265941760.0,7284.942,53060.0,,1754548200.0,1754980200.0,True,,,False,1754548200.0,2025-08-07,-219.0
2,False,26.799007444168737,False,False,True,True,0.3763257753959195,1855.5,1855.5,29078856645.0,29078.856645,2245.78662109375,0.8262138453279807,-0.1789068548721119,-0.018079067900483414,43.357145603242216,2.3366825978573007,-0.09883438562408942,-0.12030698917058269,28.407260310513227,11.917151987837988,29.696750217040613,,3,trend_break;trailing_stop;di_bear,True,False,False,False,True,False,True,False,False,8001.T,,1855.5,14.48817,1.9681114,128.07,942.782,12969783066624.0,1777617000.0,1785393000.0,1785393000.0,True,,,True,1785393000.0,2026-07-30,36.0
3,True,24.95274102079395,False,False,True,True,0.38761161180000075,4795.0,4795.0,25663449280.0,25663.44928,6238.0009765625,0.7686757373100513,-0.23132426268994866,0.02919527903450403,177.97508625710657,3.7116806310136927,-0.18701254662597488,-0.21637522470991988,24.812323085379788,14.150138030043664,34.202125734853325,,3,macd_sell_like;trailing_stop;di_bear,False,False,True,False,True,False,True,False,False,8002.T,,4795.0,14.53647,1.800417,329.86,2663.272,7839840468992.0,1777617000.0,1785393000.0,1785393000.0,True,,,True,1785393000.0,2026-07-30,36.0
6,True,46.875,False,False,True,True,0.3345596836646921,1628.0,1628.0,400144860.0,400.14486,1705.0,0.9548387096774194,-0.07968408208231192,0.27590566254406856,36.84087274431795,2.2629528712726015,-0.03210463733650415,-0.04516129032258065,36.41348205041473,30.152551938504907,14.221423890183669,,0,ext_dev200,False,False,False,False,False,True,False,False,False,8005.T,,1628.0,20.170982,1.4604106,80.71,1114.755,55045771264.0,,1753768800.0,1754287200.0,True,,,True,1753768800.0,2025-07-29,-226.0
2,False,59.19540229885058,False,False,True,False,0.5504308652316237,1476.0,1476.0,4967175.0,4.967175,1785.462890625,0.8266763805341971,-0.23269197741744585,-0.06584073852986261,43.790651720444124,2.9668463225233146,-0.07750000000000001,-0.13481828839390386,24.352530656067387,19.746888846102188,35.08720629382252,"fund_low_adv20,fund_small_mcap",2,trend_break;di_bear,True,False,False,False,False,False,True,False,False,8006.T,,1476.0,11.515058,0.59924096,128.18,2463.116,26069803008.0,,1747202400.0,1747202400.0,True,,,False,1747202400.0,2025-05-14,-280.0
3,False,50.0,True,False,True,False,0.5403298129911717,741.0,741.0,151656640.0,151.65664,915.1176147460938,0.8097319820530348,-0.24709131493314307,-0.09345821102269247,18.039236073932596,2.434444814295897,-0.04139715394566623,-0.11363636363636365,35.26320981613656,16.473163498506302,28.66508082027277,"fund_low_adv20,fund_small_mcap",2,trend_break;di_bear,True,False,False,False,False,False,True,False,False,8007.T,,741.0,20.629177,1.0896899,35.92,680.01,25247008768.0,,1754454600.0,1754973000.0,True,,,False,1754454600.0,2025-08-06,-220.0
6,True,61.53846153846153,True,False,False,True,0.2295287234708188,1865.0,1865.0,124239365.0,124.239365,1918.0,0.9723670490093848,-0.10047346970397819,0.05949933878880831,25.142520259863925,1.3481244107165644,0.0,-0.027632950990615246,14.261503677822866,32.46788108010061,20.358658302687626,fund_low_adv20,0,,False,False,False,False,False,False,False,False,False,8008.T,,1865.0,22.348713,0.97527045,83.45,1912.29,40050462720.0,,1752040800.0,1752472800.0,True,,,False,1752040800.0,2025-07-09,-240.0
6,True,49.397590361445786,True,False,True,True,0.4658191960112505,3725.0,3725.0,156213925.0,156.213925,4584.0087890625,0.8126075170029985,-0.21575193996623365,0.010947064364846382,109.96905031453994,2.952189270188992,-0.02614379084967322,-0.12249705535924615,17.40018091281524,23.65037548107674,25.25310335701729,fund_low_adv20,0,,False,False,False,False,False,False,False,False,False,8011.T,,3725.0,9.502793,0.9285924,391.99,4011.448,37331644416.0,,,,True,,,False,,,
5,True,43.85633270321361,False,False,True,True,0.36219629327900815,1100.0,1100.0,1396679270.0,1396.67927,1239.5,0.8874546187979023,-0.18898811467132748,0.11274826357633616,41.07653201252653,3.734230182956957,-0.05090595340811044,-0.11254538120209767,18.0048029075599,15.903758388008976,26.145685075348407,,1,macd_sell_like,False,False,True,False,False,False,False,False,False,8012.T,,1100.0,13.934633,1.054462,78.94,1043.186,448615809024.0,1778135400.0,1785825000.0,1785825000.0,True,,,True,1785825000.0,2026-08-04,39.0
4,True,55.99999999999999,False,False,True,False,0.2830885076763734,363.0,363.0,8305220.0,8.30522,416.0,0.8725961538461539,-0.37259615384615385,0.20111177288068283,12.052746088983458,3.320315726992688,-0.05714285714285716,-0.05714285714285716,36.91424682917095,26.577117191923826,20.293814547394362,"fund_low_adv20,fund_small_mcap",2,macd_sell_like;ext_dev200;natr_spike,False,False,True,False,False,True,False,False,True,8013.T,,363.0,56.71875,0.4129984,6.4,878.938,2836473344.0,,1757570400.0,1757916000.0,True,,,False,1757570400.0,2025-09-11,-194.0
3,False,36.111111111111114,False,False,True,True,0.22006537574138013,3905.0,3905.0,116706025.0,116.706025,4608.7646484375,0.8472986359422593,-0.17114448417428152,-0.03394298350318281,114.45354875879927,2.9309487518258455,-0.08974358974358976,-0.14457831325301207,14.194169173173757,23.228128301519522,25.715965680479265,fund_low_adv20,2,trend_break;trailing_stop,True,False,False,False,True,False,False,False,False,8014.T,,3905.0,8.013544,0.9405201,487.3,4151.958,96241647616.0,,1753340400.0,1753686000.0,True,,,False,1753340400.0,2025-07-24,-229.0
4,True,29.994435169727325,False,False,True,True,0.28160213472507484,6092.0,6092.0,17480375455.0,17480.375455,7397.0,0.8235771258618358,-0.17642287413816415,0.12036534466822091,253.05765103617637,4.153933864677879,-0.1753079734669013,-0.17642287413816415,15.594111746186405,16.40632204605579,31.704514900730985,,1,trailing_stop,False,False,False,False,True,False,False,False,False,8015.T,,6092.0,17.354147,2.0369751,351.04,2990.709,6431787974656.0,1777530600.0,1785393000.0,1785393000.0,True,,,True,1785393000.0,2026-07-30,36.0
5,True,32.911392405063296,True,False,True,False,0.3730536492908151,729.0,729.0,435927895.0,435.927895,823.0,0.8857837181044957,-0.13973268529769134,0.029204516233935163,16.280524325798744,2.233268083099965,-0.0357142857142857,-0.09665427509293678,25.84838391611887,18.32584308952238,25.075054388848834,,1,di_bear,False,False,False,False,False,False,True,False,False,8016.T,,729.0,9.826121,1.0595299,74.19,688.041,99155009536.0,,1751436000.0,1751868000.0,True,,,True,1751436000.0,2025-07-02,-245.0
6,True,53.54838709677419,True,False,True,False,0.4011154766237759,877.0,877.0,49694025.0,49.694025,939.0,0.933972310969116,-0.14638792622137264,0.15720618124385544,25.461356271381195,2.9032333262692354,-0.01681614349775784,-0.06602768903088396,17.649047866089077,19.185645639817956,28.875600350606618,fund_low_adv20,0,,False,False,False,False,False,False,False,False,False,8018.T,,877.0,16.153988,0.5940651,54.29,1476.269,32898402304.0,,1753943400.0,1754289000.0,True,,,False,1753943400.0,2025-07-31,-224.0
5,True,37.86008230452675,False,False,True,True,0.4917979752845538,2063.5,2063.5,1311726295.0,1311.726295,2423.3154296875,0.8515193584460855,-0.17550972707764534,0.09959759439348459,56.18744368685174,2.722919490518621,-0.10399478940512374,-0.12377919320594477,22.249310872795853,20.57651042591959,30.765121478915447,,2,trailing_stop;di_bear,False,False,False,False,True,False,True,False,False,8020.T,,2063.5,10.592372,1.6478088,194.81,1252.269,343388618752.0,1778221800.0,1785479400.0,1785479400.0,True,,,True,1785479400.0,2026-07-31,37.0
5,True,63.48314606741573,True,True,False,False,0.355308051839449,3480.0,3480.0,919050000.0,919.05,4240.8896484375,0.8205825401003207,-0.2713792962902324,0.11047904549098231,123.91363054666542,3.5607365099616497,0.0,-0.029288702928870314,11.713247593965534,37.3790505688528,19.198950579318332,,0,,False,False,False,False,False,False,False,False,False,8022.T,,3480.0,14.517542,1.5264697,239.71,2279.77,264630288384.0,1778567400.0,1785997800.0,1785997800.0,True,,,True,1785997800.0,2026-08-06,41.0
1,False,38.888888888888886,False,False,True,False,0.3180713624602402,930.0,930.0,25296500.0,25.2965,1189.8519287109375,0.7816098604870473,-0.26377393786381353,-0.11608755063846077,27.672759102270856,2.975565494867834,-0.08374384236453203,-0.14913083257090576,28.66279459438243,12.770449881936633,28.32871495143844,"fund_low_adv20,fund_small_mcap",4,trend_break;macd_sell_like;trailing_stop;di_bear,True,False,True,False,True,False,True,False,False,8023.T,,930.0,8.15861,0.856752,113.99,1085.495,11783140352.0,,1747290600.0,1747290600.0,True,,,False,1747290600.0,2025-05-15,-279.0
2,False,56.17977528089887,False,False,True,True,0.3605355779586353,1213.0,1213.0,760835.0,0.760835,1399.45703125,0.866764732974005,-0.1489556496520693,-0.07171671356167897,14.322359164378726,1.1807385955794498,-0.021774193548387055,-0.09727772377517552,18.721826272745627,31.431100312118097,17.895305552293216,"fund_low_adv20,fund_small_mcap",1,trend_break,True,False,False,False,False,False,False,False,False,8025.T,,1213.0,27.649876,0.31672713,43.87,3829.795,4893945344.0,,1754535600.0,1754881200.0,True,,,False,1754535600.0,2025-08-07,-219.0
6,True,68.0365296803653,True,True,False,False,0.454031531248083,2694.0,2694.0,31814025.0,31.814025,2694.0,1.0,-0.21151166856229642,0.05736685971441724,33.07804604596848,1.2278413528570333,0.0,0.0,25.319317141909224,25.41437441834975,9.898016669875208,"fund_low_adv20,fund_small_mcap",0,,False,False,False,False,False,False,False,False,False,8029.T,,2694.0,13.626018,0.50139606,197.71,5372.998,20174325760.0,,1754377200.0,1754982000.0,True,,,False,1754377200.0,2025-08-05,-221.0
3,False,51.24999999999999,True,False,True,False,0.5646725872385863,3455.0,3455.0,13861300.0,13.8613,4250.44482421875,0.812856099275455,-0.1989073753884445,-0.0516452929328971,79.43677855707851,2.2991831709718817,-0.08959156785243738,-0.17679505432973008,28.117339237217465,14.013858371835394,27.609296224671475,"fund_low_adv20,fund_small_mcap",3,trend_break;trailing_stop;di_bear,True,False,False,False,True,False,True,False,False,8030.T,,3455.0,4.6850634,0.37660924,737.45,9173.965,13799960576.0,,1747292400.0,1747292400.0,True,,,False,1747292400.0,2025-05-15,-279.0
3,True,3.75426621160409,False,False,True,True,0.47074039044488936,4849.0,4849.0,31372489965.0,31372.489965,6597.908203125,0.7349298975853201,-0.2650701024146799,0.02012726743944837,169.56093439512384,3.4968227344838905,-0.20910128853368126,-0.2650701024146799,34.26691688185959,9.802063770322308,35.45415447857555,,2,trailing_stop;di_bear,False,False,False,False,True,False,True,False,False,8031.T,,4849.0,16.66724,1.5674478,290.93,3093.564,13742978891776.0,1777617000.0,1785393000.0,1785393000.0,True,,,True,1785393000.0,2026-07-30,36.0
4,True,28.645833333333343,False,False,True,True,0.4665824377474153,1098.0,1098.0,433397935.0,433.397935,1219.0,0.9007383100902379,-0.1542015309315482,0.22117685934274522,33.833730477588674,3.0813962183596244,-0.09926168990976214,-0.09926168990976214,20.28551842548615,20.534729071423776,23.731764566768096,,2,trailing_stop;ext_dev200;di_bear,False,False,False,False,True,True,True,False,False,8032.T,,1098.0,27.875095,0.95833844,39.39,1145.733,122363641856.0,,1754452800.0,1754971200.0,True,,,True,1754452800.0,2025-08-06,-220.0
5,True,70.23920472196335,True,True,False,False,0.4923573872104962,61830.0,61830.0,200325025500.0,200325.0255,63660.0,0.971253534401508,-0.3963257659381033,0.6915084804727987,3250.0951601081274,5.2565019571536915,-0.028746465598492033,-0.028746465598492033,35.194365429694535,49.51003562959538,18.44396063150075,,0,ext_dev200,False,False,False,False,False,True,False,False,False,8035.T,,61830.0,49.37197,13.586202,1252.33,4550.941,28245007269888.0,1777530600.0,1785393000.0,1785393000.0,True,,,True,1785393000.0,2026-07-30,36.0
6,True,40.65934065934066,False,False,True,True,0.2874549965610032,3455.0,3455.0,191103725.0,191.103725,3615.0,0.9557399723374828,-0.11655844712256513,0.12895904823524051,89.89835048141565,2.601978306263839,-0.04426002766251724,-0.04426002766251724,17.761589361495872,23.942649726460548,20.336493561493754,fund_low_adv20,0,,False,False,False,False,False,False,False,False,False,8037.T,,3455.0,8.881063,0.60918415,389.03,5671.52,105720782848.0,,1754460000.0,1754978400.0,True,,,False,1754460000.0,2025-08-06,-220.0
5,True,56.56565656565656,True,False,False,False,0.4351327258464171,3815.0,3815.0,12874925.0,12.874925,4128.373046875,0.9240928464271876,-0.1522012068095886,0.0178404448347258,55.96429135448071,1.4669539018212505,-0.05099502487562191,-0.06837606837606836,38.043886629840884,21.468448448311943,27.69008302465264,"fund_low_adv20,fund_small_mcap",1,di_bear,False,False,False,False,False,False,True,False,False,8039.T,,3815.0,21.940418,1.1961535,173.88,3189.39,8482637312.0,,1747117800.0,1747117800.0,True,,,False,1747117800.0,2025-05-13,-281.0
6,True,56.60377358490566,True,False,True,True,0.4066873428111278,1041.0,1041.0,1968195.0,1.968195,1109.0,0.9386834986474302,-0.08790256136241137,0.014736412137196231,12.590246371622209,1.209437691798483,-0.02069614299153344,-0.0440771349862259,16.82686230209988,25.695126300847328,19.902710250718894,"fund_low_adv20,fund_small_mcap",0,,False,False,False,False,False,False,False,False,False,8040.T,,1041.0,15.20596,0.3355175,68.46,3102.67,3602774016.0,,1754461800.0,1754980200.0,True,,,False,1754461800.0,2025-08-06,-220.0
5,True,83.9080459770115,False,False,True,True,0.4106075826985942,4300.0,4300.0,18652250.0,18.65225,4594.89501953125,0.9358211627735221,-0.1697307590741891,0.09372356580566055,87.64268402030271,2.0382019539605283,-0.005780346820809301,-0.005780346820809301,30.828886963279132,32.25028983182292,10.761969629683799,"fund_low_adv20,fund_small_mcap",1,rsi_reversal,False,False,False,True,False,False,False,False,False,8041.T,,4300.0,4.3151894,0.56014544,996.48,7676.578,23209623552.0,,1754546400.0,1754978400.0,True,,,False,1754546400.0,2025-08-07,-219.0
4,False,59.33609958506224,True,False,True,False,0.5233556697756883,1174.0,1174.0,191329875.0,191.329875,1329.9696044921875,0.8827269405515924,-0.1790929962839357,-0.01967150011719976,26.199493804223167,2.231643424550525,-0.02003338898163609,-0.09062742060418283,19.27894999642113,23.54492565301381,19.100489139195282,fund_low_adv20,1,trend_break,True,False,False,False,False,False,False,False,False,8043.T,,1174.0,8.051574,0.7008231,145.81,1675.173,67089084416.0,,1754456400.0,1754974800.0,True,,,False,1754456400.0,2025-08-06,-220.0
5,True,44.6969696969697,False,False,True,True,0.5753767330917385,1612.0,1612.0,1241735.0,1.241735,1791.8018798828125,0.8996530353598179,-0.14052997862647676,0.1672446705604882,29.938490186666847,1.8572264383788366,-0.022437841115827806,-0.022437841115827806,13.664173414167113,24.15039514274884,36.56311981627163,"fund_low_adv20,fund_small_mcap",1,macd_sell_like,False,False,True,False,False,False,False,False,False,8045.T,,1612.0,16.400448,0.46313655,98.29,3480.615,9715214336.0,,1747117800.0,1747117800.0,True,,,False,1747117800.0,2025-05-13,-281.0
3,False,49.31506849315068,True,False,True,True,0.6534299322122145,830.0,830.0,35929280.0,35.92928,1130.7587890625,0.734020383505614,-0.2774763212962811,-0.015275598539078561,22.71098449305395,2.736263191934211,-0.0674157303370787,-0.26094346837529436,38.360387350901604,14.626199322600517,24.825261243314184,"fund_low_adv20,fund_small_mcap",2,trend_break;di_bear,True,False,False,False,False,False,True,False,False,8046.T,,830.0,7.5024858,0.43720615,110.63,1898.418,14311067648.0,,1747202400.0,1747202400.0,True,,,False,1747202400.0,2025-05-14,-280.0
4,True,61.92307692307693,False,False,True,True,0.47016250093062906,6710.0,6710.0,2122099150.0,2122.09915,7420.0,0.9043126684636119,-0.266274569163068,0.47675865780024584,336.9362120559812,5.021404054485561,-0.09568733153638809,-0.09568733153638809,24.55531684135237,24.197096478927048,22.238561162572076,,2,macd_sell_like;trailing_stop;ext_dev200,False,False,True,False,True,True,False,False,False,8050.T,,6710.0,24.94702,3.1202538,268.97,2150.466,548487462912.0,1778653800.0,1786429800.0,1786429800.0,True,,,True,1786429800.0,2026-08-11,44.0
6,True,52.44755244755245,False,False,True,False,0.27200385788962433,1728.0,1728.0,509648195.0,509.648195,1790.0,0.9653631284916201,-0.18599313377644067,0.18477548268807586,44.23010405626958,2.5596125032563415,-0.03463687150837991,-0.03463687150837991,20.32998013693149,29.901128700131217,19.15594107653908,,0,ext_dev200,False,False,False,False,False,True,False,False,False,8051.T,,1728.0,17.309425,1.0715946,99.83,1612.55,154823917568.0,,1754542800.0,1754974800.0,True,,,True,1754542800.0,2025-08-07,-219.0
3,False,45.270270270270274,False,False,True,True,0.5571717086149979,2650.0,2650.0,110428290.0,110.42829,3052.98779296875,0.8680021604092687,-0.13854879929193342,-0.032421579801025335,54.61801504446155,2.0610571714891153,-0.02859237536656889,-0.09246575342465757,18.065050781268916,16.39481875338536,22.15767205146195,fund_low_adv20,1,trend_break,True,False,False,False,False,False,False,False,False,8052.T,,2650.0,9.688506,0.97520584,273.52,2717.375,48678379520.0,,1753340400.0,1753686000.0,True,,,False,1753340400.0,2025-07-24,-229.0
4,True,22.884882108183078,False,False,False,True,0.3254885903125851,6338.0,6338.0,24012813310.0,24012.81331,7699.0,0.8232237952980906,-0.18801005436075735,0.1639828429522372,220.96214070398642,3.4863070480275544,-0.15941644562334223,-0.17677620470190936,21.292400292294353,23.139151266907387,36.67805684042183,,3,macd_sell_like;trailing_stop;di_bear,False,False,True,False,True,False,True,False,False,8053.T,,6338.0,12.70293,1.6331407,498.94,3880.866,7574639869952.0,1777617000.0,1785393000.0,1785393000.0,True,,,True,1785393000.0,2026-07-30,36.0
2,False,44.877505567928736,False,False,True,False,0.40385409345887563,4520.0,4520.0,1906683735.0,1906.683735,6380.328125,0.7084275152384893,-0.32965830029313736,-0.14376549347633805,139.95994030260843,3.096458856252399,-0.07263028313500208,-0.08557556139995959,10.977013748966483,25.158129654343696,29.930837947349413,,2,trend_break;macd_sell_like,True,False,True,False,False,False,False,False,False,8056.T,,4520.0,14.125442,2.4388611,319.99,1853.324,436526874624.0,1777530600.0,1785393000.0,1785393000.0,True,,,True,1785393000.0,2026-07-30,36.0
0,False,31.63636363636364,False,False,True,True,0.44925742489087145,1954.0,1954.0,384913400.0,384.9134,2548.0,0.7668759811616954,-0.23979591836734693,-0.079558810021221,41.019870389890585,2.0992768879166115,-0.059220028887818965,-0.08003766478342744,16.722923492052182,12.11900025711687,26.991908358126658,,1,trend_break,True,False,False,False,False,False,False,False,False,8057.T,,1954.0,8.0388365,1.1777711,243.07,1659.066,96372277248.0,,1756706400.0,1757052000.0,True,,,True,1756706400.0,2025-09-01,-202.0
3,True,10.515873015873012,False,False,True,True,0.4383391899133725,4615.0,4615.0,56688140810.0,56688.14081,5882.0,0.7845970758245495,-0.21540292417545048,0.08755345523126712,169.16828857579551,3.665618387341181,-0.21540292417545048,-0.21540292417545048,21.49132010135918,16.26533475702389,33.52817379265603,,3,macd_sell_like;trailing_stop;di_bear,False,False,True,False,True,False,True,False,False,8058.T,,4615.0,21.978285,1.7899156,209.98,2578.334,16897815871488.0,1777617000.0,1777617000.0,1777617000.0,True,,,True,1777617000.0,2026-05-01,-28.0
3,False,50.83870967741936,False,False,True,False,0.4091216724619994,2958.0,2958.0,191096005.0,191.096005,3525.009033203125,0.8391467857635837,-0.21976077869125832,-0.0023777002074164555,94.87516035451458,3.2074090721607362,-0.050401284109149236,-0.14260869565217393,16.8213604344652,22.21127255071746,26.377990844313114,fund_low_adv20,1,trend_break,True,False,False,False,False,False,False,False,False,8059.T,,2958.0,9.513395,1.0430452,310.93,2835.927,94445666304.0,,1753851600.0,1754283600.0,True,,,False,1753851600.0,2025-07-30,-225.0
4,True,28.22878228782288,False,False,True,True,0.28049274752473696,3415.0,3415.0,1492783680.0,1492.78368,3851.0,0.8867826538561413,-0.1132173461438587,0.02895979297333451,86.98506833343697,2.547146949734611,-0.1132173461438587,-0.1132173461438587,16.40963698617653,19.45565463695587,33.26679376588652,,2,macd_sell_like;trailing_stop,False,False,True,False,True,False,False,False,False,8060.T,,3415.0,17.922747,1.8110772,190.54,1885.618,709422612480.0,1776839400.0,1784701800.0,1784701800.0,True,,,True,1784701800.0,2026-07-22,30.0
5,True,40.702781844802345,False,False,True,False,0.18266042798088272,2821.0,2821.0,793881140.0,793.88114,3465.0,0.8141414141414142,-0.18585858585858583,0.1550542316668646,149.02849163897253,5.282824942891617,-0.18585858585858583,-0.18585858585858583,16.591321483697683,24.282266336145774,30.68329206995688,,2,macd_sell_like;trailing_stop,False,False,True,False,True,False,False,False,False,8061.T,,2821.0,13.657049,1.8682677,206.56,1509.955,101618843648.0,,1754456400.0,1754974800.0,True,,,True,1754456400.0,2025-08-06,-220.0
5,True,51.515151515151516,False,False,True,True,0.4238342900441717,3120.0,3120.0,145291450.0,145.29145,3300.0,0.9454545454545454,-0.09854870853965658,0.35889398299420283,107.22200329991219,3.43660266986898,-0.054545454545454564,-0.054545454545454564,39.71974483361076,25.155989677843415,19.722304360094267,fund_low_adv20,1,macd_sell_like;ext_dev200,False,False,True,False,False,True,False,False,False,8065.T,,3120.0,10.056406,0.83993775,310.25,3714.561,64612204544.0,,1753849800.0,1754281800.0,True,,,False,1753849800.0,2025-07-30,-225.0
6,True,37.151702786377705,False,False,True,True,0.29448074698678245,2482.0,2482.0,28463535.0,28.463535,2787.7626953125,0.8903196832977834,-0.19469472642887842,0.06597183799144624,77.46552588351872,3.1210929042513587,-0.09876543209876543,-0.09909255898366609,13.289760426840534,22.682884564014056,19.54226678732849,fund_low_adv20,1,trailing_stop,False,False,False,False,True,False,False,False,False,8066.T,,2482.0,8.849747,1.1085281,280.46,2239.005,207555198976.0,,1754539200.0,1754884800.0,True,,,False,1754539200.0,2025-08-07,-219.0
2,False,49.473684210526315,True,False,True,False,0.46872795540684853,790.0,790.0,122370795.0,122.370795,1098.24462890625,0.7193297187228376,-0.29250735259791794,-0.14278487722611977,22.490556687809452,2.8469059098492977,-0.1183035714285714,-0.18134715025906734,26.848146998421022,17.974025495191732,25.599070089614735,"fund_low_adv20,fund_small_mcap",3,trend_break;trailing_stop;di_bear,True,False,False,False,True,False,True,False,False,8070.T,,790.0,8.199274,0.8174347,96.35,966.438,20635127808.0,,1754978400.0,1755496800.0,True,,,False,1754978400.0,2025-08-12,-216.0
3,False,36.220472440944874,False,False,True,True,0.3629369989457818,5310.0,5310.0,223440650.0,223.44065,6426.57861328125,0.8262561340222752,-0.20505493744055459,-0.023552319799602373,162.9089302317898,3.067964787792652,-0.078125,-0.16901408450704225,22.54137989353215,15.342371325056714,27.693370994213325,,2,trend_break;di_bear,True,False,False,False,False,False,True,False,False,8074.T,,5310.0,9.328227,0.9313922,569.24,5701.143,111796871168.0,,1754542800.0,1754888400.0,True,,,True,1754542800.0,2025-08-07,-219.0
4,False,45.205479452054796,False,False,True,True,0.5149930948699851,2352.0,2352.0,125749745.0,125.749745,2747.84228515625,0.8559443213700523,-0.3093863551063273,-0.004924379119534139,51.28506971008986,2.180487657741916,-0.039215686274509776,-0.05580088317944598,11.533543974257434,26.86802521708867,22.99902916403201,fund_low_adv20,1,trend_break,True,False,False,False,False,False,False,False,False,8075.T,,2352.0,7.4992824,0.6278771,313.63,3745.956,62145384448.0,,1754280000.0,1754625600.0,True,,,False,1754280000.0,2025-08-04,-222.0
3,False,35.22012578616352,False,False,True,True,0.5848306818178163,1943.0,1943.0,15468340.0,15.46834,2170.8798828125,0.8950287924188286,-0.11418406185208063,-0.010074991167187797,29.283215102028635,1.5071134895537126,-0.032370517928286824,-0.06988989947343227,30.569429616905772,12.833540912700453,32.192723183194204,"fund_low_adv20,fund_small_mcap",2,trend_break;di_bear,True,False,False,False,False,False,True,False,False,8076.T,,1943.0,8.911209,0.5671411,218.04,3425.955,18596030464.0,,1745558400.0,1745558400.0,True,,,False,1745558400.0,2025-04-25,-293.0
0,False,31.578947368421055,False,False,True,True,0.3743902773024186,203.0,203.0,1649600.0,1.6496,269.89874267578125,0.7521339224757186,-0.24786607752428136,-0.12941026460986438,3.224868498822048,1.5886051718335212,-0.033333333333333326,-0.09282868131976785,26.268661440375364,11.309979125278142,26.62070814794135,"fund_low_adv20,fund_small_mcap",3,trend_break;macd_sell_like;di_bear,True,False,True,False,False,False,True,False,False,8077.T,,203.0,5.092825,0.32276735,39.86,628.936,4581775872.0,,1757656800.0,1757656800.0,True,,,False,1757656800.0,2025-09-12,-193.0
6,True,42.298850574712645,False,False,False,False,0.38130662359076983,1687.0,1687.0,1121458995.0,1121.458995,1893.0,0.8911780243000528,-0.19260153284527903,0.1481920647995716,54.05247746653747,3.2040591266471528,-0.10882197569994723,-0.10882197569994723,22.98235564725915,22.674791766518148,24.3239117047368,,2,trailing_stop;di_bear,False,False,False,False,True,False,True,False,False,8078.T,,1687.0,8.081437,0.7676472,208.75,2197.624,328153038848.0,1786084200.0,1786084200.0,1786084200.0,True,,,True,1786084200.0,2026-08-07,42.0
5,True,55.434782608695656,True,False,True,True,0.23884311603715697,4065.0,4065.0,180887000.0,180.887,4316.19873046875,0.9418009349997031,-0.22956506193400028,0.002755905094268707,58.38089227218557,1.4361843117388824,0.0,-0.05819906500029692,18.229081993267535,27.827959601170065,18.039579970898345,fund_low_adv20,0,,False,False,False,False,False,False,False,False,False,8079.T,,4065.0,22.409042,1.1900649,181.4,3415.78,67370549248.0,,1749794400.0,1749794400.0,True,,,False,1749794400.0,2025-06-13,-258.0
5,True,49.793103448275865,False,False,True,False,0.25588476518288905,2472.0,2472.0,137638265.0,137.638265,2659.0,0.9296728093268146,-0.1219306002457653,0.15458486408371552,92.18106991696709,3.729007682725206,-0.07032719067318538,-0.07032719067318538,28.034310984979744,28.922635803105706,18.31009320122193,fund_low_adv20,1,macd_sell_like,False,False,True,False,False,False,False,False,False,8081.T,,2472.0,13.352778,1.082743,185.13,2283.09,55114870784.0,,1753776000.0,1754294400.0,True,,,False,1753776000.0,2025-07-29,-226.0
4,True,66.66666666666666,False,False,True,True,0.5189148663396699,3860.0,3860.0,183610650.0,183.61065,3980.0,0.9698492462311558,-0.14062496349436482,0.1600793899102504,104.65781588667173,2.711342380483724,-0.03015075376884424,-0.03015075376884424,39.85834816281648,27.78474060115589,12.874141432829312,fund_low_adv20,0,,False,False,False,False,False,False,False,False,False,8084.T,,3860.0,15.797012,0.8803606,244.35,4384.567,83209920512.0,,1753772400.0,1754290800.0,True,,,False,1753772400.0,2025-07-29,-226.0
4,True,31.707317073170742,False,False,True,True,0.451049955563758,3925.0,3925.0,15065650.0,15.06565,4607.34130859375,0.8519012890751056,-0.14918393549696451,0.01543426801286607,84.18604973640656,2.1448675092078107,-0.050785973397823425,-0.14809871092489435,12.353211199668118,20.12642971581868,20.194757340380235,"fund_low_adv20,fund_small_mcap",0,,False,False,False,False,False,False,False,False,False,8085.T,,3925.0,8.911745,0.68142724,440.43,5759.969,19641104384.0,,1747108800.0,1747108800.0,True,,,False,1747108800.0,2025-05-13,-281.0
5,True,55.40229885057472,False,False,True,True,0.3843974691735783,1737.0,1737.0,1471093432.5,1471.0934325,1749.5,0.9928551014575593,-0.15796011273435084,0.14567963180937005,37.716482845585546,2.1713576767752185,-0.007144898542440714,-0.007144898542440714,34.84937441345351,28.16415107631784,15.121257037272432,,1,macd_sell_like,False,False,True,False,False,False,False,False,False,8086.T,,1737.0,23.684212,1.0334942,73.34,1680.706,283297349632.0,1786343400.0,1786343400.0,1786343400.0,True,,,True,1786343400.0,2026-08-10,43.0
4,True,23.195380173243507,False,False,True,False,0.16348523191466993,1830.0,1830.0,2281876225.0,2281.876225,2113.0,0.8660672030288689,-0.41942536884938963,0.033131350850993835,66.58010673161505,3.6382571984489096,-0.13393279697113114,-0.13393279697113114,15.612071578622043,20.082313718381634,33.71141448168717,,2,macd_sell_like;trailing_stop,False,False,True,False,True,False,False,False,False,8088.T,,1830.0,8.837591,0.96368486,207.07,1898.961,421222154240.0,1778740200.0,1785997800.0,1785997800.0,True,,,True,1785997800.0,2026-08-06,41.0
3,False,35.164835164835154,True,False,True,True,0.6508160563609153,1834.0,1834.0,7133070.0,7.13307,2314.43603515625,0.7924176655312856,-0.21579167778665032,-0.04026855213697833,30.822478785804357,1.6806149828682855,-0.044791666666666674,-0.20758233446871444,23.82858670334239,19.65931182071871,21.459946788052246,"fund_low_adv20,fund_small_mcap",2,trend_break;di_bear,True,False,False,False,False,False,True,False,False,8089.T,,1834.0,8.407445,0.36157858,218.14,5072.203,21297876992.0,,1754451000.0,1754969400.0,True,,,False,1754451000.0,2025-08-06,-220.0
2,False,57.70609318996416,True,False,True,False,0.5973443759157577,2206.0,2206.0,70621030.0,70.62103,2676.88720703125,0.8240915023261371,-0.20654109204863313,-0.09298302382544876,46.950693537313306,2.1283179300685995,-0.04460805543525337,-0.145954316686024,42.009810983953805,16.879794406574288,30.235915611883758,"fund_low_adv20,fund_small_mcap",2,trend_break;di_bear,True,False,False,False,False,False,True,False,False,8091.T,,2206.0,8.4751625,0.5411964,260.29,4076.154,18533816320.0,,1754550000.0,1754982000.0,True,,,False,1754550000.0,2025-08-07,-219.0
1,False,29.90196078431373,False,False,True,True,0.4685710257487479,1727.0,1727.0,103349075.0,103.349075,2177.076171875,0.793265767321603,-0.20994955425989736,-0.053067213563783744,40.379974202975106,2.3381571628821716,-0.09248554913294793,-0.12245934959349591,30.366970280181047,15.486937952341654,29.320873577041162,"fund_low_adv20,fund_small_mcap",3,trend_break;trailing_stop;di_bear,True,False,False,False,True,False,True,False,False,8093.T,,1727.0,11.388816,0.6532884,151.64,2643.549,20784338944.0,,1754546400.0,1754892000.0,True,,,False,1754546400.0,2025-08-07,-219.0
5,True,64.58346560566619,True,False,True,True,0.42584350769550755,494.0,494.0,64811905.0,64.811905,518.1141357421875,0.9534578694564191,-0.1597071295332917,0.03674270705369942,9.319755744058815,1.8865902315908532,-0.01002004008016033,-0.01002004008016033,13.788035640045347,34.83678754317442,16.6728524340788,"fund_low_adv20,fund_small_mcap",0,,False,False,False,False,False,False,False,False,False,8095.T,,494.0,9.107669,0.72325313,54.24,683.025,19927799808.0,,1752127200.0,1752472800.0,True,,,False,1752127200.0,2025-07-10,-239.0
4,False,39.33161953727507,True,False,True,False,0.4497829678759919,2078.0,2078.0,241141925.0,241.141925,2565.0,0.8101364522417154,-0.20584795321637428,-0.03251779069754668,50.04803729333121,2.408471477061175,-0.09965337954939346,-0.18986354775828462,33.69436712793826,13.895503005733048,26.118200922389455,,3,trend_break;trailing_stop;di_bear,True,False,False,False,True,False,True,False,False,8097.T,,2078.0,14.076684,1.1127807,147.62,1867.394,128591650816.0,,1754287200.0,1754632800.0,True,,,True,1754287200.0,2025-08-04,-222.0
5,True,37.68115942028986,False,False,True,True,0.38981562105356315,3795.0,3795.0,344221050.0,344.22105,4285.4482421875,0.8855549724392071,-0.1331128530667578,0.02123595190269656,71.15430272554777,1.874948688420231,-0.05597014925373134,-0.08664259927797835,12.426785879655387,21.932671452502888,25.442702335665366,,0,,False,False,False,False,False,False,False,False,False,8098.T,,3795.0,9.859191,0.85922384,384.92,4416.777,202584358912.0,1778481000.0,1785911400.0,1785911400.0,True,,,True,1785911400.0,2026-08-05,40.0
3,False,56.59722222222222,True,False,True,True,0.5142745375242451,2337.0,2337.0,79092400.0,79.0924,2686.1611328125,0.8700148220643351,-0.1593951783392089,-0.006978540912779496,44.55110091853822,1.906337223728636,-0.00553191489361704,-0.09733487833140209,27.611097419448857,23.40769302725759,23.56679966586293,"fund_low_adv20,fund_small_mcap",2,trend_break;di_bear,True,False,False,False,False,False,True,False,False,8101.T,,2337.0,11.278957,0.8901267,207.2,2625.469,28435613696.0,,1754452800.0,1754884800.0,True,,,False,1754452800.0,2025-08-06,-220.0
5,True,36.58536585365854,False,False,False,True,0.5266584596424109,868.0,868.0,265111930.0,265.11193,983.322021484375,0.8827220188659148,-0.2268339744374377,0.04453650412246635,20.601593397224192,2.3734554605096996,-0.04510451045104513,-0.04510451045104513,17.74230448724655,21.971460749419613,29.223147500482543,,1,macd_sell_like,False,False,True,False,False,False,False,False,False,8103.T,,868.0,10.337025,0.8361236,83.97,1038.124,33936793600.0,,1753768800.0,1754287200.0,True,,,True,1753768800.0,2025-07-29,-226.0
5,True,66.66666666666666,False,False,True,False,0.37958084840165274,628.0,628.0,11993660.0,11.99366,635.0,0.988976377952756,-0.42832651629569574,0.08054507769561448,11.989854442646232,1.9092124908672343,-0.011023622047244053,-0.011023622047244053,31.26504484020637,26.52673280317327,20.488624153683887,"fund_low_adv20,fund_small_mcap",0,,False,False,False,False,False,False,False,False,False,8104.T,,628.0,8.705296,0.5432014,72.14,1156.109,9290267648.0,,1754548200.0,1754893800.0,True,,,False,1754548200.0,2025-08-07,-219.0
2,False,61.88436830835118,False,False,True,False,0.6148349202754062,221.0,221.0,5679941990.0,5679.94199,924.0,0.23917748917748918,-0.8906926406926406,-0.3616314504831092,41.66122349192701,18.851232349288242,-0.3792134831460674,-0.3792134831460674,33.01268723410387,29.63530355385946,20.41707390623668,"fund_neg_eps,fund_small_mcap",3,trend_break;trailing_stop;natr_spike,True,False,False,False,True,False,False,False,True,8105.T,,221.0,-23.86609071274298,3.5011563,-9.26,63.122,14244420608.0,,1754980200.0,1755498600.0,True,,,False,1754980200.0,2025-08-12,-216.0
2,False,33.33333333333333,False,False,True,True,0.4021946615313798,32.0,32.0,13589420.0,13.58942,59.0,0.5423728813559322,-0.5538461538461539,-0.11345061642886822,1.1965988871990674,3.7393715224970854,-0.05882352941176472,-0.05882352941176472,38.61960587579143,11.831761599941043,9.300231437521687,"fund_neg_eps,fund_low_adv20,fund_small_mcap",1,trend_break,True,False,False,False,False,False,False,False,False,8107.T,,32.0,-84.21052631578948,5.3529606,-0.38,5.978,8811681792.0,,1754377200.0,1754895600.0,True,,,False,1754377200.0,2025-08-05,-221.0
2,False,40.43392504930966,True,False,True,True,0.4397935894879494,2128.0,2128.0,1054618870.0,1054.61887,3114.91455078125,0.6831648076722611,-0.33176337069087813,-0.13084520436430502,51.44799501795251,2.4176689388135575,-0.04595382201300158,-0.10694630604992128,17.05753587296382,15.645689265886178,26.078572149690288,,1,trend_break,True,False,False,False,False,False,False,False,False,8111.T,,2128.0,12.112933,2.2491028,175.68,946.155,291045113856.0,1785997800.0,1785997800.0,1785997800.0,True,,,True,1785997800.0,2026-08-06,41.0
1,False,41.6187710064198,False,False,True,False,0.3512644949482003,902.5,902.5,6825912077.427063,6825.912077427063,1145.4266357421875,0.7879160234607419,-0.45623483149125255,-0.0482772395171579,25.160987436351615,2.7879210455791266,-0.06563828844762942,-0.07719836400817992,13.809729498722566,17.351306103511412,26.397397585000075,,1,trend_break,True,False,False,False,False,False,False,False,False,8113.T,,902.5,26.174595,1.9820832,34.48,455.329,1553046700032.0,1778221800.0,1785911400.0,1785911400.0,True,,,True,1785911400.0,2026-08-05,40.0
3,True,67.22408026755852,False,False,True,False,0.5394293413271737,1668.0,1668.0,7650740.0,7.65074,1835.9547119140625,0.9085191422075098,-0.37129252977083127,0.16516280398699856,47.66984367668732,2.8579042971635085,-0.005959475566150174,-0.005959475566150174,19.91860356447963,24.170154501421127,18.967587407395506,"fund_low_adv20,fund_small_mcap",0,,False,False,False,False,False,False,False,False,False,8115.T,,1668.0,12.891259,1.2853876,129.39,1297.663,7518109696.0,,1747290600.0,1747290600.0,True,,,False,1747290600.0,2025-05-15,-279.0
5,True,57.055214723926376,False,False,True,False,0.47700927316047237,2032.0,2032.0,264789110.0,264.78911,2235.015625,0.9091659034822184,-0.1950839269859691,0.07386793409313785,62.80022425864366,3.090562217452936,-0.028680688336520044,-0.028680688336520044,26.101074501389494,24.833289785554808,17.46139894693835,,1,macd_sell_like,False,False,True,False,False,False,False,False,False,8117.T,,2032.0,11.644699,1.783869,174.5,1139.097,112298156032.0,,1754284800.0,1754630400.0,True,,,True,1754284800.0,2025-08-04,-222.0
6,True,52.84974093264249,False,False,True,False,0.5056441563919932,1130.0,1130.0,3801505.0,3.801505,1148.0,0.9843205574912892,-0.07032586184436151,0.16721712738791594,30.01851092381807,2.6565053914883245,0.0,-0.015679442508710784,33.55327848796385,17.23450613036536,21.189789766557944,"fund_low_adv20,fund_small_mcap",1,di_bear,False,False,False,False,False,False,True,False,False,8118.T,,1130.0,28.855976,0.7792018,39.16,1450.202,18015346688.0,,1753941600.0,1754287200.0,True,,,False,1753941600.0,2025-07-31,-224.0
3,False,31.578947368421055,True,False,True,True,0.5743780335274895,753.0,753.0,6153465.0,6.153465,871.7112426757812,0.8638181580503786,-0.29155559961562594,-0.05942829348134293,8.158586667348146,1.083477645066155,-0.041984732824427495,-0.1213396040770992,39.05687834670734,43.685115190317994,18.525222610623896,"fund_low_adv20,fund_small_mcap",1,trend_break,True,False,False,False,False,False,False,False,False,8119.T,,753.0,12.594079,0.48734456,59.79,1545.108,7157536256.0,,1747202400.0,1747202400.0,True,,,False,1747202400.0,2025-05-14,-280.0
3,False,2.1276595744680975,True,False,True,True,0.5381386022236105,1313.0,1313.0,699645.0,0.699645,1495.4224853515625,0.8780127441318523,-0.14654012039744424,-0.039928997509831476,13.611761196101696,1.036691637174539,-0.03455882352941175,-0.11109098310840015,30.790415192094603,16.52334715171982,26.935700336047862,"fund_low_adv20,fund_small_mcap",2,trend_break;di_bear,True,False,False,False,False,False,True,False,False,8123.T,,1313.0,12.821013,0.3219043,102.41,4078.852,2395933440.0,,1747022400.0,1747022400.0,True,,,False,1747022400.0,2025-05-12,-282.0
4,False,35.82089552238807,True,False,True,True,0.5671555425564877,1672.0,1672.0,247746675.0,247.746675,2048.0,0.81640625,-0.2060546875,-0.07997178099657365,27.115329870452065,1.6217302554098125,-0.07419712070874862,-0.15298885511651472,51.10628177041334,12.859147247321797,30.95429129703597,,2,trend_break;di_bear,True,False,False,False,False,False,True,False,False,8125.T,,1672.0,23.954153,0.81896794,69.8,2041.594,83146539008.0,,1752129000.0,1752474600.0,True,,,True,1752129000.0,2025-07-10,-239.0
8,True,43.01075268817205,False,False,True,False,0.508771438931029,600.0,600.0,10791425.0,10.791425,648.0,0.9259259259259259,-0.2640625311424697,0.04763680645402557,18.220294286272654,3.0367157143787757,-0.06976744186046513,-0.07407407407407407,22.142271543476237,26.60759244276897,14.14290893477894,"fund_low_adv20,fund_small_mcap",0,,False,False,False,False,False,False,False,False,False,8127.T,,600.0,84.50704,0.68161136,7.1,880.267,12215791616.0,,1752127200.0,1752472800.0,True,,,False,1752127200.0,2025-07-10,-239.0
2,False,40.05722460658083,True,False,True,True,0.5620375179696697,4158.0,4158.0,535814155.0,535.814155,5508.720703125,0.7548031973451186,-0.26480208050800136,-0.11921397939372746,112.0650130383129,2.695166258737684,-0.045454545454545414,-0.1638849788859843,18.26943164680376,19.106927969778038,24.38264075005378,,1,trend_break,True,False,False,False,False,False,False,False,False,8129.T,,4158.0,15.931645,0.99114835,260.99,4195.134,269029359616.0,1778653800.0,1785911400.0,1785911400.0,True,,,True,1785911400.0,2026-08-05,40.0
4,False,36.296296296296305,True,False,True,False,0.4690178038550433,2876.0,2876.0,652266245.0,652.266245,3272.587158203125,0.8788154023005827,-0.1367685982270006,-0.04859549228322757,36.958774745467274,1.285075617019029,-0.04292845257903499,-0.07717503488962818,24.426724223389513,16.064799263452855,24.940625567847082,,2,trend_break;di_bear,True,False,False,False,False,False,True,False,False,8130.T,,2876.0,11.5502,1.3910385,249.0,2067.52,169084944384.0,1778653800.0,1786084200.0,1786084200.0,True,,,True,1786084200.0,2026-08-07,42.0
2,False,44.32432432432433,True,False,True,True,0.43428163927541213,1814.0,1814.0,118491190.0,118.49119,2479.0,0.7317466720451795,-0.3057684550221864,-0.14586970302638724,60.177797630433986,3.3174089101672544,-0.030982905982905984,-0.2682533279548205,42.08027484434121,15.556914031676486,24.273093845521906,fund_low_adv20,2,trend_break;di_bear,True,False,False,False,False,False,True,False,False,8131.T,,1814.0,11.009954,0.9421727,164.76,1925.337,99125739520.0,,1754463600.0,1754982000.0,True,,,False,1754463600.0,2025-08-06,-220.0
5,True,57.03125,True,True,False,False,0.2097150106263321,8350.0,8350.0,79735650.0,79.73565,8770.0,0.9521094640820981,-0.17682926829268297,0.23352818473695724,407.388786960763,4.878907628272611,-0.04789053591790193,-0.04789053591790193,20.078525995294296,35.80938715248252,17.30122167386638,fund_low_adv20,0,ext_dev200,False,False,False,False,False,True,False,False,False,8132.T,,8350.0,20.458666,1.5105171,408.14,5527.908,90505740288.0,,1754546400.0,1754978400.0,True,,,False,1754546400.0,2025-08-07,-219.0
6,True,57.80346820809249,True,True,False,True,0.3868487492290758,2006.0,2006.0,195542485.0,195.542485,2075.0,0.9667469879518072,-0.13681564339226937,0.04628851246468635,44.15971911623455,2.201381810380586,-0.020985846754514426,-0.033253012048192754,14.18478760773685,29.864762915526637,21.611979699884838,fund_low_adv20,0,,False,False,False,False,False,False,False,False,False,8133.T,,2006.0,14.091037,1.2460951,142.36,1609.829,226505539584.0,,1753761600.0,1754280000.0,True,,,False,1753761600.0,2025-07-29,-226.0
2,False,50.79365079365079,True,False,True,True,0.5539017252090208,411.0,411.0,8958455.0,8.958455,590.2322387695312,0.6963360741812744,-0.3121351675970866,-0.10867727319061948,11.006736887796805,2.6780381722133346,-0.02375296912114011,-0.14489929383140587,22.87301201060683,10.188925665253052,13.663313073337893,"fund_low_adv20,fund_small_mcap",2,trend_break;di_bear,True,False,False,False,False,False,True,False,False,8135.T,,411.0,8.24308,0.5247688,49.86,783.202,8045221376.0,,1747290600.0,1747290600.0,True,,,False,1747290600.0,2025-05-15,-279.0
2,False,53.09190909911737,False,False,True,False,0.4398917457125528,887.4000244140625,887.4000244140625,19319043007.723694,19319.043007723692,1709.564697265625,0.5190795211397501,-0.5092317937180475,-0.22207325314842274,39.74987715281636,4.479363991347942,-0.0483645850787533,-0.20041547794482395,11.815677305598797,21.50767309374673,22.304410710199814,earnings_blackout,1,trend_break,True,False,False,False,False,False,False,False,False,8136.T,,887.4,21.734018,7.812032,40.83,113.594,1075931709440.0,1778653800.0,1781505000.0,1781505000.0,True,,,True,1781505000.0,2026-06-15,3.0
4,True,58.1151832460733,False,False,True,True,0.22324557554644853,3745.0,3745.0,286702000.0,286.702,3955.0,0.9469026548672567,-0.11504424778761058,0.25312772474712686,139.24859393723287,3.7182535096724396,-0.04342273307790545,-0.053097345132743334,28.489609768451608,31.11845022191649,20.36143250563798,,1,macd_sell_like;ext_dev200,False,False,True,False,False,True,False,False,False,8137.T,,3745.0,17.630997,1.1021446,212.41,3397.921,58253844480.0,,1753686000.0,1754031600.0,True,,,True,1753686000.0,2025-07-28,-227.0
3,False,61.224489795918366,True,False,True,True,0.4329055298582806,4035.0,4035.0,2139525.0,2.139525,4866.50830078125,0.8291365699206219,-0.2773600530234923,-0.060761701377688215,61.43925309744667,1.5226580693295333,-0.0808656036446469,-0.13759295837837826,17.885687528637455,42.07630748121666,34.306109184233854,"fund_low_adv20,fund_small_mcap",2,trend_break;trailing_stop,True,False,False,False,True,False,False,False,False,8138.T,,4035.0,4.821595,0.39508238,836.86,10213.06,3631992320.0,,1746768600.0,1746768600.0,True,,,False,1746768600.0,2025-05-09,-283.0
4,True,21.35135135135134,False,False,True,False,0.43810664958218987,2263.0,2263.0,68472965.0,68.472965,2899.0,0.7806140048292515,-0.23525353570196617,0.14316175878192383,153.1407251501445,6.767155331424856,-0.21938599517074853,-0.21938599517074853,23.821111964918114,20.52378999446925,20.651330397932654,fund_low_adv20,2,trailing_stop;di_bear,False,False,False,False,True,False,True,False,False,8139.T,,2263.0,85.68724,2.4572105,26.41,920.963,34703204352.0,,1746772200.0,1746772200.0,True,,,False,1746772200.0,2025-05-09,-283.0
4,True,19.298245614035082,False,False,True,True,0.5729343524262358,1578.0,1578.0,1360851905.0,1360.851905,1740.0,0.906896551724138,-0.14655172413793105,0.37127534254692973,30.40414623381187,1.9267519793290155,-0.021698698078115308,-0.09310344827586203,25.942712150254774,25.138837479010878,18.785192471925132,,0,ext_dev200,False,False,False,False,False,True,False,False,False,8141.T,,1578.0,40.74361,0.85743207,38.73,1840.379,45051740160.0,,1753770600.0,1754289000.0,True,,,True,1753770600.0,2025-07-29,-226.0
5,True,40.16393442622951,False,False,True,True,0.4171478930714274,1295.0,1295.0,104139085.0,104.139085,1410.0,0.9184397163120568,-0.22631600141950714,0.04724483591306816,28.152115814658647,2.1739085571164978,-0.03789004457652301,-0.08156028368794321,14.51395100656816,15.783404166189813,19.928618196674726,fund_low_adv20,0,,False,False,False,False,False,False,False,False,False,8142.T,,1295.0,9.059745,1.1991106,142.94,1079.967,41290170368.0,,1749708000.0,1749708000.0,True,,,False,1749708000.0,2025-06-12,-259.0
0,False,20.51282051282051,False,True,False,False,0.357657670696761,155.0,155.0,1221660.0,1.22166,334.0,0.46407185628742514,-0.5359281437125749,-0.31727084526274063,6.876318909505828,4.436334780326341,-0.14835164835164838,-0.24390243902439024,43.54526673154031,8.327888490777346,47.7008019119616,"fund_neg_eps,fund_low_adv20,fund_small_mcap",5,trend_break;macd_sell_like;trailing_stop;di_bear;vol_distribution,True,False,True,False,True,False,True,True,False,8143.T,,155.0,-1.411914738568045,0.4911062,-109.78,315.614,366380000.0,,1752019200.0,1752451200.0,True,,,False,1752019200.0,2025-07-09,-240.0
7,True,53.38345864661654,True,True,False,False,0.4112429680804822,1333.0,1333.0,1513265.0,1.513265,1387.0,0.9610670511896179,-0.07508304693535717,0.05434316275514495,14.18162128956303,1.0638875686093796,-0.02700729927007295,-0.03893294881038212,14.846342516327908,28.155442280950854,30.566845855940162,"fund_low_adv20,fund_small_mcap",0,,False,False,False,False,False,False,False,False,False,8144.T,,1333.0,25.274933,0.30465305,52.74,4375.469,8374359040.0,,1747119600.0,1747119600.0,True,,,False,1747119600.0,2025-05-13,-281.0
3,False,58.4,False,False,True,False,0.45558616824897863,1222.0,1222.0,7233365.0,7.233365,1490.1893310546875,0.8200300287582415,-0.22675901318309866,-0.021809991896078795,30.923964104150997,2.5306026271809325,-0.12149532710280375,-0.12149532710280375,35.634061736201936,25.158043177058374,13.371760618942815,"fund_low_adv20,fund_small_mcap",2,trend_break;trailing_stop,True,False,False,False,True,False,False,False,False,8147.T,,1222.0,9.497901,0.4903737,128.66,2491.977,6338658304.0,,1747195200.0,1747195200.0,True,,,False,1747195200.0,2025-05-14,-280.0
4,False,39.3194706994329,False,False,True,False,0.5412618505950717,2749.0,2749.0,246481605.0,246.481605,3107.79443359375,0.8845501395731468,-0.16435914424464826,-0.0170158366471721,69.64970069578288,2.533637711741829,-0.03948287910552062,-0.04076101864892334,11.654263246951011,20.3778300569115,27.194736776147572,,2,trend_break;macd_sell_like,True,False,True,False,False,False,False,False,False,8150.T,,2749.0,6.7901692,0.73272353,404.85,3751.756,33654956032.0,,1754287200.0,1754632800.0,True,,,True,1754287200.0,2025-08-04,-222.0
4,True,61.328588374851726,False,False,True,False,0.27331859888556975,2028.0,2028.0,491657730.0,491.65773,2177.0,0.9315571887919155,-0.17482771982066603,0.17936943098641622,92.16802352220566,4.5447743354144805,-0.06844281120808449,-0.06844281120808449,38.46474828243437,29.33488710027326,12.333011503557891,,1,macd_sell_like,False,False,True,False,False,False,False,False,False,8151.T,,2028.0,17.418192,1.473014,116.43,1376.769,43814793216.0,,1754377200.0,1754982000.0,True,,,True,1754377200.0,2025-08-05,-221.0
5,True,47.23926380368098,False,False,True,False,0.25198757516564185,7380.0,7380.0,68210200.0,68.2102,8230.0,0.8967193195625759,-0.3116254022881193,0.2603557492494024,359.2365087472065,4.8677033705583534,-0.10328068043742411,-0.10328068043742411,34.51147740087145,27.957849844212323,19.188358771085397,"fund_low_adv20,fund_small_mcap",3,macd_sell_like;trailing_stop;ext_dev200;natr_spike,False,False,True,False,True,True,False,False,True,8152.T,,7380.0,5.530907,0.6403045,1334.32,11525.767,14300860416.0,,1747290600.0,1747290600.0,True,,,False,1747290600.0,2025-05-15,-279.0
3,False,40.17857142857142,True,False,True,False,0.5663308918358698,3590.0,3590.0,451272500.0,451.2725,4375.0,0.8205714285714286,-0.2114285714285714,-0.11582237868866019,78.23264279930108,2.1791822506769103,-0.08066581306017928,-0.17942857142857138,52.423189492092696,12.908486398442113,29.581181594376975,,3,trend_break;trailing_stop;di_bear,True,False,False,False,True,False,True,False,False,8153.T,,3590.0,24.15719,1.8753875,148.61,1914.271,110788460544.0,,1754546400.0,1754978400.0,True,,,True,1754546400.0,2025-08-07,-219.0
4,True,65.68265682656826,False,False,True,False,0.37628776790121277,4565.0,4565.0,1267917525.0,1267.917525,4980.0,0.9166666666666666,-0.15681811152061542,0.2076302109221415,168.14115413929875,3.6832673414961388,-0.08333333333333337,-0.08333333333333337,29.02599260327606,29.793317796476547,22.908239201723326,,1,trailing_stop;ext_dev200,False,False,False,False,True,True,False,False,False,8154.T,,4565.0,14.041402,1.1903027,325.11,3835.159,217563480064.0,1778740200.0,1785997800.0,1785997800.0,True,,,True,1785997800.0,2026-08-06,41.0
4,True,30.708661417322844,False,False,True,False,0.36810585306427746,3855.0,3855.0,176925600.0,176.9256,4145.0,0.9300361881785284,-0.16646710377787843,0.12550275584511228,132.85632837988243,3.446337960567637,-0.0699638118214716,-0.0699638118214716,22.736845221066613,18.466256331724367,23.838040314747712,fund_low_adv20,2,macd_sell_like;di_bear,False,False,True,False,False,False,True,False,False,8157.T,,3855.0,10.830173,1.4532161,355.95,2652.737,70212640768.0,,1753759800.0,1754278200.0,True,,,False,1753759800.0,2025-07-29,-226.0
5,False,57.5,True,False,True,True,0.5821190159428056,1108.0,1108.0,69917995.0,69.917995,1198.8310546875,0.9242336488262085,-0.16014663279747388,0.0470847855462595,23.003706765048978,2.0761468199502686,-0.00627802690582957,-0.00627802690582957,23.346905977629532,26.50736539599462,15.851850957552502,"fund_low_adv20,fund_small_mcap",1,trend_break,True,False,False,False,False,False,False,False,False,8158.T,,1108.0,10.696013,0.7487822,103.59,1479.736,25288615936.0,,1753941600.0,1754287200.0,True,,,False,1753941600.0,2025-07-31,-224.0
5,True,54.36241610738256,False,False,True,False,0.3862986110066244,3065.0,3065.0,118065440.0,118.06544,3401.61328125,0.9010430482778736,-0.20473396117123632,0.038037872143147355,96.79153140009588,3.1579618727600614,-0.06554878048780488,-0.06554878048780488,16.749894226402816,26.98235631874421,20.682428374050538,fund_low_adv20,1,macd_sell_like,False,False,True,False,False,False,False,False,False,8159.T,,3065.0,9.293793,0.6440197,329.79,4759.171,67358830592.0,,1754293500.0,1754639100.0,True,,,False,1754293500.0,2025-08-04,-222.0
3,False,46.79487179487179,True,False,True,False,0.4459709402839132,2304.0,2304.0,168563350.0,168.56335,2638.363525390625,0.8732685916202088,-0.14947277795323421,-0.06281226247981386,39.41841694401718,1.7108687909729678,-0.01873935264054516,-0.10628394103956551,35.434494916865084,11.587631570643012,18.72526160239405,fund_low_adv20,2,trend_break;di_bear,True,False,False,False,False,False,True,False,False,8160.T,,2304.0,37.585644,2.05408,61.3,1121.67,64880181248.0,,1754545200.0,1754977200.0,True,,,False,1754545200.0,2025-08-07,-219.0
4,False,53.02013422818792,True,False,True,False,0.5186258252089592,1188.0,1188.0,112145245.0,112.145245,1298.884033203125,0.9146313062839965,-0.1344537988872283,-0.0249278464244046,20.386338551326315,1.716021763579656,-0.024630541871921152,-0.07476635514018692,19.781566199572364,25.536511060491517,22.201193977699653,fund_low_adv20,1,trend_break,True,False,False,False,False,False,False,False,False,8163.T,,1188.0,32.26507,2.7535248,36.82,431.447,49128706048.0,,1753938000.0,1754283600.0,True,,,False,1753938000.0,2025-07-31,-224.0
2,False,35.0,True,False,True,True,0.5120811138998738,118.0,118.0,15417560.0,15.41756,272.0,0.4338235294117647,-0.5809859154929577,-0.3763048706361162,3.03057694155967,2.568285543694636,-0.06349206349206349,-0.13868613138686137,32.98519647869304,11.43096626590833,22.77310180199316,"fund_low_adv20,fund_small_mcap",2,trend_break;di_bear,True,False,False,False,False,False,True,False,False,8165.T,,118.0,1.400926,0.34336162,84.23,343.661,5519540736.0,,1754546400.0,1754978400.0,True,,,False,1754546400.0,2025-08-07,-219.0
1,False,60.0,False,False,True,True,0.3453123408345958,79.0,79.0,3496880.0,3.49688,112.0,0.7053571428571429,-0.41666666666666663,-0.10805012984080387,1.2789074794518864,1.6188702271542867,-0.012499999999999956,-0.024691358024691357,19.254378757812333,8.278335703603556,15.62082616608767,"fund_low_adv20,fund_small_mcap",3,trend_break;cross_sma25_down;macd_sell_like,True,True,True,False,False,False,False,False,False,8166.T,,79.0,6.5181518,0.32211766,12.12,245.252,3291525888.0,,1751954400.0,1752472800.0,True,,,False,1751954400.0,2025-07-08,-241.0
4,False,61.30434782608696,True,False,False,True,0.3555755496900792,1346.0,1346.0,87902540.0,87.90254,1482.0694580078125,0.9081895539560499,-0.24100495094073116,0.01137152049838197,27.966784178477354,2.077769998400992,0.0,-0.02109090909090905,20.076067680125718,34.8412114558529,18.97990548186639,fund_low_adv20,1,trend_break,True,False,False,False,False,False,False,False,False,8167.T,,1346.0,11.239144,0.6301929,119.76,2135.854,57672908800.0,,1752472800.0,1752818400.0,True,,,False,1752472800.0,2025-07-14,-237.0
5,True,87.596048298573,True,True,False,False,0.1484218900467235,3730.0,3730.0,348604370.0,348.60437,3730.0,1.0,-0.1688692297116544,0.3785190559715801,91.68627421966909,2.458077056827589,0.0,0.0,34.83288997759796,59.44951865143432,6.77774332163647,,1,rsi_reversal;ext_dev200,False,False,False,True,False,True,False,False,False,8173.T,,3730.0,29.409445,0.9161859,126.83,4071.226,96531193856.0,,1754278200.0,1754623800.0,True,,,True,1754278200.0,2025-08-04,-222.0
4,False,51.60493827160494,True,False,True,True,0.4254157318558789,2747.0,2747.0,1009456260.0,1009.45626,3099.23193359375,0.8863486369717043,-0.13543095276094586,-0.03822223935892155,70.95749583550102,2.5830904927375693,-0.022941490307664902,-0.09762435430811589,21.620112287527867,12.18387264665783,23.82206198016195,,2,trend_break;di_bear,True,False,False,False,False,False,True,False,False,8174.T,,2747.0,20.095098,4.368382,136.7,628.837,292666572800.0,1777530600.0,1777530600.0,1777530600.0,True,,,True,1777530600.0,2026-04-30,-29.0
0,False,25.59241706161137,False,False,True,False,0.46121939035388115,1233.0,1233.0,757882230.0,757.88223,1544.0,0.7985751295336787,-0.22150259067357514,-0.09565395668792398,31.262413579281045,2.535475553875186,-0.10065645514223198,-0.1866754617414248,46.136151360352095,9.51948701242429,29.147851094391935,,3,trend_break;trailing_stop;di_bear,True,False,False,False,True,False,True,False,False,8179.T,,1233.0,21.469616,2.2377331,57.43,551.004,121481994240.0,,1754375400.0,1754980200.0,True,,,True,1754375400.0,2025-08-05,-221.0
4,False,35.21126760563381,True,True,False,True,0.6107395795989422,977.0,977.0,3540805.0,3.540805,1213.5267333984375,0.805091452137974,-0.2031489926126706,-0.08394613621928038,18.704940748691584,1.9145282240216566,-0.03648915187376722,-0.06863679694947566,14.649805685747504,20.074216566870295,21.317051628722396,"fund_low_adv20,fund_small_mcap",1,trend_break,True,False,False,False,False,False,False,False,False,8181.T,,977.0,4.056972,0.2683975,240.82,3640.123,2509110016.0,,1752019200.0,1752451200.0,True,,,False,1752019200.0,2025-07-09,-240.0
2,False,64.0,True,False,True,True,0.5848581388427074,977.0,977.0,105132645.0,105.132645,1258.8740234375,0.7760903647310073,-0.3232795134186417,-0.0698971204083777,15.086085934212134,1.5441234323656228,-0.003061224489795955,-0.07655954631379958,23.88131109048572,26.96450393640253,23.13411481730782,fund_low_adv20,1,trend_break,True,False,False,False,False,False,False,False,False,8185.T,,977.0,140.98125,0.6638446,6.93,1471.73,33168332800.0,,1752129000.0,1752474600.0,True,,,False,1752129000.0,2025-07-10,-239.0
6,True,66.72413793103448,True,False,False,False,0.3272970588263687,2727.0,2727.0,598424915.0,598.424915,2760.36181640625,0.9879139697528188,-0.13924327387873214,0.08335132539075163,65.68477719989568,2.4086826989327346,0.0,0.0,25.63372715094041,39.58549514026888,17.197370730454082,,0,,False,False,False,False,False,False,False,False,False,8194.T,,2727.0,12.526988,1.5169358,217.69,1797.703,235933630464.0,,1751868000.0,1752213600.0,True,,,True,1751868000.0,2025-07-07,-242.0
3,False,35.64356435643565,False,False,True,False,0.43695165561628646,3320.0,3320.0,68528225.0,68.528225,3856.406982421875,0.8609049862042817,-0.16761897418200478,-0.04881191012033159,76.71315723185657,2.3106372660197763,-0.054131054131054124,-0.10027100271002709,22.37608901766264,19.371232857674737,20.50136906134132,fund_low_adv20,2,trend_break;di_bear,True,False,False,False,False,False,True,False,False,8198.T,,3320.0,10.328522,1.0907837,321.44,3043.683,105861660672.0,,1752127200.0,1752472800.0,True,,,False,1752127200.0,2025-07-10,-239.0
3,False,41.803278688524586,True,False,True,False,0.349231860779632,2090.0,2090.0,298454385.0,298.454385,2380.68115234375,0.8779000068708999,-0.1473028641397479,-0.07056029807543296,32.82626587026525,1.5706347306347013,-0.03952205882352944,-0.1064557503206498,40.63972847128188,15.363098914013735,24.283962719360233,,2,trend_break;di_bear,True,False,False,False,False,False,True,False,False,8200.T,,2090.0,31.310862,3.5561392,66.75,587.716,54161100800.0,,1752129000.0,1752474600.0,True,,,True,1752129000.0,2025-07-10,-239.0
3,False,45.45454545454546,False,False,True,True,0.3159001390091666,147.0,147.0,8885895.0,8.885895,171.71875,0.8560509554140128,-0.2745831188277199,-0.039807559645673396,1.8264565202292793,1.2424874287274008,-0.01342281879194629,-0.039215686274509776,29.568845355279084,7.89013093139449,23.68575310493429,"fund_neg_eps,fund_low_adv20,fund_small_mcap",2,trend_break;di_bear,True,False,False,False,False,False,True,False,False,8202.T,,147.0,-133.63636363636363,0.6213622,-1.1,236.577,13438175232.0,,1754550000.0,1754895600.0,True,,,False,1754550000.0,2025-08-07,-219.0
3,False,63.793103448275865,True,False,True,True,0.5733331833674888,734.0,734.0,44347900.0,44.3479,878.8118286132812,0.8352186168889116,-0.20915948400845563,-0.04561005210956115,10.927046194306744,1.4886983915949243,0.0,-0.05534105534105538,18.406633224025995,24.948254312997033,14.641795875584648,"fund_low_adv20,fund_small_mcap",1,trend_break,True,False,False,False,False,False,False,False,False,8203.T,,734.0,9.003925,0.6374455,81.52,1151.471,24460693504.0,,1752127200.0,1752472800.0,True,,,False,1752127200.0,2025-07-10,-239.0
4,False,53.846153846153854,False,False,True,True,0.5246753748763552,282.0,282.0,5419450.0,5.41945,300.0,0.94,-0.12171052631578949,-0.01364113326337868,2.3237000853359473,0.8240071224595558,-0.0035335689045936647,-0.06000000000000005,34.67934254883604,10.215222697978554,9.192907264961535,"fund_neg_eps,fund_low_adv20,fund_small_mcap",1,trend_break,True,False,False,False,False,False,False,False,False,8207.T,,282.0,-24.310344827586206,4.124737,-11.6,68.368,11289329664.0,,1754548200.0,1754980200.0,True,,,False,1754548200.0,2025-08-07,-219.0
4,False,38.5,False,False,True,True,0.4849302805252258,1612.0,1612.0,341582445.0,341.582445,1832.1832275390625,0.8798246680629173,-0.19112893420022126,-0.034655279779449266,34.34166129364592,2.1303760107720797,-0.04275534441805229,-0.05841121495327106,18.06674171923676,25.663872088640893,21.17307292796635,,1,trend_break,True,False,False,False,False,False,False,False,False,8214.T,,1612.0,14.34419,0.93624425,112.38,1721.773,135662731264.0,1778567400.0,1786084200.0,1786084200.0,True,,,True,1786084200.0,2026-08-07,42.0
3,False,55.05617977528089,True,False,True,True,0.41481616460513343,788.0,788.0,67056505.0,67.056505,978.44677734375,0.805358061620104,-0.21508249831949255,-0.0692821904985852,12.925551100629288,1.6402983630240213,-0.0037926675094817064,-0.0574162679425837,18.85006351591196,19.484290007383002,19.1675500605912,fund_low_adv20,1,trend_break,True,False,False,False,False,False,False,False,False,8217.T,,788.0,122.74143,0.43134922,6.42,1826.826,32057843712.0,,1750831200.0,1751263200.0,True,,,False,1750831200.0,2025-06-25,-250.0
5,True,62.50000000000001,True,False,True,True,0.37483514094649323,3595.0,3595.0,290397425.0,290.397425,3690.0,0.9742547425474255,-0.2536453070510467,0.06487603181456714,70.50160115711445,1.9611015620894143,0.0,-0.0257452574525745,11.370530116932914,26.292738176810502,15.103197026813039,,0,,False,False,False,False,False,False,False,False,False,8218.T,,3595.0,11.613257,0.6569151,309.56,5472.549,168812724224.0,1777357800.0,1785220200.0,1785220200.0,True,,,True,1785220200.0,2026-07-28,34.0
2,False,45.04504504504504,True,False,True,True,0.5361045472897791,693.0,693.0,601813365.0,601.813365,889.0440673828125,0.7794889200937685,-0.24863117081870523,-0.11926959937885251,15.727881169107658,2.2695355222377573,-0.03212290502793291,-0.17598097502972654,41.43732445263659,19.22640277037099,28.877604172675625,,2,trend_break;di_bear,True,False,False,False,False,False,True,False,False,8219.T,,693.0,14.452555,0.55546653,47.95,1247.6,98369773568.0,,1786084200.0,1786084200.0,True,,,True,1786084200.0,2026-08-07,42.0
1,False,47.72727272727273,False,False,True,True,0.1663362881517071,3310.0,3310.0,1306775.0,1.306775,4285.5654296875,0.7723601597750808,-0.2568075199747335,-0.08623926679112381,42.22277482533922,1.2756125324875898,-0.026470588235294135,-0.11615487316421891,16.754591785903223,31.733562841955425,45.875665996310424,"fund_low_adv20,fund_small_mcap",1,trend_break,True,False,False,False,False,False,False,False,False,8225.T,,3310.0,7.0422535,0.89790887,470.02,3686.343,2314808832.0,,1755064800.0,1755928800.0,True,,,False,1755064800.0,2025-08-13,-215.0
2,False,51.49700598802396,False,False,True,False,0.4029821708262191,379.0,379.0,136084940.0,136.08494,608.2036743164062,0.6231465149005867,-0.38671860143029335,-0.18494657061233788,20.60537224995719,5.436773680727491,-0.14831460674157304,-0.2704337577783623,17.605670883126027,21.656730191098326,30.038311959134177,"fund_low_adv20,fund_small_mcap",2,trend_break;trailing_stop,True,False,False,False,True,False,False,False,False,8226.T,,379.0,7.675172,0.9510784,49.38,398.495,5730242560.0,,1747031400.0,1747031400.0,True,,,False,1747031400.0,2025-05-12,-282.0
2,False,65.17412935323384,True,False,False,True,0.4914372605932002,3387.0,3387.0,2735455650.0,2735.45565,11302.67578125,0.29966355450261534,-0.7234283225936889,-0.565679052905982,77.86692105478443,2.298993830964996,0.0,-0.03778409090909096,20.792323544734533,23.932389004170865,19.111199206620842,,1,trend_break,True,False,False,False,False,False,False,False,False,8227.T,,3387.0,16.735016,1.4393815,202.39,2353.094,703202721792.0,1782714600.0,1782714600.0,1782714600.0,True,,,True,1782714600.0,2026-06-29,13.0
2,False,31.034482758620683,False,False,True,False,0.515633707122852,306.0,306.0,3344435.0,3.344435,330.4777526855469,0.9259322224063968,-0.12173229420230136,-0.030594819766784798,3.9575087347509377,1.2933035080885418,-0.040752351097178674,-0.07406777759360317,22.626353934933267,10.822541601832707,20.590968623209726,"fund_low_adv20,fund_small_mcap",2,trend_break;di_bear,True,False,False,False,False,False,True,False,False,8230.T,,306.0,19.113054,0.43540806,16.01,702.789,5566258688.0,,1754548200.0,1754893800.0,True,,,False,1754548200.0,2025-08-07,-219.0
4,True,55.4016620498615,False,False,True,True,0.5109998134132332,2014.0,2014.0,2474850875.0,2474.850875,2372.209228515625,0.8489976245730361,-0.28775485337437656,0.1363127240183868,48.63645080572899,2.4149181134920057,-0.025405274618920837,-0.025405274618920837,13.686668249552413,24.53648020379138,19.81704611198544,fund_neg_eps,0,,False,False,False,False,False,False,False,False,False,8233.T,,2014.0,-73.26300472899237,1.3120205,-27.49,1535.037,590130970624.0,1782801000.0,1782801000.0,1782801000.0,True,,,False,1782801000.0,2026-06-30,14.0
2,False,56.29032258064516,False,False,True,False,0.5025133104953833,1487.0,1487.0,516489400.0,516.4894,2860.0,0.51993006993007,-0.5213286713286713,-0.15249575540806914,86.16458287698563,5.794524739541737,-0.08717004297114794,-0.33378136200716846,27.458719630213274,22.24644721488101,22.1862024866806,,2,trend_break;trailing_stop,True,False,False,False,True,False,False,False,False,8237.T,,1487.0,35.455414,2.8327696,41.94,524.928,75450777600.0,,1752127200.0,1752472800.0,True,,,True,1752127200.0,2025-07-10,-239.0
5,True,53.409090909090914,True,False,True,True,0.304545784229443,2585.0,2585.0,1052630822.5,1052.6308225,2593.5,0.996722575669944,-0.30276368672970744,0.15709258555034555,71.23664710718955,2.7557697140112016,-0.003277424330055956,-0.003277424330055956,12.216861055629135,24.459654732995375,18.639019392764812,,0,,False,False,False,False,False,False,False,False,False,8242.T,,2585.0,10.253461,0.95471156,252.11,2707.624,297283846144.0,1785825000.0,1785825000.0,1785825000.0,True,,,True,1785825000.0,2026-08-04,39.0
2,False,77.29729729729729,True,False,True,True,0.41893693567267076,1790.0,1790.0,67325070.0,67.32507,2037.486328125,0.87853350242956,-0.256493944284368,-0.019460650658740364,26.942926071236762,1.5051914006277523,0.0,-0.02717391304347827,16.68633722358063,31.043854962911706,14.990009323533728,fund_low_adv20,1,trend_break,True,False,False,False,False,False,False,False,False,8244.T,,1790.0,19.136198,1.5753688,93.54,1136.242,72189681664.0,,1752040800.0,1752472800.0,True,,,False,1752040800.0,2025-07-09,-240.0
1,False,65.88235294117646,False,False,True,False,0.5332677022925844,272.0,272.0,15404140.0,15.40414,408.0,0.6666666666666666,-0.4558823529411765,-0.2606586118321803,12.865682399041726,4.73003029376534,-0.07796610169491525,-0.2935064935064935,33.26188514010244,24.279321437748326,20.006364141537468,"fund_neg_eps,fund_low_adv20,fund_small_mcap",2,trend_break;natr_spike,True,False,False,False,False,False,False,False,True,8247.T,,272.0,-1.3471348620672576,0.28069016,-201.91,969.04,1525568512.0,,1744266600.0,1744266600.0,True,,,False,1744266600.0,2025-04-10,-304.0
3,False,53.44387755102041,True,False,True,False,0.4070417534415103,2838.0,2838.0,3847685520.0,3847.68552,3207.723388671875,0.8847396287418177,-0.16560760524049511,-0.06200922786692309,65.1496417384444,2.295618102129824,-0.05995362702881746,-0.09329073482428119,29.872662420919767,23.85853266049548,23.949026388419743,,2,trend_break;di_bear,True,False,False,False,False,False,True,False,False,8252.T,,2838.0,17.911013,2.0882864,158.45,1359.009,508742270976.0,1778826600.0,1785825000.0,1785825000.0,True,,,True,1785825000.0,2026-08-04,39.0
7,True,49.08088235294118,True,False,True,True,0.2744528247674308,4211.0,4211.0,3415432795.0,3415.432795,4644.06396484375,0.9067489233304906,-0.15630220576229126,0.04515732783852289,113.32036421535436,2.691055906325204,-0.04317200636219043,-0.058784085829235555,15.994921982018031,23.790461720948752,21.671785720763285,,0,,False,False,False,False,False,False,False,False,False,8253.T,,4211.0,9.752426,0.7940604,431.79,5303.123,604801662976.0,1786516200.0,1786516200.0,1786516200.0,True,,,True,1786516200.0,2026-08-12,45.0
1,False,57.295373665480426,False,False,True,False,0.4532739564753245,253.0,253.0,209191755.0,209.191755,583.0,0.4339622641509434,-0.6397941680960548,-0.3256480309189045,26.02010838265179,10.284627819229957,-0.3162162162162162,-0.3162162162162162,63.35187316573493,32.072755346294166,26.71856468239745,fund_small_mcap,3,trend_break;trailing_stop;natr_spike,True,False,False,False,True,False,False,False,True,8254.T,,253.0,38.27534,1.207989,6.61,209.439,1532675968.0,,1752472800.0,1752818400.0,True,,,False,1752472800.0,2025-07-14,-237.0
3,False,66.5,True,False,True,False,0.498113799957267,1089.0,1089.0,206377355.0,206.377355,1288.309326171875,0.8452938885693629,-0.23698448809579087,-0.04589820344505491,29.13916762371793,2.6757729682018305,-0.0018331805682859637,-0.13844936708860756,26.962369479680433,32.670918306030465,17.431267935488588,,1,trend_break,True,False,False,False,False,False,False,False,False,8255.T,,1089.0,10.767253,1.0131882,101.14,1074.825,96412663808.0,,1754274600.0,1754620200.0,True,,,True,1754274600.0,2025-08-04,-222.0
0,False,32.27848101265822,False,False,True,False,0.40789737023384154,377.0,377.0,14499260.0,14.49926,519.0,0.7263969171483622,-0.3063583815028902,-0.13627124318859163,12.756585281115722,3.3837096236381226,-0.16222222222222227,-0.1995753715498938,33.122497400988024,18.278445426622987,36.10457150321336,"fund_low_adv20,fund_small_mcap",3,trend_break;trailing_stop;di_bear,True,False,False,False,True,False,True,False,False,8260.T,,377.0,8.564289,0.3432034,44.02,1098.474,4189139200.0,,1751954400.0,1752472800.0,True,,,False,1751954400.0,2025-07-08,-241.0
2,False,39.14327917282127,True,False,True,False,0.632335768034694,1423.0,1423.0,12504382850.0,12504.38285,2868.67919921875,0.49604710083565173,-0.5344547412747626,-0.29634205902550104,49.11001303751755,3.4511604383357373,-0.06289101086598614,-0.29866929521931984,55.92344326518047,13.278694021267432,24.868719697200206,,2,trend_break;di_bear,True,False,False,False,False,False,True,False,False,8267.T,,1423.0,52.99814,3.226516,26.85,441.033,3936907165696.0,1783665000.0,1783665000.0,1783665000.0,True,,,True,1783665000.0,2026-07-10,22.0
3,False,41.91176470588235,True,False,True,False,0.40022867997910705,930.0,930.0,541584420.0,541.58442,1119.559814453125,0.830683620467639,-0.2148699974289735,-0.0746492299225131,19.417238469267488,2.0878751042223103,-0.05102040816326525,-0.1412742382271468,33.721805933195554,17.090356786206172,25.936798539429866,,2,trend_break;di_bear,True,False,False,False,False,False,True,False,False,8273.T,,930.0,11.712846,0.66458094,79.4,1399.378,195391455232.0,1784010600.0,1784010600.0,1784010600.0,True,,,True,1784010600.0,2026-07-14,24.0
1,False,42.666666666666664,False,False,True,False,0.48288453228326006,1000.0,1000.0,8296215.0,8.296215,1486.26611328125,0.6728270200497852,-0.32717297995021477,-0.14497813698293682,20.194907813818208,2.019490781381821,-0.07493061979648474,-0.11032028469750887,24.35049687916854,15.238870990022235,22.880354387941974,"fund_low_adv20,fund_small_mcap",2,trend_break;di_bear,True,False,False,False,False,False,True,False,False,8275.T,,1000.0,17.655367,1.380672,56.64,724.285,26113464320.0,,1754546400.0,1754978400.0,True,,,False,1754546400.0,2025-08-07,-219.0
3,False,39.51434878587197,True,False,True,False,0.38712604328985506,2550.0,2550.0,285698965.0,285.698965,3172.0,0.8039092055485498,-0.22477931904161408,-0.10555950069124809,55.39676657316532,2.1724222185555027,-0.04850746268656714,-0.15980230642504123,30.632044707439693,14.153380860445239,23.39687754262902,,2,trend_break;di_bear,True,False,False,False,False,False,True,False,False,8276.T,,2550.0,13.475665,0.64410186,189.23,3959.001,126109925376.0,,1750912200.0,1750912200.0,True,,,True,1750912200.0,2025-06-26,-249.0
1,False,33.65617433414043,False,False,True,False,0.2874019100091451,1962.0,1962.0,223265645.0,223.265645,2291.0,0.8563945875163684,-0.17590571802706245,-0.03980041034762394,41.42472451554926,2.1113519121075055,-0.07058266224538134,-0.14360541248363157,28.368301721512193,15.659544378764984,32.82303805769456,,2,trend_break;di_bear,True,False,False,False,False,False,True,False,False,8278.T,,1962.0,20.772896,0.74905825,94.45,2619.289,170001186816.0,1783578600.0,1783578600.0,1783578600.0,True,,,True,1783578600.0,2026-07-09,21.0
4,False,55.55555555555556,True,False,True,False,0.34169873139598583,1065.0,1065.0,148737880.0,148.73788,1170.03466796875,0.9102294394822535,-0.25292170612244136,0.006646322147285444,21.977030612109598,2.063570949493859,0.0,0.0,20.155916943027396,31.22793269480622,20.197653446049653,"fund_neg_eps,fund_low_adv20",1,trend_break,True,False,False,False,False,False,False,False,False,8281.T,,1065.0,-20.355504587155963,0.37300676,-52.32,2855.176,44071747584.0,,1754539200.0,1754971200.0,True,,,False,1754539200.0,2025-08-07,-219.0
4,True,62.97169811320755,False,False,False,True,0.3855359581000092,2137.5,2137.5,1675418392.5,1675.4183925,2138.5,0.9995323825111059,-0.1476780991130482,0.2979059642883566,55.41149312094727,2.5923505553659543,-0.00046761748889412313,-0.00046761748889412313,42.43982127770497,33.87643028007089,8.192887082440468,,0,ext_dev200,False,False,False,False,False,True,False,False,False,8282.T,,2137.5,23.463228,1.3270471,91.1,1610.719,330266116096.0,1778221800.0,1785997800.0,1785997800.0,True,,,True,1785997800.0,2026-08-06,41.0
4,True,75.0,False,False,True,True,0.35574124771846016,6634.0,6634.0,4324391755.0,4324.391755,6634.0,1.0,-0.12455277025725453,0.36250808020148906,51.65290104543042,0.7786086983031417,0.0,0.0,65.71184703127199,67.62203582511563,8.588576170149198,,1,macd_sell_like;ext_dev200,False,False,True,False,False,True,False,False,False,8283.T,,6634.0,18.486834,1.3366328,358.85,4963.218,402225561600.0,1778481000.0,1785738600.0,1785738600.0,True,,,True,1785738600.0,2026-08-03,38.0
3,True,32.903225806451616,False,False,True,True,0.4144861684808492,625.0,625.0,48368125.0,48.368125,795.0,0.7861635220125787,-0.21383647798742134,0.06462260900109462,25.37619573046228,4.060191316873964,-0.10329985652797702,-0.21383647798742134,45.90678379076639,10.618584883195414,34.95032897049301,fund_low_adv20,2,trailing_stop;di_bear,False,False,False,False,True,False,True,False,False,8285.T,,625.0,10.611205,0.6779073,58.9,921.955,38481485824.0,,1753673400.0,1754019000.0,True,,,False,1753673400.0,2025-07-28,-227.0
5,True,46.308724832214764,False,False,True,True,0.5601327383164102,994.0,994.0,84482745.0,84.482745,1128.0,0.8812056737588653,-0.26603363437058336,0.7719149694727929,36.613295909630715,3.6834301719950417,-0.042389210019267876,-0.11879432624113473,20.852327082485868,25.392764471077783,20.592323068063003,"fund_neg_eps,fund_low_adv20,fund_small_mcap",0,ext_dev200,False,False,False,False,False,True,False,False,False,8289.T,,994.0,-6.012217988265892,1.0841221,-165.33,916.871,22832689152.0,,1752129000.0,1752474600.0,True,,,False,1752129000.0,2025-07-10,-239.0
4,True,58.41584158415842,False,False,True,False,0.3374756088235403,574.0,574.0,74321735.0,74.321735,583.0,0.9845626072041166,-0.13322403121768744,0.1324616495035822,14.206942376223795,2.475077069028536,-0.015437392795883409,-0.015437392795883409,18.578165555035568,26.623827393649098,19.608537624627818,fund_low_adv20,0,,False,False,False,False,False,False,False,False,False,8291.T,,574.0,12.715995,0.58250815,45.14,985.394,34130941952.0,,1754546400.0,1754978400.0,True,,,False,1754546400.0,2025-08-07,-219.0
2,False,43.38624338624338,False,False,True,True,0.2551260330732351,24000.0,24000.0,4225550.0,4.22555,26720.0,0.8982035928143712,-0.21612903225806457,-0.04411603634748773,162.9208013703458,0.6788366723764409,-0.02000816659861171,-0.04761904761904767,16.484728958103496,34.24180792009549,48.46369294512786,"fund_neg_eps,fund_low_adv20,fund_small_mcap",1,trend_break,True,False,False,False,False,False,False,False,False,8301.T,,24000.0,,,,,,,,,True,,,False,,,
0,False,,False,False,False,False,,1445.0,1445.0,,,,,,,,,,,,,,"insufficient_daily,fund_low_adv20",0,insufficient_daily,False,False,False,False,False,False,False,False,False,8303.T,,1445.0,10.509855,1.0461887,137.49,1381.204,1281714946048.0,1785479400.0,1785479400.0,1785479400.0,True,,,False,1785479400.0,2026-07-31,37.0
6,True,46.309963099631,True,False,True,False,0.28687027349411914,2748.5,2748.5,3473538517.5,3473.5385175,2864.488525390625,0.959508120084088,-0.23006230119115523,0.11483095608575633,72.65463411267031,2.643428565132629,-0.016108824055843907,-0.016108824055843907,12.354698366652185,26.98787331428122,21.248322054680504,,0,,False,False,False,False,False,False,False,False,False,8304.T,,2748.5,14.827903,0.7924732,185.36,3468.256,380340371456.0,1778740200.0,1785393000.0,1785393000.0,True,,,True,1785393000.0,2026-07-30,36.0
4,True,63.30275229357798,False,False,False,True,0.32026914014716124,3183.0,3183.0,143328411995.0,143328.411995,3219.0,0.9888164026095061,-0.1687196079361254,0.23524691255386987,86.8036371528737,2.727101387146519,-0.011183597390493905,-0.011183597390493905,29.89260932632563,34.46816613286686,13.81558731779981,,0,ext_dev200,False,False,False,False,False,True,False,False,False,8306.T,,3183.0,14.984465,1.6130193,212.42,1973.318,35894329344000.0,1778826600.0,1785825000.0,1785825000.0,True,,,True,1785825000.0,2026-08-04,39.0
6,True,52.56064690026954,True,False,False,True,0.28366898025490866,2139.0,2139.0,18823524390.0,18823.52439,2154.0,0.9930362116991643,-0.226267251891221,0.25936305814919924,72.25829763447486,3.3781345317660056,-0.0069637883008356605,-0.0069637883008356605,23.71699929838217,34.35611174830137,19.753217537082634,,0,ext_dev200,False,False,False,False,False,True,False,False,False,8308.T,,2139.0,18.807701,1.6586667,113.73,1289.59,4809220423680.0,1778567400.0,1785393000.0,1785393000.0,True,,,True,1785393000.0,2026-07-30,36.0
5,True,61.95773081201335,True,False,False,True,0.34611368050970626,5918.0,5918.0,17795554340.0,17795.55434,5936.0,0.996967654986523,-0.16083183691299197,0.2429736608952111,157.57752464092897,2.6626820655783874,-0.0030323450134770447,-0.0030323450134770447,20.43607738936525,36.34026356422582,16.512641528546887,,0,ext_dev200,False,False,False,False,False,True,False,False,False,8309.T,,5918.0,13.100746,1.1592252,451.73,5105.134,4124757458944.0,1778740200.0,1785393000.0,1785393000.0,True,,,True,1785393000.0,2026-07-30,36.0
5,True,59.55165692007798,True,False,False,True,0.41010046320032695,6227.0,6227.0,91972700090.0,91972.70009,6230.0,0.9995184590690208,-0.19261767233312777,0.2621079804932185,175.3516227065226,2.8159888020960753,-0.00048154093097918516,-0.00048154093097918516,25.191296251371938,34.52885125285453,16.713704048816403,,0,ext_dev200,False,False,False,False,False,True,False,False,False,8316.T,,6227.0,15.124356,1.5056093,411.72,4135.867,23737327943680.0,1778653800.0,1785393000.0,1785393000.0,True,,,True,1785393000.0,2026-07-30,36.0
4,True,58.82352941176471,True,False,False,True,0.4404230421734329,2433.5,2433.5,6365016090.0,6365.01609,2439.0,0.9977449774497745,-0.1930406569073687,0.30767520207375987,76.34806254292458,3.137376722536453,-0.0022550225502254717,-0.0022550225502254717,19.6790706545279,34.85055921123029,18.39233961482879,,0,ext_dev200,False,False,False,False,False,True,False,False,False,8331.T,,2433.5,18.206644,1.3506756,133.66,1801.691,1690639007744.0,1778826600.0,1785738600.0,1785738600.0,True,,,True,1785738600.0,2026-08-03,38.0
5,True,46.632653061224495,True,False,True,True,0.3189841512004463,2313.0,2313.0,2330775735.0,2330.775735,2363.5,0.9786333826951555,-0.12930296560056764,0.2420797980565732,76.83001767974164,3.321660945946461,-0.02136661730484446,-0.02136661730484446,12.859174846956051,32.52443079685901,20.259223543613018,,0,ext_dev200,False,False,False,False,False,True,False,False,False,8334.T,,2313.0,14.940895,1.4135982,154.81,1636.25,875470913536.0,1778481000.0,1785306600.0,1785306600.0,True,,,True,1785306600.0,2026-07-29,35.0
4,True,45.39473684210527,False,False,True,True,0.291916604448119,2473.0,2473.0,1054614405.0,1054.614405,2501.0,0.9888044782087165,-0.1088957119875047,0.3915414570780982,70.54939547939256,2.852785906970989,-0.01119552179128347,-0.01119552179128347,16.27272348299408,25.472473092707464,25.248831085665547,,0,ext_dev200,False,False,False,False,False,True,False,False,False,8336.T,,2473.0,15.9107,0.8721538,155.43,2835.509,240628908032.0,,1753759200.0,1754277600.0,True,,,True,1753759200.0,2025-07-29,-226.0
4,True,63.3147113594041,False,False,True,True,0.3753386877230443,2408.0,2408.0,513470365.0,513.470365,2483.0,0.9697946033024567,-0.2763173281430725,0.28654390088324155,89.4202876838728,3.7134670965063457,-0.030205396697543296,-0.030205396697543296,22.740172914035554,28.875159882780103,12.980530536112528,,0,ext_dev200,False,False,False,False,False,True,False,False,False,8337.T,,2408.0,22.818155,0.7170128,105.53,3358.378,138252156928.0,,1754373600.0,1754978400.0,True,,,True,1754373600.0,2025-08-05,-221.0
4,True,64.1891891891892,True,True,False,True,0.4706929159528955,687.0,687.0,1065678135.0,1065.678135,726.98193359375,0.9450028511766393,-0.30975074752939025,0.4683710508637957,30.508154351226946,4.440779381546863,0.0,0.0,12.012474356410872,38.84991829001482,21.14638240075328,,0,ext_dev200,False,False,False,False,False,True,False,False,False,8338.T,,687.0,20.313425,0.5348676,33.82,1284.43,56616292352.0,,1753941600.0,1754287200.0,True,,,True,1753941600.0,2025-07-31,-224.0
5,True,50.55821371610845,True,True,False,True,0.31898555913440885,3256.0,3256.0,1931992720.0,1931.99272,3399.0,0.9579288025889967,-0.14239482200647247,0.2544146919552446,106.70022129279202,3.277033823488699,-0.013034252803879931,-0.04207119741100329,12.713640068911424,29.192635304401392,24.002740709714523,,0,ext_dev200,False,False,False,False,False,True,False,False,False,8341.T,,3256.0,13.436223,1.0498698,242.33,3101.337,726407970816.0,1778653800.0,1784269800.0,1784269800.0,True,,,True,1784269800.0,2026-07-17,27.0
4,True,59.4059405940594,False,False,False,True,0.39434368531935016,6280.0,6280.0,411623200.0,411.6232,6280.0,1.0,-0.16579403719853048,0.41061396679407025,232.09207408323087,3.695733663745714,0.0,0.0,20.032777206373773,38.10428976432709,21.57988186263692,,0,ext_dev200,False,False,False,False,False,True,False,False,False,8343.T,,6280.0,14.50782,0.6258978,432.87,10033.587,111770009600.0,,1753675200.0,1754020800.0,True,,,True,1753675200.0,2025-07-28,-227.0
5,True,73.06002928257686,True,True,False,True,0.3641773320244207,3350.0,3350.0,411459160.0,411.45916,3350.0,1.0,-0.16944240146103806,0.5860187335135882,118.29426385080527,3.5311720552479184,0.0,0.0,25.315971731982952,41.935023052839654,18.03084907888475,,0,ext_dev200,False,False,False,False,False,True,False,False,False,8344.T,,3350.0,16.107319,0.6954442,207.98,4817.065,103899119616.0,,1753768800.0,1754287200.0,True,,,True,1753768800.0,2025-07-29,-226.0
5,True,54.56570155902005,True,False,True,True,0.3199195771748723,2000.0,2000.0,607252235.0,607.252235,2040.0,0.9803921568627451,-0.13642755197874956,0.4421361263585537,83.92345017527597,4.196172508763799,-0.001996007984031989,-0.019607843137254943,13.13230936463307,26.88258871962032,21.836702207084706,,0,ext_dev200,False,False,False,False,False,True,False,False,False,8345.T,,2000.0,15.496669,0.70893884,129.06,2821.118,138065117184.0,,1753765200.0,1754283600.0,True,,,True,1753765200.0,2025-07-29,-226.0
4,True,46.610169491525426,False,False,False,True,0.2980449774456904,770.0,770.0,594555810.0,594.55581,779.0,0.9884467265725289,-0.1847968568626548,0.35956746986002663,26.22100435206388,3.4053252405277763,-0.011553273427471145,-0.011553273427471145,17.44093898447632,32.270164535023646,24.54244153572605,,0,ext_dev200,False,False,False,False,False,True,False,False,False,8346.T,,770.0,15.571284,0.8836558,49.45,871.38,192413286400.0,,1754283600.0,1754629200.0,True,,,True,1754283600.0,2025-08-04,-222.0
7,True,46.288209606986904,True,True,False,True,0.481946168170045,1423.0,1423.0,24304225.0,24.304225,1669.2398681640625,0.8524838323955843,-0.2026310745477703,0.0161815563238783,34.88508889222301,2.4515171392988764,-0.018620689655172384,-0.060105680317041,15.760338390044186,29.18261641996289,23.370081245176813,"fund_low_adv20,fund_small_mcap",0,,False,False,False,False,False,False,False,False,False,8349.T,,1423.0,13.618528,0.4018733,104.49,3540.917,13461952512.0,,1753761600.0,1754280000.0,True,,,False,1753761600.0,2025-07-29,-226.0
5,True,54.69090909090909,True,False,True,True,0.3595817072957332,6860.0,6860.0,4702126790.0,4702.12679,7183.04345703125,0.9550269382381318,-0.1916906630898112,0.2713688936496448,217.47130307416847,3.170135613326071,-0.009529309846953549,-0.009529309846953549,12.854504816047019,33.71935326112031,21.119639734391807,,0,ext_dev200,False,False,False,False,False,True,False,False,False,8354.T,,6860.0,15.167931,1.2043962,452.27,5695.8,1296283860992.0,1778653800.0,1785997800.0,1785997800.0,True,,,True,1785997800.0,2026-08-06,41.0
5,True,47.540983606557376,False,False,True,True,0.2807638108756071,2363.0,2363.0,1981967485.0,1981.967485,2395.0,0.9866388308977035,-0.1439148909821818,0.2961870711306842,76.19573596656512,3.2245338961728787,-0.013361169102296455,-0.013361169102296455,20.953097020394893,27.42482263072359,22.77532654811579,,0,ext_dev200,False,False,False,False,False,True,False,False,False,8358.T,,2363.0,11.903683,1.2466296,198.51,1895.511,402046025728.0,1778740200.0,1785997800.0,1785997800.0,True,,,True,1785997800.0,2026-08-06,41.0
4,True,47.7751756440281,False,False,False,True,0.2563611421948519,2331.0,2331.0,3413961492.5,3413.9614925,2435.5,0.9570929993841101,-0.1513761373588195,0.3025160496331687,83.06821803004617,3.563630117119098,-0.04290700061588992,-0.04290700061588992,18.408823283412104,29.239590383282337,22.6106493935872,,1,macd_sell_like;ext_dev200,False,False,True,False,False,True,False,False,False,8359.T,,2331.0,16.52957,0.9197171,141.02,2534.475,1063268057088.0,1778826600.0,1786084200.0,1786084200.0,True,,,True,1786084200.0,2026-08-07,42.0
5,True,51.470588235294116,True,False,True,True,0.2923543909833639,6070.0,6070.0,752629200.0,752.6292,6120.0,0.9918300653594772,-0.16844925542245248,0.3985384492674324,244.54148526860118,4.02869003737399,-0.008169934640522847,-0.008169934640522847,14.293839443597731,30.21751637935553,21.277750647964787,,0,ext_dev200,False,False,False,False,False,True,False,False,False,8360.T,,6070.0,18.643652,0.7987183,325.58,7599.676,186255212544.0,,1754287200.0,1754632800.0,True,,,True,1754287200.0,2025-08-04,-222.0
4,True,42.32804232804233,False,False,True,True,0.3518898888963244,7410.0,7410.0,1538786600.0,1538.7866,7960.0,0.9309045226130653,-0.15643270392734465,0.44943274138251477,280.8068685155127,3.789566376727567,-0.06909547738693467,-0.06909547738693467,15.419389270968136,30.768012719940323,25.167324199668034,,0,ext_dev200,False,False,False,False,False,True,False,False,False,8361.T,,7410.0,15.935484,0.84269476,465.0,8793.22,304427270144.0,,1754548200.0,1754893800.0,True,,,True,1754548200.0,2025-08-07,-219.0
5,True,89.85507246376812,True,True,False,True,0.4045437931361749,5770.0,5770.0,509026825.0,509.026825,5770.0,1.0,-0.22116195080901058,1.0008475413658977,252.9742464144088,4.384302364201193,0.0,0.0,52.882065132009046,45.98355999450221,5.520198483016365,,1,rsi_reversal;ext_dev200,False,False,False,True,False,True,False,False,False,8362.T,,5770.0,15.855132,0.89256513,363.92,6464.514,136495882240.0,,1754546400.0,1754978400.0,True,,,True,1754546400.0,2025-08-07,-219.0
4,True,33.210332103321036,False,False,False,True,0.5503065390147058,2467.0,2467.0,80452815.0,80.452815,2891.158935546875,0.8532910348401017,-0.17437952972706816,0.06933411616523655,75.86611711834196,3.0752378240106184,-0.06729678638941394,-0.10127504553734057,11.373997421943342,29.9526723321301,26.70505235624719,"fund_low_adv20,fund_small_mcap",0,,False,False,False,False,False,False,False,False,False,8364.T,,2467.0,14.009086,0.35183704,176.1,7011.769,27923365888.0,,1754287200.0,1754632800.0,True,,,False,1754287200.0,2025-08-04,-222.0
6,True,44.65408805031446,True,True,False,True,0.5497527032985157,2082.0,2082.0,17830655.0,17.830655,2544.990966796875,0.8180775598667074,-0.21257087897556115,0.05090028793772272,68.08733247627093,3.270284941223388,-0.016068052930056753,-0.13249999999999995,12.303016643942222,25.52569712268414,24.428075291756763,"fund_low_adv20,fund_small_mcap",0,,False,False,False,False,False,False,False,False,False,8365.T,,2082.0,10.600815,0.35792994,196.4,5816.781,11107638272.0,,1753941600.0,1754287200.0,True,,,False,1753941600.0,2025-07-31,-224.0
4,True,56.513409961685824,True,True,False,True,0.3197246511691357,2226.0,2226.0,1623701710.0,1623.70171,2238.0,0.9946380697050938,-0.12826088831586024,0.4092914317890861,85.01504027896955,3.8191841994146247,-0.00536193029490617,-0.00536193029490617,18.12337028633591,40.00944312152653,20.83138071287379,,1,ext_dev200;vol_distribution,False,False,False,False,False,True,False,True,False,8366.T,,2226.0,24.140549,1.0079135,92.21,2208.523,511711477760.0,1778653800.0,1785306600.0,1785306600.0,True,,,True,1785306600.0,2026-07-29,35.0
4,True,51.26353790613718,False,False,True,True,0.28583008839612983,1765.0,1765.0,768129305.0,768.129305,1765.0,1.0,-0.10793240961135941,0.40167610589710256,59.04889777758755,3.3455466162939125,0.0,0.0,18.253738868284934,32.09847729258689,21.211557670278864,,0,ext_dev200,False,False,False,False,False,True,False,False,False,8367.T,,1765.0,16.243328,0.92368287,108.66,1910.829,277214789632.0,1778221800.0,1785479400.0,1785479400.0,True,,,True,1785479400.0,2026-07-31,37.0
4,True,46.2046204620462,False,False,False,True,0.3344315810986409,1980.0,1980.0,1717723295.0,1717.723295,2003.0,0.9885172241637543,-0.15823525207783895,0.5270679402898355,75.92582410313007,3.8346375809661652,-0.011482775836245684,-0.011482775836245684,17.303235126222816,33.361316168269255,20.654091190473427,,0,ext_dev200,False,False,False,False,False,True,False,False,False,8368.T,,1980.0,17.97712,0.9299949,110.14,2129.044,478138826752.0,1778567400.0,1785393000.0,1785393000.0,True,,,True,1785393000.0,2026-07-30,36.0
4,True,44.24778761061947,False,False,True,True,0.37802509636021536,4460.0,4460.0,752425100.0,752.4251,4525.0,0.9856353591160221,-0.13563224890938674,0.28151742680864156,143.80140452203437,3.2242467381622055,-0.01436464088397793,-0.01436464088397793,18.407935447517804,32.53933007959011,20.025404840776755,,0,ext_dev200,False,False,False,False,False,True,False,False,False,8370.T,,4460.0,13.123823,1.1605706,339.84,3842.937,287289966592.0,1778740200.0,1785738600.0,1785738600.0,True,,,True,1785738600.0,2026-08-03,38.0
4,True,35.43046357615894,False,False,True,True,0.34607923808533997,6449.0,6449.0,2218481650.0,2218.48165,6801.0,0.9482429054550802,-0.14668697638994665,0.29834110494411625,244.0208628907021,3.783855836419632,-0.051757094544919835,-0.051757094544919835,11.83404901300187,28.16517036856424,23.254279135036306,,0,ext_dev200,False,False,False,False,False,True,False,False,False,8377.T,,6449.0,13.343126,1.0667423,483.32,6045.509,774233980928.0,1778481000.0,1784874600.0,1784874600.0,True,,,True,1784874600.0,2026-07-24,32.0
4,True,61.64383561643835,True,False,False,True,0.22791094728275327,2134.0,2134.0,1119204330.0,1119.20433,2134.0,1.0,-0.16381685673437174,0.35344604599165685,60.624981264948026,2.840908212977883,0.0,0.0,16.531819787094594,29.783276441088752,19.285939506871607,,0,ext_dev200,False,False,False,False,False,True,False,False,False,8381.T,,2134.0,15.365783,1.0015116,138.88,2130.779,320323223552.0,1778826600.0,1785393000.0,1785393000.0,True,,,True,1785393000.0,2026-07-30,36.0
3,False,36.257309941520475,True,False,False,True,0.5908927490238811,1479.0,1479.0,55054295.0,55.054295,1993.7152099609375,0.7418311264370491,-0.27773034342843095,-0.02924609651010579,41.17623551312698,2.784059196289857,-0.11277744451109784,-0.15261188353767985,26.697043954182842,23.0137340702742,26.169357072532634,"fund_low_adv20,fund_small_mcap",3,trend_break;trailing_stop;di_bear,True,False,False,False,True,False,True,False,False,8383.T,,1479.0,8.740618,0.2723754,169.21,5430.006,13842230272.0,,1753857000.0,1754289000.0,True,,,False,1753857000.0,2025-07-30,-225.0
4,True,36.97478991596639,False,False,True,True,0.47260789409614695,2489.0,2489.0,869872345.0,869.872345,2582.0,0.9639814097598761,-0.2102713187598404,0.36891388691702875,95.476529172596,3.8359392998230617,-0.03601859024012388,-0.03601859024012388,14.841767795789067,24.971936799135726,25.376737856361054,,0,ext_dev200,False,False,False,False,False,True,False,False,False,8386.T,,2489.0,14.984047,0.7321971,166.11,3399.358,281477513216.0,,1754287200.0,1754632800.0,True,,,True,1754287200.0,2025-08-04,-222.0
4,True,59.7979797979798,True,False,True,True,0.372838250047048,2901.0,2901.0,354368500.0,354.3685,2901.0,1.0,-0.12225835550831599,0.4908055513705507,102.69590164236942,3.5400172920499626,0.0,0.0,15.012674763907123,27.789530850595284,25.37078574452849,,0,ext_dev200,False,False,False,False,False,True,False,False,False,8387.T,,2901.0,6.946839,0.6362865,417.6,4559.267,121505914880.0,,1753938000.0,1754283600.0,True,,,True,1753938000.0,2025-07-31,-224.0
4,True,44.95412844036698,False,False,False,True,0.3113018127793261,6820.0,6820.0,673998950.0,673.99895,6940.0,0.9827089337175793,-0.11813649958317207,0.41056047475533286,234.69787283630922,3.441317783523595,-0.01729106628242072,-0.01729106628242072,18.150697970180662,25.335831560313277,18.265371311039214,,0,ext_dev200,False,False,False,False,False,True,False,False,False,8388.T,,6820.0,17.174948,0.66534513,397.09,10250.319,265137864704.0,,1753333200.0,1753678800.0,True,,,True,1753333200.0,2025-07-24,-229.0
4,True,56.91318327974276,True,False,True,True,0.477688658815079,2361.0,2361.0,968366500.0,968.3665,2374.0,0.9945240101095199,-0.11874384513367064,0.559352715244551,117.21935086890323,4.964817910584635,-0.0054759898904801485,-0.0054759898904801485,14.35410436148659,27.633169311201566,18.070191521999217,,0,ext_dev200,False,False,False,False,False,True,False,False,False,8392.T,,2361.0,17.000288,0.72731954,138.88,3246.166,178311823360.0,,1754546400.0,1754978400.0,True,,,True,1754546400.0,2025-08-07,-219.0
5,True,52.09580838323353,True,False,True,True,0.46917497238622324,2072.0,2072.0,784972340.0,784.97234,2142.0,0.9673202614379085,-0.13352007469654525,0.46164288408932475,90.74147103373899,4.379414625180454,0.0,-0.0326797385620915,11.576726075233863,28.444008314846975,16.667330225237148,,0,ext_dev200,False,False,False,False,False,True,False,False,False,8393.T,,2072.0,12.443698,0.78194875,166.51,2649.79,173853818880.0,,1754546400.0,1754978400.0,True,,,True,1754546400.0,2025-08-07,-219.0
4,True,58.69565217391305,True,False,True,True,0.38928680371977126,5500.0,5500.0,312211250.0,312.21125,5500.0,1.0,-0.18496631988015377,0.34274036443065437,208.83591460021208,3.797016629094765,0.0,0.0,12.233004501297193,28.418741952870917,22.143923488492742,,0,ext_dev200,False,False,False,False,False,True,False,False,False,8395.T,,5500.0,10.893247,0.7348755,504.9,7484.261,92960284672.0,,1754289000.0,1754634600.0,True,,,True,1754289000.0,2025-08-04,-222.0
4,True,38.87323943661972,False,False,True,True,0.3740022219711227,2529.0,2529.0,404793960.0,404.79396,2608.0,0.9697085889570553,-0.1531881798738577,0.3122853608120477,87.769391259246,3.4705176456799527,-0.03029141104294475,-0.03029141104294475,17.226497727322915,20.631256646511893,28.188875483164498,,0,ext_dev200,False,False,False,False,False,True,False,False,False,8399.T,,2529.0,11.422765,0.71263003,221.4,3548.826,103704920064.0,,1754884800.0,1755230400.0,True,,,True,1754884800.0,2025-08-11,-217.0
4,False,71.15384615384616,True,False,False,True,0.4774513049402303,286.0,286.0,1430090335.741272,1430.090335741272,304.84271240234375,0.9381887391899519,-0.21939396621278096,0.020182741371336466,4.641566277556767,1.6229252718729954,0.0,0.0,13.427379880581304,28.27237527095743,14.717503599802406,,1,trend_break,True,False,False,False,False,False,False,False,False,8410.T,,286.0,23.539095,1.1908976,12.15,240.155,334043643904.0,1778221800.0,1786084200.0,1786084200.0,True,,,True,1786084200.0,2026-08-07,42.0
4,True,59.27682276229995,False,False,True,True,0.3926802469367778,7614.0,7614.0,88705611300.0,88705.6113,7777.58837890625,0.9789666962383968,-0.24634552868471427,0.2839651651815258,265.8343857719336,3.491389358706772,-0.013219284603421477,-0.013219284603421477,24.442477584638592,35.217452425490556,18.163700703526988,,0,ext_dev200,False,False,False,False,False,True,False,False,False,8411.T,,7614.0,15.139284,1.6406904,502.93,4640.729,18551041687552.0,1778826600.0,1785393000.0,1785393000.0,True,,,True,1785393000.0,2026-07-30,36.0
4,True,43.321299638989174,False,False,False,True,0.4665327126187676,1259.0,1259.0,41125580.0,41.12558,1446.7001953125,0.8702563282145993,-0.3340149845992463,0.2403651376972249,44.89417066760159,3.5658594652582676,-0.028549382716049343,-0.028549382716049343,19.89241681909753,29.514274918582334,22.641950292538386,"fund_low_adv20,fund_small_mcap",0,ext_dev200,False,False,False,False,False,True,False,False,False,8416.T,,1259.0,35.27599,0.27806094,35.69,4527.784,12764913664.0,,1754546400.0,1754978400.0,True,,,False,1754546400.0,2025-08-07,-219.0
5,True,48.136315228966986,True,True,False,True,0.42318438658807295,2889.0,2889.0,1889196925.0,1889.196925,2906.5,0.9939790125580595,-0.18462999148857784,0.3013524747959915,93.663277949362,3.2420656957203877,-0.006020987441940462,-0.006020987441940462,17.06851645843178,34.15341544994014,18.092561346801826,,1,ext_dev200;vol_distribution,False,False,False,False,False,True,False,True,False,8418.T,,2889.0,18.391903,0.89082396,157.08,3243.065,592083550208.0,1778221800.0,1786084200.0,1786084200.0,True,,,True,1786084200.0,2026-08-07,42.0
4,False,60.714285714285715,True,False,True,True,0.5342965768026293,187200.0,187200.0,32969280.0,32.96928,199500.0,0.9383458646616541,-0.2356806591517826,-0.002813201142676247,1085.3221837150877,0.5797661237794272,-0.006369426751592355,-0.06165413533834585,21.140019260369638,27.100176924110098,18.40973439615613,fund_low_adv20,1,trend_break,True,False,False,False,False,False,False,False,False,8421.T,,187200.0,39.904587,1.0044866,4691.19,186363.88,1630179164160.0,1779258600.0,1785393000.0,1785393000.0,True,,,False,1785393000.0,2026-07-30,36.0
7,True,44.82173174872665,True,False,True,False,0.49373119226164247,4314.0,4314.0,755016835.0,755.016835,4562.64013671875,0.9455052054800971,-0.10797260400927322,0.015071946343148346,79.98840499496148,1.8541586693315133,-0.01820664542558037,-0.02903443619176227,18.10533140365935,30.86566265973177,20.79782991348565,,0,,False,False,False,False,False,False,False,False,False,8424.T,,4314.0,18.038134,0.77359676,239.16,5576.549,389129175040.0,1778567400.0,1785393000.0,1785393000.0,True,,,True,1785393000.0,2026-07-30,36.0
2,False,28.431372549019613,False,False,True,False,0.5325966195972572,1273.0,1273.0,887108675.0,887.108675,1513.92431640625,0.8408610563980137,-0.18820248365030734,-0.052258587083488406,25.760134864618003,2.023576972868657,-0.1232782369146006,-0.12568681318681318,35.62819696128176,18.571102810451766,33.85539614889839,,3,trend_break;trailing_stop;di_bear,True,False,False,False,True,False,True,False,False,8425.T,,1273.0,7.4891167,0.83320457,169.98,1527.836,356677812224.0,1778740200.0,1785393000.0,1785393000.0,True,,,True,1785393000.0,2026-07-30,36.0
5,True,48.4394506866417,False,False,True,True,0.40181122710208617,2417.0,2417.0,1778369727.5,1778.3697275,2460.0,0.982520325203252,-0.12302108024596248,0.19806277276380557,63.35659988037926,2.621290851484454,-0.010642652476463343,-0.017479674796747946,30.44557462527632,39.33229941243771,19.942187338775668,,0,ext_dev200,False,False,False,False,False,True,False,False,False,8439.T,,2417.0,10.649923,1.0526247,226.95,2296.165,1181337387008.0,1778481000.0,1786084200.0,1786084200.0,True,,,True,1786084200.0,2026-08-07,42.0
1,False,31.724137931034477,False,False,True,True,0.4827765453072248,2865.0,2865.0,10081260512.5,10081.2605125,3755.638671875,0.7628529393562908,-0.2560675042267174,-0.10233398602392707,84.410031419457,2.9462489151642934,-0.0781853281853282,-0.11764705882352944,18.40880270500437,21.09608440261323,27.571494412818687,,1,trend_break,True,False,False,False,False,False,False,False,False,8473.T,,2865.0,4.5882583,1.0316926,624.42,2776.99,1851828207616.0,1777617000.0,1785479400.0,1785479400.0,True,,,True,1785479400.0,2026-07-31,37.0
6,True,40.101522842639596,False,False,True,False,0.4484556571345545,741.0,741.0,952610865.0,952.610865,835.0,0.8874251497005988,-0.23563217276063908,0.4597043278452704,32.578063659621584,4.396499819112225,-0.11257485029940117,-0.11257485029940117,32.08920688672092,24.86879333506922,19.04696470961172,,1,trailing_stop;ext_dev200,False,False,False,False,True,True,False,False,False,8508.T,,741.0,10.248962,0.78445905,72.3,944.6,97945116672.0,,1754636400.0,1754636400.0,True,,,True,1754636400.0,2025-08-08,-218.0
5,True,50.299401197604794,False,False,True,True,0.36427870797022277,2298.0,2298.0,403406175.0,403.406175,2340.0,0.982051282051282,-0.1971491127207048,0.14291023711764939,58.715023463620874,2.555048888756348,-0.017948717948717996,-0.017948717948717996,10.516865898992664,24.854341670130946,18.544042159022432,,0,,False,False,False,False,False,False,False,False,False,8511.T,,2298.0,17.713715,1.3586892,129.73,1691.336,186071728128.0,,1753941600.0,1754287200.0,True,,,True,1753941600.0,2025-07-31,-224.0
0,False,34.14634146341464,False,False,True,False,0.3651982108364386,133.0,133.0,10189415.0,10.189415,277.0,0.48014440433212996,-0.5198555956678701,-0.3318261743280583,4.646054351672107,3.493273948625644,-0.10738255033557043,-0.25698324022346364,39.69690194320598,7.967103299633579,28.140814725837675,"fund_neg_eps,fund_low_adv20,fund_small_mcap",4,trend_break;macd_sell_like;trailing_stop;di_bear,True,False,True,False,True,False,True,False,False,8518.T,,133.0,-66.16915422885573,0.43482527,-2.01,305.87,3448209152.0,,1754978400.0,1755496800.0,True,,,False,1754978400.0,2025-08-12,-216.0
5,True,38.53211009174312,False,False,True,True,0.20475136833381535,5880.0,5880.0,966982400.0,966.9824,6220.0,0.9453376205787781,-0.1573770414225516,0.2672583600458742,224.63568091141968,3.8203347093778857,-0.054662379421221874,-0.054662379421221874,12.270883367330754,25.791080838892345,22.319383468958367,,0,ext_dev200,False,False,False,False,False,True,False,False,False,8522.T,,5880.0,14.27427,0.9215907,411.93,6380.273,289278328832.0,1778567400.0,1785997800.0,1785997800.0,True,,,True,1785997800.0,2026-08-06,41.0
6,True,47.682119205298015,True,False,True,True,0.3473129333629277,1006.0,1006.0,2537031810.0,2537.03181,1088.398193359375,0.9242940737479081,-0.17850637012040382,0.1702309384376699,29.88247562603146,2.9704250125279783,-0.014691478942213565,-0.04554079696394686,11.915662307079822,31.076518375897578,25.694286831683872,,0,,False,False,False,False,False,False,False,False,False,8524.T,,1006.0,14.794118,0.971244,68.0,1035.785,376361779200.0,1778653800.0,1785825000.0,1785825000.0,True,,,True,1785825000.0,2026-08-04,39.0
4,True,43.6036036036036,False,False,True,True,0.4702353653744182,2818.0,2818.0,96856330.0,96.85633,2981.0,0.9453203622945321,-0.19136127075734088,0.3038952722239836,105.6809659318471,3.7502117080144464,-0.05467963770546791,-0.05467963770546791,19.97390721988024,32.449301073573196,20.628404503635455,"fund_low_adv20,fund_small_mcap",0,ext_dev200,False,False,False,False,False,True,False,False,False,8537.T,,2818.0,9.755591,0.3323715,288.86,8478.465,26855258112.0,,1753686000.0,1754031600.0,True,,,False,1753686000.0,2025-07-28,-227.0
5,True,62.230215827338135,True,False,True,True,0.4851141379192883,2064.0,2064.0,335821985.0,335.821985,2064.0,1.0,-0.2504950715542189,0.3697784258138348,66.18772686259773,3.206769712335161,0.0,0.0,26.03247025504066,32.482398190490606,16.188829728010916,,0,ext_dev200,False,False,False,False,False,True,False,False,False,8541.T,,2064.0,11.183961,0.5595452,184.55,3688.71,80652451840.0,,1754280000.0,1754625600.0,True,,,True,1754280000.0,2025-08-04,-222.0
6,True,40.07092198581561,True,False,False,True,0.46125058987099493,1486.0,1486.0,33510165.0,33.510165,1834.44384765625,0.8100547759467077,-0.23191979858081346,0.0011617331691720079,41.40039635319346,2.7860293642795058,-0.036316472114137466,-0.09500609013398298,16.187333182746407,28.033414329161726,27.66733139756927,"fund_low_adv20,fund_small_mcap",0,,False,False,False,False,False,False,False,False,False,8542.T,,1486.0,16.345837,0.29868734,90.91,4975.102,17152420864.0,,1754542800.0,1754974800.0,True,,,False,1754542800.0,2025-08-07,-219.0
5,True,55.0,False,False,True,True,0.30570995854154437,2500.0,2500.0,1183238100.0,1183.2381,2581.0,0.9686168151879117,-0.16034859997764794,0.4310131396597727,97.78462350627719,3.911384940251087,-0.03138318481208835,-0.03138318481208835,23.365214650420537,31.181917340583297,19.24242223007387,,0,ext_dev200,False,False,False,False,False,True,False,False,False,8544.T,,2500.0,18.979654,0.9276985,131.72,2694.841,297953296384.0,1778567400.0,1785997800.0,1785997800.0,True,,,True,1785997800.0,2026-08-06,41.0
5,True,49.72972972972973,True,True,False,True,0.43960310811371167,977.0,977.0,631433220.0,631.43322,1055.489501953125,0.9256368710367232,-0.2070895164209623,0.31156886589575006,38.73646240612563,3.9648375031858376,-0.018090452261306567,-0.05421103581800579,11.317970858299937,33.2820458561268,24.478002134332165,,0,ext_dev200,False,False,False,False,False,True,False,False,False,8550.T,,977.0,12.253857,0.62321275,79.73,1567.683,101737529344.0,,1753770600.0,1754289000.0,True,,,True,1753770600.0,2025-07-29,-226.0
4,True,49.31506849315068,False,False,True,True,0.40800156160981416,5410.0,5410.0,132253500.0,132.2535,5500.0,0.9836363636363636,-0.22371019341586618,0.2326953484031562,180.34168987076586,3.3334877979808843,-0.016363636363636358,-0.016363636363636358,18.214318990983156,29.070015266685573,19.80132969165906,fund_low_adv20,0,ext_dev200,False,False,False,False,False,True,False,False,False,8551.T,,5410.0,10.262928,0.46653178,527.14,11596.209,44321996800.0,,1753768800.0,1754287200.0,True,,,False,1753768800.0,2025-07-29,-226.0
5,True,70.32258064516128,True,True,False,True,0.4458393959256919,1476.0,1476.0,296557625.0,296.557625,1495.0,0.9872909698996656,-0.21343876396462513,0.4265104236225532,65.0240213536109,4.405421500922148,-0.012709030100334417,-0.012709030100334417,31.28142322120039,37.74401619026164,13.845723515134479,fund_neg_eps,2,rsi_reversal;ext_dev200;vol_distribution,False,False,False,True,False,True,False,True,False,8558.T,,1476.0,-2.147690069116042,0.5811742,-687.25,2539.686,52304502784.0,,1754289000.0,1754634600.0,True,,,False,1754289000.0,2025-08-04,-222.0
5,True,39.43661971830985,True,True,False,True,0.5336987764861826,354.0,354.0,97752315.0,97.752315,418.2391357421875,0.8464057276032007,-0.2398119974394215,0.1777381189831848,13.381624943845512,3.780120040634326,-0.04582210242587603,-0.07571801566579639,14.068253554002375,36.72559737452255,25.451162733826894,"fund_low_adv20,fund_small_mcap",0,,False,False,False,False,False,False,False,False,False,8562.T,,354.0,16.769302,0.5191004,21.11,681.949,12344722432.0,,1754546400.0,1754978400.0,True,,,False,1754546400.0,2025-08-07,-219.0
5,True,35.526315789473685,False,True,False,True,0.5716157584636019,972.0,972.0,48408515.0,48.408515,1157.0146484375,0.8400930803362303,-0.19601332058275656,0.10084023770327133,26.4840972207259,2.7247013601569856,-0.04705882352941182,-0.05631067961165048,18.547060575611344,23.68324872154636,28.980141176005876,"fund_low_adv20,fund_small_mcap",0,,False,False,False,False,False,False,False,False,False,8563.T,,972.0,7.325897,0.42270023,132.68,2299.502,12318365696.0,,1754546400.0,1754978400.0,True,,,False,1754546400.0,2025-08-07,-219.0
7,True,52.272727272727266,True,False,True,True,0.3407512610426247,6190.0,6190.0,262775400.0,262.7754,6309.84375,0.9810068593219919,-0.09532377081283538,0.060187787979814056,110.48646284426775,1.784918624301579,-0.01746031746031751,-0.01746031746031751,15.527180206560073,28.492562559908468,22.44119146355954,,0,,False,False,False,False,False,False,False,False,False,8566.T,,6190.0,13.989332,0.78949064,442.48,7840.498,190803279872.0,1778221800.0,1785479400.0,1785479400.0,True,,,True,1785479400.0,2026-07-31,37.0
2,False,33.07240704500978,False,False,False,True,0.46648627000904247,1506.0,1506.0,951517305.0,951.517305,1818.4320068359375,0.8281860384873188,-0.21140851315350928,-0.036435046228521006,35.86746306309838,2.3816376535921897,-0.05431711145996865,-0.09712230215827333,24.1467267712429,18.885535366775265,27.82808001255472,,2,trend_break;di_bear,True,False,False,False,False,False,True,False,False,8570.T,,1506.0,15.420847,0.68182254,97.66,2208.786,325121572864.0,1775629800.0,1775629800.0,1775629800.0,True,,,True,1775629800.0,2026-04-08,-45.0
3,False,37.29323184054122,False,False,True,True,0.45537619596201057,451.8999938964844,451.8999938964844,785170256.3838196,785.1702563838196,522.4464721679688,0.8649689833702171,-0.15378889579068955,-0.035760633907804595,9.07903948404071,2.009081568193255,-0.039736532011259484,-0.12642566294174828,21.381674647926236,21.234532709695987,29.325091778562445,,2,trend_break;di_bear,True,False,False,False,False,False,True,False,False,8572.T,,451.9,8.890419,0.9846088,50.83,458.964,707952836608.0,1778567400.0,1785220200.0,1785220200.0,True,,,True,1785220200.0,2026-07-28,34.0
3,False,48.30508474576271,True,False,True,False,0.43200661587130657,3550.0,3550.0,718882675.0,718.882675,4323.6376953125,0.8210678715861774,-0.22056373880410762,-0.12136451527611714,84.90233422180775,2.3916150485016265,-0.12453760789149193,-0.14765906362545023,45.42967207368841,21.455599651946233,27.86469295048763,,3,trend_break;trailing_stop;di_bear,True,False,False,False,True,False,True,False,False,8584.T,,3550.0,9.346533,0.53464806,379.82,6639.882,158959337472.0,1778826600.0,1785997800.0,1785997800.0,True,,,True,1785997800.0,2026-08-06,41.0
2,False,40.30612244897959,True,False,True,False,0.40052306603214444,847.0,847.0,1067674670.0,1067.67467,1120.718505859375,0.7557651592007167,-0.261188250509807,-0.14569537845871638,24.186487542718606,2.855547525704676,-0.1597222222222222,-0.2031984948259643,33.225729783538846,24.319402475947783,37.95398690177491,,3,trend_break;trailing_stop;di_bear,True,False,False,False,True,False,True,False,False,8585.T,,847.0,11.24834,0.57890344,75.3,1463.111,144994418688.0,1778826600.0,1785393000.0,1785393000.0,True,,,True,1785393000.0,2026-07-30,36.0
5,True,46.435452793834294,False,False,True,True,0.42313205097814455,6167.0,6167.0,25586076095.0,25586.076095,6362.0,0.9693492612386042,-0.18796721276828077,0.3499433851643057,174.61271828360384,2.831404544893852,-0.03065073876139579,-0.03065073876139579,34.836061640756895,35.616434517753454,19.78921226022668,,1,macd_sell_like;ext_dev200,False,False,True,False,False,True,False,False,False,8591.T,,6167.0,15.434865,1.51143,399.55,4080.242,6615391010816.0,1778481000.0,1785997800.0,1785997800.0,True,,,True,1785997800.0,2026-08-06,41.0
6,True,47.93388429752066,True,False,True,False,0.4466751533569161,1325.5,1325.5,8824828967.5,8824.8289675,1516.5,0.8740520936366634,-0.17012858555885257,0.017170836919456756,27.202634121900175,2.052254554651088,-0.07534007673526333,-0.12594790636333664,28.76456577517222,24.619085732959086,27.219129926661367,,1,di_bear,False,False,False,False,False,False,True,False,False,8593.T,,1325.5,11.756098,0.9562892,112.75,1386.087,1903314337792.0,1786084200.0,1786084200.0,1786084200.0,True,,,True,1786084200.0,2026-08-07,42.0
2,False,26.765799256505574,False,False,True,True,0.4340854598610987,2221.5,2221.5,896530240.0,896.53024,2517.42529296875,0.8824492254863416,-0.14555557775326544,-0.05351824223800605,33.87175026199881,1.5247242971865322,-0.027364273204903644,-0.03892956399889602,16.46999748866706,16.352942939213712,23.58146134848687,,1,trend_break,True,False,False,False,False,False,False,False,False,8595.T,,2221.5,17.970392,0.8523437,123.62,2606.343,116895539200.0,1784874600.0,1784874600.0,1784874600.0,True,,,True,1784874600.0,2026-07-24,32.0
5,True,30.625,False,False,True,True,0.5219821863589508,1414.0,1414.0,55902510.0,55.90251,1499.35791015625,0.9430703572655613,-0.12732224816268156,0.027983642447488855,24.90996173379322,1.7616663178071585,-0.04200542005420049,-0.048452220726783346,14.327822190015102,22.20132819490118,23.869740203339028,fund_low_adv20,0,,False,False,False,False,False,False,False,False,False,8596.T,,1414.0,8.130642,0.70557225,173.91,2004.047,31987124224.0,,1754290800.0,1754636400.0,True,,,False,1754290800.0,2025-08-04,-222.0
7,True,51.54639175257732,True,False,True,True,0.3796703350253668,883.0,883.0,563120705.0,563.120705,968.96826171875,0.911278557703985,-0.16361787440027376,0.1292987043853533,26.511254345739165,3.002407060672612,-0.02753303964757714,-0.059637912673056404,11.63128010773262,30.289799696769133,28.24305301455425,,0,,False,False,False,False,False,False,False,False,False,8600.T,,883.0,10.686192,0.57557017,82.63,1534.131,169604530176.0,,1754546400.0,1754978400.0,True,,,True,1754546400.0,2025-08-07,-219.0
3,True,62.10762331838565,False,False,True,True,0.400891829235825,1563.0,1563.0,6530783752.5,6530.7837525,1636.84716796875,0.9548845063767372,-0.23724782979198178,0.1523306610827564,38.822820850115875,2.4838656973842532,-0.0031887755102041337,-0.005408845052497613,12.188731949648027,29.350566192910193,16.31704351138273,,0,,False,False,False,False,False,False,False,False,False,8601.T,,1563.0,12.585554,1.22402,124.19,1276.94,2165751676928.0,1777271400.0,1777271400.0,1777271400.0,True,,,True,1777271400.0,2026-04-27,-32.0
4,True,73.4793187347932,False,False,True,True,0.4520967034298008,1387.0,1387.0,14228451245.0,14228.451245,1462.977294921875,0.9480666616046612,-0.20851493277684652,0.14763077214928444,35.37744192111618,2.5506446951057087,-0.0085775553967119,-0.0085775553967119,18.17423804799743,39.814085256028044,18.50568646299014,,1,rsi_reversal,False,False,False,True,False,False,False,False,False,8604.T,,1387.0,11.650567,1.0853014,119.05,1277.986,4053635694592.0,1777012200.0,1777012200.0,1777012200.0,True,,,True,1777012200.0,2026-04-24,-33.0
3,True,55.4140127388535,False,False,True,True,0.40208533277849684,924.0,924.0,453553095.0,453.553095,957.0,0.9655172413793104,-0.16750254257022346,0.20128192249264898,27.865043004308777,3.0156972948386125,-0.03448275862068961,-0.03448275862068961,10.880501953892693,25.427938229772927,25.28802810140788,,1,macd_sell_like;ext_dev200,False,False,True,False,False,True,False,False,False,8609.T,,924.0,8.676871,0.8003984,106.49,1154.425,184871354368.0,1777357800.0,1777357800.0,1777357800.0,True,,,True,1777357800.0,2026-04-28,-31.0
7,True,54.205607476635514,True,False,True,True,0.3387258918650884,1048.0,1048.0,236008820.0,236.00882,1085.0,0.9658986175115207,-0.18487754432783188,0.07074125751173677,17.744650482925316,1.6931918399737895,-0.01411100658513642,-0.03410138248847927,7.207068183695896,25.254883692125794,25.71908508356035,,0,,False,False,False,False,False,False,False,False,False,8613.T,,1048.0,13.867937,1.3508567,75.57,775.804,69493424128.0,,1753671600.0,1754017200.0,True,,,True,1753671600.0,2025-07-28,-227.0
6,True,48.421052631578945,True,False,True,True,0.5784303533740308,618.0,618.0,283955325.0,283.955325,748.6470336914062,0.8254891453356653,-0.2038971996439215,0.02146878732871027,15.01400982754747,2.4294514284057396,-0.025236593059936863,-0.13566433566433567,35.65788178651141,20.29609657571282,23.807846738226676,,1,di_bear,False,False,False,False,False,False,True,False,False,8614.T,,618.0,10.655172,1.369942,58.0,451.114,41972285440.0,,1753772400.0,1754290800.0,True,,,True,1753772400.0,2025-07-29,-226.0
6,True,59.75609756097561,True,False,True,True,0.5136033600866611,720.0,720.0,677441865.0,677.441865,799.3807983398438,0.90069714145661,-0.1714187475573865,0.100786097726133,15.793921415058332,2.193600196535879,0.0,-0.06005221932114879,13.050912336276719,33.2167798101329,21.14896366703582,,0,,False,False,False,False,False,False,False,False,False,8616.T,,720.0,10.989012,0.93719983,65.52,768.246,182661120000.0,1777530600.0,1785393000.0,1785393000.0,True,,,True,1785393000.0,2026-07-30,36.0
5,True,58.208955223880594,False,False,True,True,0.5015892984161069,530.0,530.0,1890045.0,1.890045,587.52490234375,0.9020894227388966,-0.40483788555081046,0.05334894778990318,10.363289962883488,1.9553377288459413,-0.01851851851851849,-0.07504363001745196,12.41502245429063,16.023799495375176,13.442697860742973,"fund_low_adv20,fund_small_mcap",0,,False,False,False,False,False,False,False,False,False,8617.T,,530.0,23.798832,0.30797568,22.27,1720.915,5003923968.0,,1752728400.0,1753160400.0,True,,,False,1752728400.0,2025-07-17,-234.0
6,True,41.66666666666667,True,False,True,True,0.49936887359728754,641.0,641.0,125563030.0,125.56303,736.0,0.8709239130434783,-0.1440217391304348,0.10310652709305357,14.934275558525478,2.3298401807372042,-0.021374045801526687,-0.12907608695652173,19.73758944145983,21.272763590807767,23.618409259649628,fund_low_adv20,0,,False,False,False,False,False,False,False,False,False,8622.T,,641.0,12.497562,0.9025652,51.29,710.198,38609924096.0,,1753676400.0,1754022000.0,True,,,False,1753676400.0,2025-07-28,-227.0
5,True,54.23076923076923,True,False,True,True,0.48728527964350954,1270.0,1270.0,140283780.0,140.28378,1570.0,0.8089171974522293,-0.283028620881134,0.16527263146829796,43.51883665666387,3.4266800517058167,-0.027565084226646275,-0.19108280254777066,14.005682473971774,22.077891638788564,24.315630437057564,fund_low_adv20,0,,False,False,False,False,False,False,False,False,False,8624.T,,1270.0,9.286342,1.3174124,136.76,964.011,40744992768.0,,1753674300.0,1754019900.0,True,,,False,1753674300.0,2025-07-28,-227.0
6,True,37.93103448275862,False,False,True,True,0.37583574942066156,945.0,945.0,902658580.0,902.65858,985.0,0.9593908629441624,-0.178663240580195,0.11270013095187115,20.096169965620465,2.12657883234079,-0.0357142857142857,-0.040609137055837574,18.25241691732964,20.078521162921717,24.84271012569732,,0,,False,False,False,False,False,False,False,False,False,8628.T,,945.0,15.757878,2.6948104,59.97,350.674,243427082240.0,1777271400.0,1777271400.0,1777271400.0,True,,,True,1777271400.0,2026-04-27,-32.0
4,True,71.37573964497042,True,False,True,False,0.27827720412712803,6146.0,6146.0,23779018105.0,23779.018105,6435.0,0.9550893550893551,-0.13473193473193468,0.16002307838965302,185.569484375637,3.0193537971955253,-0.04491064491064489,-0.04491064491064489,11.267603271939322,33.26556001471143,20.301215716503446,,0,,False,False,False,False,False,False,False,False,False,8630.T,,6146.0,8.763974,1.0611287,701.28,5791.946,5483719557120.0,1786689000.0,1786689000.0,1786689000.0,True,,,True,1786689000.0,2026-08-14,47.0
4,True,62.468354430379755,False,False,True,False,0.2512135586011991,2074.0,2074.0,9593762972.5,9593.7629725,2133.0,0.9723394280356306,-0.2535446953802424,0.18365050017254836,76.57962429517146,3.6923637557941875,-0.02766057196436944,-0.02766057196436944,21.513447647164,37.547345753871475,17.508593076581437,,0,ext_dev200,False,False,False,False,False,True,False,False,False,8697.T,,2074.0,27.015762,6.1792216,76.77,335.641,2131922386944.0,1777357800.0,1777357800.0,1777357800.0,True,,,True,1777357800.0,2026-04-28,-31.0
0,False,31.521739130434796,False,False,True,True,0.31632743256038054,635.0,635.0,1200850340.0,1200.85034,840.2625732421875,0.7557161537611112,-0.389847426224435,-0.11436584643836156,13.933904198195492,2.1943156217630695,-0.05646359583952454,-0.11064425770308128,14.86135356565302,19.20401695866657,25.484755736032366,,2,trend_break;macd_sell_like,True,False,True,False,False,False,False,False,False,8698.T,,635.0,14.627966,1.2628447,43.41,502.833,159615942656.0,1778567400.0,1785997800.0,1785997800.0,True,,,True,1785997800.0,2026-08-06,41.0
7,True,61.849710982658955,True,False,True,True,0.5236596098749962,1185.0,1185.0,188601810.0,188.60181,1320.2747802734375,0.8975404345408906,-0.1569936678109609,0.037247507430456794,30.050477111325755,2.535905241462089,-0.012499999999999956,-0.04962108277281574,20.904031527357258,23.88138787894835,15.364193546153645,fund_low_adv20,0,,False,False,False,False,False,False,False,False,False,8699.T,,1185.0,2.4280796,0.3562926,488.04,3325.918,35663818752.0,,1753686000.0,1754031600.0,True,,,False,1753686000.0,2025-07-28,-227.0
6,True,45.625,False,False,True,True,0.36553210467515773,1724.0,1724.0,3518600.0,3.5186,1814.0,0.9503858875413451,-0.09610388767060196,0.05629529543891976,23.20648646298296,1.3460839015651367,-0.028732394366197234,-0.04961411245865488,10.762635095356115,23.872662864989845,20.650582200487445,"fund_low_adv20,fund_small_mcap",0,,False,False,False,False,False,False,False,False,False,8700.T,,1724.0,10.054823,0.8381798,171.46,2056.838,6880622080.0,,1745994600.0,1745994600.0,True,,,False,1745994600.0,2025-04-30,-290.0
6,True,43.75,False,False,True,True,0.3350098845466294,1099.0,1099.0,108070905.0,108.070905,1236.0,0.88915857605178,-0.2658369565827552,0.113127267556838,43.26042507905669,3.9363444111971506,-0.09173553719008265,-0.11084142394822005,15.042314717889564,23.41481491709919,27.823803937084477,"fund_low_adv20,fund_small_mcap",2,macd_sell_like;trailing_stop,False,False,True,False,True,False,False,False,False,8704.T,,1099.0,6.990649,1.4576138,157.21,753.972,28973402112.0,,1753769400.0,1754287800.0,True,,,False,1753769400.0,2025-07-29,-226.0
4,True,28.94736842105263,True,False,True,True,0.5445052426693698,226.0,226.0,23279720.0,23.27972,296.5704040527344,0.7620450217271648,-0.23795497827283518,0.0797730994639907,6.588355308563499,2.91520146396615,-0.08870967741935487,-0.1881994186177801,29.94344154149516,13.502894759500467,25.529064697954322,"fund_low_adv20,fund_small_mcap",2,trailing_stop;di_bear,False,False,False,False,True,False,True,False,False,8705.T,,226.0,32.896652,0.8810367,6.87,256.516,11115467776.0,,1747117800.0,1747117800.0,True,,,False,1747117800.0,2025-05-13,-281.0
4,False,45.30386740331492,True,False,True,True,0.39194625909344,1547.0,1547.0,235132790.0,235.13279,1834.5203857421875,0.843272177307604,-0.16872005792236844,-0.026977846879665646,30.247999472075747,1.9552682270249353,-0.01840101522842641,-0.1453038674033149,18.928055316627994,24.012490951851778,28.31381126763459,,1,trend_break,True,False,False,False,False,False,False,False,False,8706.T,,1547.0,10.286589,0.92799103,150.39,1667.042,48727891968.0,,1753323900.0,1753669500.0,True,,,True,1753323900.0,2025-07-24,-229.0
4,True,62.043795620437955,True,False,True,True,0.34388120295697894,3860.0,3860.0,306558725.0,306.558725,3880.0,0.9948453608247423,-0.15865385671242016,0.21556627794141714,96.59026633248835,2.502338506023014,-0.005154639175257714,-0.005154639175257714,14.589128102002025,32.81600100449849,19.738652881870603,,0,ext_dev200,False,False,False,False,False,True,False,False,False,8707.T,,3860.0,8.680594,1.2203577,444.67,3163.007,90666475520.0,,1753342200.0,1753687800.0,True,,,True,1753342200.0,2025-07-24,-229.0
7,True,41.89944134078212,True,False,True,True,0.253842912977934,1458.0,1458.0,145894360.0,145.89436,1631.0,0.8939301042305334,-0.5725417078699997,0.0714976787085908,30.555261706508915,2.0956969620376484,-0.02474916387959869,-0.10606989576946657,14.222619940124476,24.308127360524352,21.092788289392306,fund_low_adv20,0,,False,False,False,False,False,False,False,False,False,8708.T,,1458.0,16.474577,0.9571734,88.5,1523.235,45426651136.0,,1753678800.0,1754024400.0,True,,,False,1753678800.0,2025-07-28,-227.0
6,True,53.53982300884955,True,False,True,True,0.4463690632136492,2015.0,2015.0,121242285.0,121.242285,2252.004150390625,0.8947585641218667,-0.19817075914043147,0.11412043029219143,50.64064157249913,2.513183204590528,0.0,-0.003954522985664899,18.87778647553095,33.91926932130243,18.701341045775475,fund_low_adv20,0,,False,False,False,False,False,False,False,False,False,8713.T,,2015.0,8.8114395,0.4245352,228.68,4746.367,36391116800.0,,1754451000.0,1754969400.0,True,,,False,1754451000.0,2025-08-06,-220.0
4,True,60.93023255813953,True,False,False,True,0.29141027694279414,1018.0,1018.0,1465047625.0,1465.047625,1024.0,0.994140625,-0.18697476911080757,0.291824838979059,34.43840429655058,3.382947376871373,-0.005859375,-0.005859375,12.817404801292895,38.89252115471889,21.364514492716676,,0,ext_dev200,False,False,False,False,False,True,False,False,False,8714.T,,1018.0,16.377092,1.1303889,62.16,900.575,283456798720.0,1778826600.0,1785133800.0,1785133800.0,True,,,True,1785133800.0,2026-07-27,33.0
3,True,24.516129032258064,False,False,True,True,0.523388352200787,1189.0,1189.0,588831730.0,588.83173,1680.0,0.7077380952380953,-0.2958333333333333,0.10713825896282492,54.4046594918309,4.57566522218931,-0.13464337700145557,-0.2922619047619047,41.798272159224354,8.532758336344951,29.3665281063391,,2,trailing_stop;di_bear,False,False,False,False,True,False,True,False,False,8715.T,,1189.0,39.885944,3.0254223,29.81,393.003,87556079616.0,,1754375400.0,1754980200.0,True,,,True,1754375400.0,2025-08-05,-221.0
5,True,65.61314791403288,True,False,True,True,0.39087030960641006,4597.0,4597.0,22704153270.0,22704.15327,4597.0,1.0,-0.181073014902004,0.23147374541773424,111.7528333948148,2.4309948530523124,0.0,0.0,20.08731870851713,41.908870945499935,16.241990751259657,,0,ext_dev200,False,False,False,False,False,True,False,False,False,8725.T,,4597.0,8.691461,1.3985466,528.91,3286.984,6669968867328.0,1786689000.0,1786689000.0,1786689000.0,True,,,True,1786689000.0,2026-08-14,47.0
0,False,,False,False,False,False,,147.0,147.0,,,,,,,,,,,,,,"insufficient_daily,fund_low_adv20",0,insufficient_daily,False,False,False,False,False,False,False,False,False,8729.T,,147.0,18.967741,1.5671474,7.75,93.801,986141687808.0,1778740200.0,1786602600.0,1786602600.0,True,,,False,1786602600.0,2026-08-13,46.0
5,True,47.05882352941176,True,False,True,True,0.5272877023245905,594.0,594.0,49521475.0,49.521475,750.0370483398438,0.7919608788856215,-0.21737199342447844,0.007512776137196475,14.798460256839782,2.4913232755622525,-0.05414012738853502,-0.15504978662873403,26.592188675105817,19.549962535048092,25.98952270271274,"fund_low_adv20,fund_small_mcap",1,di_bear,False,False,False,False,False,False,True,False,False,8737.T,,594.0,4.4364777,0.85549855,133.89,694.332,17979107328.0,,1747290600.0,1747290600.0,True,,,False,1747290600.0,2025-05-15,-279.0
5,True,44.871794871794876,False,False,True,True,0.45643033087262913,2127.0,2127.0,229258435.0,229.258435,2173.0,0.9788311090658076,-0.1564533606943722,0.2480693368033633,52.73719446155097,2.479416758888151,-0.021168890934192386,-0.021168890934192386,26.191064138161757,20.68880878577843,10.27578043230888,,1,macd_sell_like;ext_dev200,False,False,True,False,False,True,False,False,False,8739.T,,2127.0,13.177622,2.1441317,161.41,992.01,84056350720.0,,1753772400.0,1754290800.0,True,,,True,1753772400.0,2025-07-29,-226.0
4,True,20.370370370370367,False,True,False,True,0.43576910176963923,551.0,551.0,3198125.0,3.198125,586.0,0.9402730375426621,-0.20719913619213914,0.2813548158823582,9.527257522059227,1.7290848497385165,-0.059726962457337884,-0.059726962457337884,26.908010717024755,26.378976393933335,18.052699630191817,"fund_low_adv20,fund_small_mcap",1,cross_sma25_down;ext_dev200,False,True,False,False,False,True,False,False,False,8742.T,,551.0,24.198505,0.6593883,22.77,835.623,6479268352.0,,1754548200.0,1754893800.0,True,,,False,1754548200.0,2025-08-07,-219.0
2,False,62.142857142857146,True,False,True,False,0.542091774932344,261.0,261.0,76719325.0,76.719325,721.0,0.361997226074896,-0.7267683772538142,-0.3205602124225543,19.028258489536164,7.2905204940751585,-0.015094339622641506,-0.16878980891719741,32.39575478032069,33.610435980767186,14.589638362892957,"fund_neg_eps,fund_low_adv20,fund_small_mcap",1,trend_break,True,False,False,False,False,False,False,False,False,8746.T,,261.0,-0.7698887938408897,1.2364101,-339.01,211.095,4745825792.0,,1747290600.0,1747290600.0,True,,,False,1747290600.0,2025-05-15,-279.0
2,False,32.950819672131146,True,False,True,False,0.6754478054223156,2140.0,2140.0,26243450.0,26.24345,3195.939453125,0.6695996690135982,-0.34604518306615883,-0.0066996386567428345,88.00005410745021,4.112152061095804,-0.11570247933884292,-0.2986608895974028,40.788017898015205,16.81160579791866,27.448185413613714,"fund_low_adv20,fund_small_mcap",3,trend_break;trailing_stop;di_bear,True,False,False,False,True,False,True,False,False,8747.T,,2140.0,2.7467592,0.6695916,779.1,3195.978,12175853568.0,,1746770400.0,1746770400.0,True,,,False,1746770400.0,2025-05-09,-283.0
5,True,64.25339366515837,True,False,False,True,0.42246541056724035,1732.0,1732.0,15613269722.5,15613.2697225,1732.0,1.0,-0.15735569152164908,0.30932682062402583,50.7902731257586,2.932463806337102,0.0,0.0,26.903632345164,39.39244104331914,17.33800014289334,,0,ext_dev200,False,False,False,False,False,True,False,False,False,8750.T,,1732.0,14.445371,1.4660411,119.9,1181.413,6236847210496.0,1786084200.0,1786084200.0,1786084200.0,True,,,True,1786084200.0,2026-08-07,42.0
4,True,39.37180423666911,False,False,True,True,0.35151606906038124,7406.0,7406.0,49287421670.0,49287.42167,7949.0,0.931689520694427,-0.18074807840664142,0.17898003090975223,198.50235240292776,2.680291012731944,-0.06831047930557299,-0.06831047930557299,15.536118759038121,33.160834886857835,23.253742442804274,,0,,False,False,False,False,False,False,False,False,False,8766.T,,7406.0,14.359949,2.5666742,515.74,2885.446,14239841386496.0,1779258600.0,1785997800.0,1785997800.0,True,,,True,1785997800.0,2026-08-06,41.0
2,False,46.15384615384615,False,False,True,True,0.4994535687635794,484.0,484.0,22575970.0,22.57597,659.9622802734375,0.7333752465360107,-0.3845856703128091,-0.1253571594928532,12.129317640212719,2.5060573636803136,-0.052837573385518644,-0.052837573385518644,12.314950766170387,16.181131896622986,17.11943619204222,"fund_low_adv20,fund_small_mcap",1,trend_break,True,False,False,False,False,False,False,False,False,8769.T,,484.0,11.072981,1.735669,43.71,278.855,7600516096.0,,1754548200.0,1754980200.0,True,,,False,1754548200.0,2025-08-07,-219.0
7,True,49.826989619377166,False,False,True,False,0.329751341222784,1723.0,1723.0,297283455.0,297.283455,1830.8223876953125,0.941107128457697,-0.19966911427355194,0.04026085560135706,44.60543586078278,2.5888239037018446,-0.040645879732739476,-0.040645879732739476,15.547422540918129,27.573430243160686,20.043927338265593,,0,,False,False,False,False,False,False,False,False,False,8771.T,,1723.0,23.044003,3.7527335,74.77,459.132,76529917952.0,1786084200.0,1786084200.0,1786084200.0,True,,,True,1786084200.0,2026-08-07,42.0
3,False,39.25925925925927,False,False,True,False,0.5327092070667943,800.0,800.0,7903140.0,7.90314,913.4141845703125,0.8758348770074501,-0.16545119260650398,-0.043472000940671496,18.149062472061097,2.268632809007637,-0.07834101382488479,-0.08510891065335224,23.806936019950616,18.936326844128367,30.64812691204232,"fund_low_adv20,fund_small_mcap",2,trend_break;di_bear,True,False,False,False,False,False,True,False,False,8772.T,,800.0,6.7402477,0.4997498,118.69,1600.801,26380800000.0,,1754287200.0,1754632800.0,True,,,False,1754287200.0,2025-08-04,-222.0
1,False,37.5,False,False,False,False,0.41048590777497157,90.0,90.0,164568010.0,164.56801,562.0,0.1601423487544484,-0.8398576512455516,-0.6470311396972311,11.781290191832646,13.090322435369606,-0.3076923076923077,-0.6052631578947368,21.583009044599173,24.39973166150923,34.79802514453973,"fund_neg_eps,fund_low_adv20,fund_small_mcap",4,trend_break;trailing_stop;di_bear;natr_spike,True,False,False,False,True,False,True,False,True,8783.T,,90.0,-0.2666034717696546,0.34941146,-337.58,257.576,3652940544.0,,1747729800.0,1747729800.0,True,,,False,1747729800.0,2025-05-20,-276.0
1,False,25.0,False,False,True,True,0.4490588783715115,123.0,123.0,122586615.0,122.586615,162.0,0.7592592592592593,-0.26543209876543206,-0.05138754862628092,3.321838615416085,2.7006818011512888,-0.1021897810218978,-0.1021897810218978,25.135305026330276,16.52452427100039,28.123733628758586,"fund_low_adv20,fund_small_mcap",3,trend_break;trailing_stop;di_bear,True,False,False,False,True,False,True,False,False,8789.T,,123.0,5.924855,1.7227855,20.76,71.396,23681318912.0,,1754548200.0,1754980200.0,True,,,False,1754548200.0,2025-08-07,-219.0
7,True,61.320754716981135,True,False,True,True,0.24397289190338758,4130.0,4130.0,128714475.0,128.714475,4306.03857421875,0.9591182077948085,-0.11603766269697957,0.043558001793269296,76.57124997000854,1.854025423002628,0.0,-0.03617269544924151,23.69080445310535,35.01455965675632,18.018180035533522,fund_low_adv20,0,,False,False,False,False,False,False,False,False,False,8793.T,,4130.0,9.694608,0.68280816,426.01,6048.551,88980152320.0,,1753770600.0,1754289000.0,True,,,False,1753770600.0,2025-07-29,-226.0
4,True,79.74683544303798,True,False,False,True,0.46914155592427964,4686.0,4686.0,10456052985.0,10456.052985,4686.0,1.0,-0.1799751594108776,0.25719878817114084,161.97034970155184,3.456473531829958,0.0,0.0,15.655687192319855,40.79198683369302,10.96821137453315,,0,ext_dev200,False,False,False,False,False,True,False,False,False,8795.T,,4686.0,16.173677,1.3948375,289.73,3359.531,2248651309056.0,1778826600.0,1786084200.0,1786084200.0,True,,,True,1786084200.0,2026-08-07,42.0
2,False,45.070422535211264,False,False,True,False,0.2528893084501257,131.0,131.0,29395810.0,29.39581,436.0,0.30045871559633025,-0.7805309734513275,-0.42509819410615934,9.03898225559144,6.899986454649955,-0.14935064935064934,-0.3578431372549019,20.615210233058846,28.52617970495513,23.268485385886112,"fund_neg_eps,fund_low_adv20,fund_small_mcap",2,trend_break;trailing_stop,True,False,False,False,True,False,False,False,False,8798.T,,131.0,-2.190635451505017,8.938929,-59.8,14.655,4836968960.0,,1747290600.0,1747290600.0,True,,,False,1747290600.0,2025-05-15,-279.0
3,False,53.00794551645857,True,False,True,False,0.4610958910770849,1546.5,1546.5,21430693380.0,21430.69338,2124.775146484375,0.7278417213034606,-0.31169187364609696,-0.09401850249351362,50.53961265842376,3.2679995252779674,0.0,-0.16881671802571818,27.727332000760924,22.198059859658212,28.922962488341774,,2,trend_break;di_bear,True,False,False,False,False,False,True,False,False,8801.T,,1546.5,15.31643,1.2820481,100.97,1206.273,4215490478080.0,1778653800.0,1785825000.0,1785825000.0,True,,,True,1785825000.0,2026-08-04,39.0
5,True,52.9082774049217,True,False,True,True,0.46183240193276676,4162.0,4162.0,17916726905.0,17916.726905,5280.33544921875,0.7882074993201023,-0.2617893242792506,0.06197770010304393,131.35096601659325,3.1559578571983002,-0.03657407407407409,-0.13486239900922703,23.557663233477882,24.935379929390688,29.940106061293964,,1,di_bear,False,False,False,False,False,False,True,False,False,8802.T,,4162.0,22.914717,1.8670173,181.63,2229.224,5021328998400.0,1778653800.0,1785997800.0,1785997800.0,True,,,True,1785997800.0,2026-08-06,41.0
7,True,59.4059405940594,True,False,False,False,0.394165044151674,2403.0,2403.0,430100150.0,430.10015,2511.0,0.956989247311828,-0.10185567983635146,0.04531915030618383,42.33952183379815,1.761944312684068,-0.009480626545754323,-0.043010752688172005,26.416519034847955,24.788969049167957,21.567262828492005,,0,,False,False,False,False,False,False,False,False,False,8803.T,,2403.0,14.508241,1.2524797,165.63,1918.594,159547801600.0,1777530600.0,1785393000.0,1785393000.0,True,,,True,1785393000.0,2026-07-30,36.0
2,False,60.167130919220064,True,False,False,False,0.5252219816194303,3332.0,3332.0,4061800610.0,4061.80061,4374.0,0.7617741197988112,-0.2901234567901234,-0.01109531071232761,98.27005041022227,2.9492812247965867,-0.0038863976083707286,-0.15474378488077123,19.545672365333537,27.43792549475798,25.497327590544483,,1,trend_break,True,False,False,False,False,False,False,False,False,8804.T,,3332.0,11.765536,1.1700695,283.2,2847.694,691787137024.0,1785997800.0,1785997800.0,1785997800.0,True,,,True,1785997800.0,2026-08-06,41.0
5,True,41.13475177304964,False,False,True,False,0.20663797347117907,2105.0,2105.0,332792680.0,332.79268,2253.0,0.9343098091433644,-0.1828779702138883,0.12963780682221948,76.28676517083377,3.6240743549089682,-0.06569019085663563,-0.06569019085663563,18.64092600223654,19.44527160494676,21.24716533363182,,0,,False,False,False,False,False,False,False,False,False,8818.T,,2105.0,21.750362,1.2339606,96.78,1705.889,100413407232.0,,1753684200.0,1754029800.0,True,,,True,1753684200.0,2025-07-28,-227.0
2,False,37.25806451612903,False,False,True,False,0.4396520229526585,3490.0,3490.0,17296686585.0,17296.686585,5313.5859375,0.6568069174095296,-0.3571196476014462,-0.12003624209392372,148.58338200777717,4.257403495924848,-0.2100497962879131,-0.29566094853683145,39.45086922364152,14.482738161019308,40.56506130820362,,3,trend_break;trailing_stop;di_bear,True,False,False,False,True,False,True,False,False,8830.T,,3490.0,15.272855,1.3046534,228.51,2675.04,3223420928000.0,1778653800.0,1785997800.0,1785997800.0,True,,,True,1785997800.0,2026-08-06,41.0
2,False,31.09243697478992,True,False,True,True,0.3655245599546346,758.0,758.0,50744875.0,50.744875,1262.0,0.6006339144215531,-0.4072900158478605,-0.07651684427358618,25.003089845390946,3.2985606656188584,-0.09330143540669855,-0.3993660855784469,21.62117734665654,16.047878659972305,25.307564578695068,"fund_low_adv20,fund_small_mcap",3,trend_break;trailing_stop;di_bear,True,False,False,False,True,False,True,False,False,8835.T,,758.0,17.18821,0.36686927,44.1,2066.131,5896690688.0,,1754546400.0,1754892000.0,True,,,False,1754546400.0,2025-08-07,-219.0
1,False,0.0,False,False,True,False,0.376371623327102,23.0,23.0,18708305.0,18.708305,51.0,0.45098039215686275,-0.5490196078431373,-0.2847146633494013,1.7123126694576538,7.444837693294147,-0.2068965517241379,-0.25806451612903225,28.064414602508506,23.67285042830288,12.497434456167232,"fund_neg_eps,fund_low_adv20,fund_small_mcap",3,trend_break;trailing_stop;natr_spike,True,False,False,False,True,False,False,False,True,8836.T,,23.0,-16.78832116788321,1.2998022,-1.37,17.695,2208303872.0,,1747722600.0,1747722600.0,True,,,False,1747722600.0,2025-05-20,-276.0
6,True,40.86378737541529,False,False,True,True,0.33126208877515845,968.0,968.0,164132100.0,164.1321,1158.0,0.8359240069084629,-0.21070811744386875,0.11041576692883526,35.97811994637386,3.716747928344407,-0.0850661625708885,-0.1640759930915371,20.16756257895365,24.294506897760478,31.948436013729875,fund_low_adv20,2,trailing_stop;di_bear,False,False,False,False,True,False,True,False,False,8841.T,,968.0,36.820084,0.8203911,26.29,1179.925,85394522112.0,,1754287200.0,1754632800.0,True,,,False,1754287200.0,2025-08-04,-222.0
3,False,47.24409448818897,False,False,True,True,0.3947711008588987,1193.0,1193.0,87270885.0,87.270885,1448.9407958984375,0.8233600733563875,-0.29081900226315305,-0.01025819123977978,35.95583836191418,3.013900952381742,-0.05617088607594933,-0.06062992125984257,10.719888915312055,20.69159810188235,17.883324786658115,fund_low_adv20,1,trend_break,True,False,False,False,False,False,False,False,False,8844.T,,1193.0,4.909061,0.71132237,243.02,1677.158,40437260288.0,,1747031400.0,1747031400.0,True,,,False,1747031400.0,2025-05-12,-282.0
1,False,35.80246913580247,False,False,True,False,0.45521923736517245,618.0,618.0,816733095.0,816.733095,774.6892700195312,0.7977392019182338,-0.21387835927475018,-0.07828378601519703,15.986972770063005,2.5868887977448227,-0.05504587155963303,-0.10951008645533145,14.39487299135353,19.564696833529492,24.69433551414757,,1,trend_break,True,False,False,False,False,False,False,False,False,8848.T,,618.0,14.759972,4.830087,41.87,127.948,196340842496.0,1786084200.0,1786084200.0,1786084200.0,True,,,True,1786084200.0,2026-08-07,42.0
3,False,36.036036036036045,False,True,False,False,0.4206430852599567,4540.0,4540.0,337135700.0,337.1357,5258.431640625,0.8633753009025311,-0.1594451916323375,-0.05548695330277309,107.19928278260656,2.361217682436268,-0.06488156539649848,-0.11844660194174761,35.50680471451248,14.230985122054317,26.465454108983693,,2,trend_break;di_bear,True,False,False,False,False,False,True,False,False,8850.T,,4540.0,8.624292,1.1387684,526.42,3986.763,214942564352.0,1778481000.0,1786084200.0,1786084200.0,True,,,True,1786084200.0,2026-08-07,42.0
4,False,68.18181818181819,True,False,True,False,0.5030189606764609,779.0,779.0,68041490.0,68.04149,912.0723266601562,0.8540989318824714,-0.21278172902231773,-0.01839872354031702,16.82833855478151,2.160248851704943,0.0,-0.07701421800947872,27.677873928598597,28.1277944024449,25.198963051222854,"fund_low_adv20,fund_small_mcap",1,trend_break,True,False,False,False,False,False,False,False,False,8860.T,,779.0,5.8939247,0.4781978,132.17,1629.033,28127004672.0,,1753768800.0,1754287200.0,True,,,False,1753768800.0,2025-07-29,-226.0
2,False,55.07246376811594,True,False,True,True,0.5595453281130487,898.0,898.0,111783535.0,111.783535,1103.9361572265625,0.8134528379395242,-0.22731038890599764,-0.09151547783806646,19.119797436530224,2.129153389368622,-0.01642935377875132,-0.13320463320463316,37.332260234571244,20.414322995352478,25.63525903744021,fund_low_adv20,2,trend_break;di_bear,True,False,False,False,False,False,True,False,False,8864.T,,898.0,12.915289,0.7340613,69.53,1223.331,44343697408.0,,1753250400.0,1753682400.0,True,,,False,1753250400.0,2025-07-23,-230.0
2,False,40.86956521739131,True,False,True,False,0.5882346256505148,785.0,785.0,90958560.0,90.95856,1166.28173828125,0.6730792176827315,-0.33892474288740637,-0.2295217851935859,16.932717101699097,2.1570340256941525,-0.10896708286038592,-0.22532393915895987,66.27959488964521,9.556100447148468,36.99026917600397,"fund_low_adv20,fund_small_mcap",3,trend_break;trailing_stop;di_bear,True,False,False,False,True,False,True,False,False,8869.T,,785.0,4.810049,0.49891385,163.2,1573.418,18406432768.0,,1754460000.0,1754978400.0,True,,,False,1754460000.0,2025-08-06,-220.0
5,True,32.88590604026845,False,False,True,False,0.11523843745835495,3330.0,3330.0,194302050.0,194.30205,3700.0,0.9,-0.12972972972972974,0.0026115191676261418,98.4058779767733,2.955131470773973,-0.09999999999999998,-0.09999999999999998,17.04140165313566,25.159278484237802,27.240695810871397,fund_low_adv20,1,trailing_stop,False,False,False,False,True,False,False,False,False,8871.T,,3330.0,18.864717,0.81387806,176.52,4091.522,110672740352.0,,1753768800.0,1754287200.0,True,,,False,1753768800.0,2025-07-29,-226.0
4,True,27.033492822966508,False,False,True,False,0.3865825606818522,1810.0,1810.0,1061609905.0,1061.609905,2034.5,0.8896534775129025,-0.17732285278061588,0.02688378930633961,50.65534050183405,2.7986375967864117,-0.11034652248709753,-0.11034652248709753,19.00475888959436,18.157074258774323,24.95197038106966,,1,trailing_stop,False,False,False,False,True,False,False,False,False,8876.T,,1810.0,13.875049,3.2380235,130.45,558.983,274139561984.0,1785997800.0,1785997800.0,1785997800.0,True,,,True,1785997800.0,2026-08-06,41.0
3,False,37.5,True,False,True,False,0.5863350511367007,4870.0,4870.0,211804525.0,211.804525,7379.953125,0.659895790327259,-0.34687932045638836,-0.17967354253175205,138.88667629619536,2.8518824701477485,-0.10477941176470584,-0.25306748466257667,54.503623017371865,11.758971461213324,33.15804538720272,,3,trend_break;trailing_stop;di_bear,True,False,False,False,True,False,True,False,False,8877.T,,4870.0,6.7255907,0.9214192,724.1,5285.325,75140816896.0,,1753329600.0,1753675200.0,True,,,True,1753329600.0,2025-07-24,-229.0
4,False,47.008547008547005,True,False,True,False,0.543759069579995,649.0,649.0,86874860.0,86.87486,784.4906616210938,0.827288369065972,-0.20967829149321626,-0.029192312240341467,14.749681297463036,2.2726781660189577,-0.045588235294117596,-0.11580381471389645,26.647211760774283,23.255065272780126,24.38587600081013,fund_low_adv20,2,trend_break;di_bear,True,False,False,False,False,False,True,False,False,8881.T,,649.0,7.221542,0.42263967,89.87,1535.587,30311299072.0,,1753941600.0,1754287200.0,True,,,False,1753941600.0,2025-07-31,-224.0
1,False,56.933153829703755,True,False,True,True,0.4318046616315813,363.0,363.0,63315240.0,63.31524,464.16534423828125,0.7820489067224554,-0.5816680079326302,-0.07337090197149787,9.699449547179086,2.6720246686443763,0.0,-0.13848458170838096,39.92477119095283,22.68961478520192,22.91137446240098,"fund_low_adv20,fund_small_mcap",2,trend_break;di_bear,True,False,False,False,False,False,True,False,False,8887.T,,363.0,4.2416453,0.010030663,85.58,36189.035,13651070976.0,,1744610400.0,1744610400.0,True,,,False,1744610400.0,2025-04-14,-302.0
1,False,60.81504702194358,True,False,True,False,0.5407929082487877,1806.0,1806.0,53312785.0,53.312785,2790.6220703125,0.6471675327206741,-0.39296688791316625,-0.19427571853137637,63.71470724383942,3.5279461375326364,-0.16504854368932043,-0.3273927715628444,51.29013962874113,20.291377303423854,36.72513178507776,"fund_low_adv20,fund_small_mcap",3,trend_break;trailing_stop;di_bear,True,False,False,False,True,False,True,False,False,8891.T,,1806.0,4.3642163,0.4221361,413.82,4278.241,5058876928.0,,1747207200.0,1747207200.0,True,,,False,1747207200.0,2025-05-14,-280.0
6,True,38.15789473684211,False,False,True,False,0.46442309067773624,1103.0,1103.0,250720275.0,250.720275,1200.0,0.9191666666666667,-0.12949642779681314,0.04301366632954173,22.76375713948804,2.0638039111049897,-0.045021645021645074,-0.08083333333333331,20.724360843234198,18.911575945408995,24.040621730200343,,1,di_bear,False,False,False,False,False,False,True,False,False,8892.T,,1103.0,8.670702,1.2167141,127.21,906.54,105765715968.0,,1745548200.0,1745548200.0,True,,,True,1745548200.0,2025-04-25,-293.0
1,False,30.434782608695656,False,False,True,False,0.4212213158411957,24.0,24.0,43017960.0,43.01796,99.0,0.24242424242424243,-0.9259259259259259,-0.5593500413109336,3.262517392620553,13.593822469252304,-0.3142857142857143,-0.5636363636363637,36.84630117446556,24.22200254920927,18.20549632146207,"fund_neg_eps,fund_low_adv20,fund_small_mcap",3,trend_break;trailing_stop;natr_spike,True,False,False,False,True,False,False,False,True,8894.T,,24.0,-0.16158351848111493,3.329172,-148.53,7.209,3519568384.0,,1750057200.0,1750057200.0,True,,,False,1750057200.0,2025-06-16,-257.0
7,True,44.444444444444436,False,False,True,False,0.26601922870572664,416.0,416.0,356796140.0,356.79614,431.0,0.9651972157772621,-0.28830992745350725,0.07775629820019558,8.098483777454788,1.9467509080420164,-0.03480278422273786,-0.03480278422273786,13.518267182894414,23.48933064517236,20.097789937970038,,0,,False,False,False,False,False,False,False,False,False,8897.T,,416.0,11.991929,0.67251015,34.69,618.578,55585374208.0,,1754553600.0,1754985600.0,True,,,True,1754553600.0,2025-08-07,-219.0
7,True,53.57142857142857,False,False,True,True,0.29592306021295667,1122.0,1122.0,2161630.0,2.16163,1138.0,0.9859402460456942,-0.02570920890285433,0.022070408839288902,6.318083304621316,0.5631090289323811,-0.002666666666666706,-0.01405975395430581,7.3825586320733505,22.246151921741607,16.974810195926267,"fund_low_adv20,fund_small_mcap",0,,False,False,False,False,False,False,False,False,False,8898.T,,1122.0,13.501805,1.6538086,83.1,678.434,11513680896.0,,1745996400.0,1745996400.0,True,,,False,1745996400.0,2025-04-30,-290.0
5,False,52.94117647058823,True,False,True,False,0.5281685298822862,826.0,826.0,9876400.0,9.8764,860.93505859375,0.959421958433412,-0.08338922670816873,-0.00017842173013338236,8.232694038734664,0.9966941935514121,-0.0012091898428052694,-0.027090694935217874,12.30903424717227,21.843500157896276,18.647051723846864,"fund_low_adv20,fund_small_mcap",1,trend_break,True,False,False,False,False,False,False,False,False,8904.T,,826.0,8.961701,0.42478698,92.17,1944.504,11979844608.0,,1752042600.0,1752474600.0,True,,,False,1752042600.0,2025-07-09,-240.0
4,True,23.376980636942818,False,False,True,True,0.2997655138564355,821.0,821.0,24958445.0,24.958445,914.7254028320312,0.8975371160111514,-0.12380951554831932,0.0003408324345728353,13.537924157287181,1.6489554393772448,-0.07303546088342927,-0.08700475086225823,33.52019849885225,10.504268274717376,32.95862206577882,"fund_low_adv20,fund_small_mcap",1,di_bear,False,False,False,False,False,False,True,False,False,8908.T,,821.0,8.169968,1.0974498,100.49,748.098,14057823232.0,,1752127200.0,1752472800.0,True,,,False,1752127200.0,2025-07-10,-239.0
4,True,20.0,False,False,True,True,0.18297922805634484,170.0,170.0,8895130.0,8.89513,281.0,0.604982206405694,-0.4661921708185054,0.03070906720829414,3.60382525441465,2.119897208479206,-0.07103825136612019,-0.09090909090909094,21.86130526969052,16.3735354064623,27.375502863905528,"fund_low_adv20,fund_small_mcap",2,macd_sell_like;di_bear,False,False,True,False,False,False,True,False,False,8912.T,,170.0,14.925373,1.7658118,11.39,96.273,2632755968.0,,1747094400.0,1747094400.0,True,,,False,1747094400.0,2025-05-13,-281.0
1,False,37.43016759776536,False,False,True,True,0.5385879519641901,900.0,900.0,61932155.0,61.932155,1321.0,0.6813020439061317,-0.3345950037850114,-0.17925222952270958,25.515337349176402,2.8350374832418224,-0.07692307692307687,-0.3071593533487298,41.65584203970984,15.412204579485902,35.33939436270378,fund_low_adv20,2,trend_break;di_bear,True,False,False,False,False,False,True,False,False,8914.T,,900.0,12.347373,0.62754416,72.89,1434.162,45748772864.0,,1753682400.0,1754028000.0,True,,,False,1753682400.0,2025-07-28,-227.0
5,False,51.89189189189189,True,False,True,False,0.55368487585944,1051.0,1051.0,27786575.0,27.786575,1237.384521484375,0.8493721892845509,-0.1821459033720595,-0.07384200582163913,21.891289501995466,2.082900999238389,-0.008490566037735903,-0.11916961366623458,34.55462201226441,25.38730044332416,24.590420195130093,"fund_low_adv20,fund_small_mcap",1,trend_break,True,False,False,False,False,False,False,False,False,8917.T,,1051.0,10.242666,0.3587981,102.61,2929.224,14623175680.0,,1749106800.0,1749106800.0,True,,,False,1749106800.0,2025-06-05,-264.0
6,True,50.0,False,False,True,True,0.06825353868360814,10.0,10.0,2304218405.0,2304.218405,11.0,0.9090909090909091,-0.2727272727272727,0.05932203389830515,1.14120249731218,11.412024973121799,-0.09090909090909094,-0.09090909090909094,40.20793402531638,1.7217257704576567,5.2244729842494335,fund_small_mcap,4,cross_sma25_down;macd_sell_like;trailing_stop;di_bear,False,True,True,False,True,False,True,False,False,8918.T,,10.0,34.48276,1.6730801,0.29,5.977,15378829312.0,,1752040800.0,1752472800.0,True,,,False,1752040800.0,2025-07-09,-240.0
5,True,37.956204379562045,False,False,True,True,0.27669756319596717,3450.0,3450.0,755096000.0,755.096,3750.0,0.92,-0.14894635051685245,0.13469469398266254,125.70801682125163,3.6437106325000475,-0.07999999999999996,-0.07999999999999996,15.208672696573872,21.337107943445705,26.45805548863564,,0,,False,False,False,False,False,False,False,False,False,8919.T,,3450.0,21.65725,5.0874,159.3,678.146,269932167168.0,1778221800.0,1785997800.0,1785997800.0,True,,,True,1785997800.0,2026-08-06,41.0
3,False,39.99999999999999,True,False,True,False,0.42024843588321975,742.0,742.0,106257210.0,106.25721,960.47998046875,0.7725304171752506,-0.26703313518682426,-0.07005574263619985,24.361380714669753,3.2832049480687,-0.07250000000000001,-0.19783783783783782,36.75987709677298,16.45450374156994,28.2150022659659,"fund_low_adv20,fund_small_mcap",2,trend_break;di_bear,True,False,False,False,False,False,True,False,False,8920.T,,742.0,7.8064175,0.70942193,95.05,1045.922,26636322816.0,,1754551200.0,1754983200.0,True,,,False,1754551200.0,2025-08-07,-219.0
3,False,,False,False,True,False,,2248.0,2248.0,0.0,0.0,2248.0,1.0,0.0,0.0,0.0,0.0,0.0,0.0,,,,"fund_low_adv20,fund_small_mcap",0,,False,False,False,False,False,False,False,False,False,8921.T,,2248.0,9.025212,-0.09245949,249.08,-24313.35,2248000000.0,,,,True,,,False,,,
4,False,46.07843137254902,False,False,True,True,0.44081791633773254,1571.0,1571.0,490570445.0,490.570445,1815.0,0.865564738292011,-0.1774104683195592,-0.03202438781323591,43.17429372728331,2.7482045657086767,-0.04845548152634771,-0.09712643678160915,21.104468786041757,18.17658151877495,27.185727747384732,,2,trend_break;di_bear,True,False,False,False,False,False,True,False,False,8923.T,,1571.0,9.128413,1.4069345,172.1,1116.612,152339234816.0,,1751868000.0,1751868000.0,True,,,True,1751868000.0,2025-07-07,-242.0
3,False,52.94117647058823,True,False,True,True,0.5240999331666168,428.0,428.0,53228735.0,53.228735,577.1624145507812,0.7415590295031984,-0.30546077088446144,-0.08700979774875861,8.67656592316317,2.027235028776442,-0.020594965675057253,-0.1507936507936508,41.553275249106704,12.824658212876885,27.966049606404695,"fund_low_adv20,fund_small_mcap",2,trend_break;di_bear,True,False,False,False,False,False,True,False,False,8927.T,,428.0,5.561331,1.2247012,76.96,349.473,13070024704.0,,1749708000.0,1749708000.0,True,,,False,1749708000.0,2025-06-12,-259.0
5,True,37.244897959183675,False,False,True,True,0.5302651568881184,2368.0,2368.0,38829160.0,38.82916,2905.0,0.8151462994836489,-0.19070567986230635,0.015074138408699644,48.13308791159234,2.032647293563866,-0.07608271556769408,-0.14358047016274866,18.498084654521513,17.014588137830145,27.656681359961542,"fund_low_adv20,fund_small_mcap",0,,False,False,False,False,False,False,False,False,False,8928.T,,2368.0,4.6883664,0.52220637,505.08,4534.606,25258985472.0,,1754460000.0,1754978400.0,True,,,False,1754460000.0,2025-08-06,-220.0
1,False,20.883534136546174,False,False,True,False,0.5902613066348471,1306.0,1306.0,145137020.0,145.13702,2133.0068359375,0.6122812069779356,-0.42569335486372806,-0.2010698695309051,36.61759035420363,2.8037971174734784,-0.11095983662355346,-0.11095983662355346,16.192605666779844,20.648666081866693,24.35041750240839,fund_low_adv20,2,trend_break;trailing_stop,True,False,False,False,True,False,False,False,False,8929.T,,1306.0,11.40213,2.7121375,114.54,481.539,31317628928.0,,1754460000.0,1754978400.0,True,,,False,1754460000.0,2025-08-06,-220.0
2,False,42.168674698795186,True,False,True,True,0.677939379892429,1240.0,1240.0,14016985.0,14.016985,1773.0,0.6993795826283136,-0.3079526226734348,-0.21400437199390132,24.15364573006145,1.947874655650117,-0.03351519875292286,-0.2799070847851336,35.15652081142488,20.562927531498904,25.377123301669634,"fund_low_adv20,fund_small_mcap",2,trend_break;di_bear,True,False,False,False,False,False,True,False,False,8931.T,,1240.0,5.179832,0.39134002,239.39,3168.6,13587324928.0,,1744353000.0,1744353000.0,True,,,False,1744353000.0,2025-04-11,-303.0
4,False,49.608355091383814,True,False,True,False,0.4513889441790521,2401.0,2401.0,377627170.0,377.62717,2855.0,0.8409807355516637,-0.2063047285464098,-0.010005830695063334,60.68096856466345,2.527320639927674,-0.02675314146736929,-0.15901926444833625,42.657786426923174,22.953631995679224,30.477265970276886,,2,trend_break;di_bear,True,False,False,False,False,False,True,False,False,8934.T,,2401.0,7.324141,1.0361795,327.82,2317.166,137300508672.0,,1754460000.0,1754978400.0,True,,,True,1754460000.0,2025-08-06,-220.0
5,True,50.90439276485788,False,False,True,True,0.5099800270690311,1787.0,1787.0,155314195.0,155.314195,1902.7806396484375,0.9391518721412735,-0.220088764265445,0.150924445366736,63.36481386091025,3.545876545098503,-0.04284949116229242,-0.04284949116229242,20.52264038498767,25.45249159055763,19.244939376126467,fund_low_adv20,0,,False,False,False,False,False,False,False,False,False,8935.T,,1787.0,5.8456,0.72143865,305.7,2476.995,58528153600.0,,1753851600.0,1754283600.0,True,,,False,1753851600.0,2025-07-30,-225.0
0,False,33.103448275862064,False,False,True,True,0.4201575967121642,300.0,300.0,6151560.0,6.15156,739.0,0.4059539918809202,-0.6062246278755075,-0.32994583728851423,19.03356170245237,6.344520567484123,-0.1404011461318052,-0.2021276595744681,14.469299568434709,20.388252014242944,20.67085946901669,"fund_neg_eps,fund_low_adv20,fund_small_mcap",4,trend_break;cross_sma25_down;macd_sell_like;trailing_stop,True,True,True,False,True,False,False,False,False,8938.T,,300.0,-5.039475894506971,0.37336466,-59.53,803.504,3122358272.0,,1747291200.0,1747291200.0,True,,,False,1747291200.0,2025-05-15,-279.0
1,False,13.8888888888889,False,False,True,False,0.2521324002519201,231.0,231.0,81170505.0,81.170505,340.0,0.6794117647058824,-0.3205882352941176,-0.042571879873545604,13.383700401947234,5.793809697812655,-0.2524271844660194,-0.2524271844660194,23.465152967249587,15.361502711964736,30.161717517709064,"fund_low_adv20,fund_small_mcap",3,trend_break;trailing_stop;di_bear,True,False,False,False,True,False,True,False,False,8944.T,,231.0,33.57558,0.2761054,6.88,836.637,4584452608.0,,1753941600.0,1754287200.0,True,,,False,1753941600.0,2025-07-31,-224.0
5,True,32.53012048192771,True,False,True,True,0.3886958424379131,1114.0,1114.0,2715585.0,2.715585,1290.0,0.8635658914728682,-0.1465116279069767,0.010455661604224176,19.43842013057211,1.7449210171070115,-0.051914893617021285,-0.13643410852713178,26.78624392437024,16.141941111334184,29.347131358433636,"fund_low_adv20,fund_small_mcap",1,di_bear,False,False,False,False,False,False,True,False,False,8945.T,,1114.0,31.336147,1.2857224,35.55,866.439,10341444608.0,,1754548200.0,1754980200.0,True,,,False,1754548200.0,2025-08-07,-219.0
1,False,38.46153846153846,False,False,True,True,0.41129641524856647,72.0,72.0,12046750.0,12.04675,122.0,0.5901639344262295,-0.4098360655737705,-0.20252533643462367,2.3933415907883955,3.3240855427616602,-0.08860759493670889,-0.20879120879120883,25.477223963234835,12.53891640520805,30.051951168799327,"fund_low_adv20,fund_small_mcap",4,trend_break;macd_sell_like;trailing_stop;di_bear,True,False,True,False,True,False,True,False,False,8946.T,,72.0,15.12605,0.7541715,4.76,95.469,1708199936.0,,1754978400.0,1755496800.0,True,,,False,1754978400.0,2025-08-12,-216.0
3,False,50.21459227467812,True,False,True,False,0.5133496223619217,123700.0,123700.0,4911189850.0,4911.18985,149400.0,0.8279785809906292,-0.20080321285140568,-0.10848489071891887,2450.80490094805,1.9812489094163703,-0.029042386185243352,-0.15099519560741248,32.848051420895864,19.110732133582207,22.782517685122215,,2,trend_break;di_bear,True,False,False,False,False,False,True,False,False,8951.T,,123700.0,24.715778,0.32229474,5004.9,383810.2,1090415493120.0,,1771223400.0,1771223400.0,True,,,True,1771223400.0,2026-02-16,-82.0
3,False,54.47761194029851,True,False,True,True,0.4497111714566668,114500.0,114500.0,2290164170.0,2290.16417,133667.234375,0.8566048406356129,-0.1688314603090253,-0.06993580407036137,2007.4695777370187,1.7532485395083133,-0.013781223083548677,-0.09499568925007273,31.041164599899066,16.20362955019637,19.326824122341645,,2,trend_break;di_bear,True,False,False,False,False,False,True,False,False,8952.T,,114500.0,22.390263,0.30779338,5113.83,372002.8,833969913856.0,1778826600.0,1778826600.0,1778826600.0,True,,,True,1778826600.0,2026-05-15,-18.0
3,False,37.68115942028985,False,False,True,True,0.5066134068703642,109800.0,109800.0,2252091870.0,2252.09187,124194.0,0.8841006811923281,-0.125561621334364,-0.05427093530803806,1846.0864061291825,1.6813173097715688,-0.035996488147497785,-0.09999999999999998,29.64319246294356,14.098834671425237,24.000446523510348,,2,trend_break;di_bear,True,False,False,False,False,False,True,False,False,8953.T,,109800.0,17.401888,0.6584663,6309.66,166751.14,789770403840.0,1776753000.0,1776753000.0,1776753000.0,True,,,True,1776753000.0,2026-04-21,-36.0
4,False,39.63963963963965,True,False,False,True,0.43866279729202906,94400.0,94400.0,1306250905.0,1306.250905,106100.0,0.8897266729500471,-0.1310084825636192,-0.05787182834785254,1557.085572944767,1.649455056085558,-0.026804123711340222,-0.09665071770334932,25.187609538478966,16.56553450181871,25.700157216728087,,2,trend_break;di_bear,True,False,False,False,False,False,True,False,False,8954.T,,94400.0,19.362196,0.7467798,4875.48,126409.42,521088008192.0,1776753000.0,1776753000.0,1776753000.0,True,,,True,1776753000.0,2026-04-21,-36.0
3,False,44.11764705882353,True,False,True,True,0.5786418136911612,94100.0,94100.0,719574165.0,719.574165,108400.0,0.8680811808118081,-0.15405904059040587,-0.07713180024737099,1360.634790438614,1.4459455796372094,-0.03189300411522633,-0.09779482262703743,38.67473294723461,14.966483863101882,22.687150487570072,,2,trend_break;di_bear,True,False,False,False,False,False,True,False,False,8955.T,,94100.0,18.877388,0.3516836,4984.8,267570.06,380940877824.0,1786948200.0,1786948200.0,1786948200.0,True,,,True,1786948200.0,2026-08-17,48.0
4,False,41.54929577464789,True,False,True,False,0.4552256811747862,130400.0,130400.0,418382130.0,418.38213,144985.671875,0.8993992186512396,-0.11370552456530458,-0.03787288543749512,1791.018164527348,1.3734801875209723,-0.026138909634055296,-0.10060078134876038,47.279942327955744,12.083190905372234,27.66871264596941,,2,trend_break;di_bear,True,False,False,False,False,False,True,False,False,8956.T,,130400.0,22.71413,1.3743069,5740.92,94884.19,191457837056.0,1781677800.0,1781677800.0,1781677800.0,True,,,True,1781677800.0,2026-06-17,5.0
1,False,34.07079646017699,False,False,True,False,0.5389353904969206,180300.0,180300.0,452106345.0,452.106345,215200.0,0.8378252788104089,-0.17983271375464682,-0.09098002466298838,2758.4924226301277,1.5299458805491557,-0.04451510333863273,-0.13400576368876083,52.10209242326454,9.689276149230917,28.544751866109596,,2,trend_break;di_bear,True,False,False,False,False,False,True,False,False,8957.T,,180300.0,17.314262,1.5320274,10413.38,117687.195,173335183360.0,1773642600.0,1773642600.0,1773642600.0,True,,,True,1773642600.0,2026-03-16,-62.0
0,False,7.446808510638306,False,False,True,True,0.5190221160426822,108000.0,108000.0,623015380.0,623.01538,142160.046875,0.7597071214738934,-0.2402928785261066,-0.18072737870385858,1795.573400863064,1.6625679637620965,-0.08629441624365486,-0.19984802669118062,56.11448546133416,9.88962555236646,33.47239520170987,,3,trend_break;trailing_stop;di_bear,True,False,False,False,True,False,True,False,False,8958.T,,108000.0,12.284956,1.0731431,8791.24,100638.95,105012396032.0,1779345000.0,1779345000.0,1779345000.0,True,,,True,1779345000.0,2026-05-21,-14.0
4,False,40.163913193911206,True,False,True,True,0.5391493674256477,159000.0,159000.0,1473865280.0,1473.86528,186150.625,0.8541470113248344,-0.15713417561719167,-0.08136617765028609,2540.6004773492227,1.597861935439763,-0.03833095987441604,-0.10468932165171096,52.23619198310518,7.225256293847739,30.402006106150974,,2,trend_break;di_bear,True,False,False,False,False,False,True,False,False,8960.T,,159000.0,20.576399,1.3559248,7727.3,117263.14,508800008192.0,1784097000.0,1784097000.0,1784097000.0,True,,,True,1784097000.0,2026-07-15,25.0
4,False,44.87179487179487,False,False,True,True,0.49279351004137356,72800.0,72800.0,460164505.0,460.164505,79428.46875,0.9165479474259662,-0.10233696907319523,-0.0320721034652266,1007.6561029441568,1.384142998549666,-0.01621621621621616,-0.05943152454780365,24.866735193475076,16.29599969632156,24.884310831356125,,2,trend_break;di_bear,True,False,False,False,False,False,True,False,False,8961.T,,72800.0,18.43346,0.5999251,3949.34,121348.484,259167993856.0,,1745303400.0,1745303400.0,True,,,True,1745303400.0,2025-04-22,-296.0
4,False,51.66666666666666,False,False,True,True,0.4094553628327049,60700.0,60700.0,2077442430.0,2077.44243,67900.0,0.8939617083946981,-0.13696612665684826,-0.05212636071936638,993.0318063674042,1.635966732071506,-0.020967741935483897,-0.048589341692789945,15.925317008767987,19.097767705310638,23.17707128848413,,1,trend_break,True,False,False,False,False,False,False,False,False,8963.T,,60700.0,14.946248,1.4824356,4061.22,40946.13,464139681792.0,,1772087400.0,1772087400.0,True,,,True,1772087400.0,2026-02-26,-74.0
3,False,39.56043956043957,True,False,True,True,0.5716056564207195,81300.0,81300.0,526407620.0,526.40762,94800.0,0.8575949367088608,-0.15928270042194093,-0.07952011397130321,1206.3020537304465,1.4837663637520866,-0.030989272943980906,-0.10561056105610556,48.77984977370232,10.570140524984879,25.162830653310493,,2,trend_break;di_bear,True,False,False,False,False,False,True,False,False,8964.T,,81300.0,18.656715,1.2528247,4357.68,64893.355,219916500992.0,,1786948200.0,1786948200.0,True,,,True,1786948200.0,2026-08-17,48.0
4,False,43.615338037068234,True,False,True,True,0.5466350868439968,134000.0,134000.0,1409991700.0,1409.9917,157955.953125,0.8483377634647159,-0.1674894336148497,-0.07995474257040902,2042.5162539220223,1.5242658611358377,-0.030641494692943083,-0.08528033022062709,44.21016052907237,11.557849909976799,29.65160421753868,,2,trend_break;di_bear,True,False,False,False,False,False,True,False,False,8966.T,,134000.0,16.246914,1.416941,8247.72,94569.92,167705427968.0,1784183400.0,1784183400.0,1784183400.0,True,,,True,1784183400.0,2026-07-16,26.0
4,False,51.06382978723405,True,False,True,True,0.5291656485511441,92400.0,92400.0,523422585.0,523.422585,104400.0,0.8850574712643678,-0.13218390804597702,-0.05840322990811708,1339.2470331759869,1.4494015510562628,-0.006451612903225823,-0.10896817743490839,32.58096772096569,13.821774636723752,19.715501056600832,,2,trend_break;di_bear,True,False,False,False,False,False,True,False,False,8967.T,,92400.0,20.366869,0.62034523,4536.78,148949.31,253745463296.0,,1757570400.0,1758002400.0,True,,,True,1757570400.0,2025-09-11,-194.0
3,False,38.92617449664429,True,False,True,True,0.49299470208829904,170600.0,170600.0,317420160.0,317.42016,189570.421875,0.8999294210174369,-0.11378579876360262,-0.058915937493731585,2246.452946756748,1.316795396692115,-0.02458547741566608,-0.06877729257641918,34.30033502712073,13.032650238424468,25.18871352048468,,2,trend_break;di_bear,True,False,False,False,False,False,True,False,False,8968.T,,170600.0,19.513937,1.3375779,8742.47,127543.97,148220690432.0,1776234600.0,1776234600.0,1776234600.0,True,,,True,1776234600.0,2026-04-15,-40.0
4,False,41.53005464480874,False,False,True,False,0.5026396485386011,156200.0,156200.0,1756194315.0,1756.194315,176270.765625,0.8861367308763001,-0.12634406815012666,-0.04808906171598648,2393.5899476494965,1.5323879306334804,-0.02375000000000005,-0.0652652752052657,25.62292900061294,15.586936114840967,22.995499858543536,,2,trend_break;di_bear,True,False,False,False,False,False,True,False,False,8972.T,,156200.0,18.698078,0.29153517,8353.8,535784.44,630922739712.0,1781677800.0,1781677800.0,1781677800.0,True,,,True,1781677800.0,2026-06-17,5.0
3,False,39.130434782608695,True,False,True,True,0.49483630795449574,85000.0,85000.0,417382375.0,417.382375,97567.9140625,0.8711880418551405,-0.14213601054970282,-0.08061886182561173,1295.3990702912515,1.523998906225002,-0.02857142857142858,-0.10738934765995312,40.57228411828994,14.100519765240211,25.796513329563147,,2,trend_break;di_bear,True,False,False,False,False,False,True,False,False,8975.T,,85000.0,14.068236,1.2494426,6041.98,68030.336,130727026688.0,1781677800.0,1781677800.0,1781677800.0,True,,,True,1781677800.0,2026-06-17,5.0
3,False,51.871724299475886,True,False,True,True,0.638906878781338,318000.0,318000.0,689041500.0,689.0415,378402.15625,0.8403757609401836,-0.17812307656478898,-0.0880666125614269,5377.651603765299,1.6910854099890877,-0.011697726739665959,-0.0839786186062702,33.76330878978672,15.962811261139562,22.201178202936383,,2,trend_break;di_bear,True,False,False,False,False,False,True,False,False,8976.T,,318000.0,20.739176,0.6147013,15333.3,517324.44,297248915456.0,1784269800.0,1784269800.0,1784269800.0,True,,,True,1784269800.0,2026-07-17,27.0
0,False,23.72640158386389,False,False,True,True,0.575258776184355,137700.0,137700.0,296143855.0,296.143855,172794.96875,0.7968982025120451,-0.2117826057941864,-0.13001745972568235,2157.581717843885,1.5668712547885877,-0.05600705595306943,-0.09366957073332671,53.73852199468394,5.957373144487486,33.23605369996157,,2,trend_break;di_bear,True,False,False,False,False,False,True,False,False,8977.T,,137700.0,19.971804,1.1049186,6894.72,124624.57,95729041408.0,1784183400.0,1784183400.0,1784183400.0,True,,,True,1784183400.0,2026-07-16,26.0
4,False,39.99999999999999,True,False,True,True,0.5640535051639254,183500.0,183500.0,111230275.0,111.230275,210822.46875,0.87040058437794,-0.15094438908091956,-0.06548736503566943,3102.1079814558534,1.6905220607388847,-0.033192834562697615,-0.11815757406830618,52.30148023096112,12.444285390682753,27.283485768533396,fund_low_adv20,2,trend_break;di_bear,True,False,False,False,False,False,True,False,False,8979.T,,183500.0,19.681408,1.0713433,9323.52,171280.3,49988153344.0,,1749796200.0,1749796200.0,True,,,False,1749796200.0,2025-06-13,-258.0
4,False,41.46341463414634,True,False,True,True,0.6003261874321661,119100.0,119100.0,1098652075.0,1098.652075,140283.671875,0.848994030510723,-0.16597563753354672,-0.07875327551696742,1717.8736155184677,1.4423791901918286,-0.03406326034063256,-0.09841029523088574,26.87162603238957,18.609646204042665,26.19304667225517,,2,trend_break;di_bear,True,False,False,False,False,False,True,False,False,8984.T,,119100.0,19.986574,0.53321695,5959.0,223361.23,540695527424.0,1776321000.0,1776321000.0,1776321000.0,True,,,True,1776321000.0,2026-04-16,-39.0
3,False,50.79365079365079,True,False,True,True,0.4982539110964112,75700.0,75700.0,1745719490.0,1745.71949,87000.0,0.8701149425287357,-0.1448275862068965,-0.06611312595027075,1182.7170617401184,1.5623739256804734,-0.021963824289405687,-0.06079404466501237,16.799058625080633,18.569115100399298,23.609312403303274,,1,trend_break,True,False,False,False,False,False,False,False,False,8985.T,,75700.0,14.215962,1.3163563,5325.0,57507.227,446933270528.0,,1772001000.0,1772001000.0,True,,,True,1772001000.0,2026-02-25,-75.0
3,False,32.30769230769231,True,False,True,False,0.5672084771395048,99600.0,99600.0,525813770.0,525.81377,114928.7265625,0.8666240632696474,-0.15251823531663,-0.0784269774402584,1583.4501697054106,1.5898094073347497,-0.054131054131054124,-0.12444936416678809,49.63876434871522,13.173405678572017,29.437045788169137,,2,trend_break;di_bear,True,False,False,False,False,False,True,False,False,8986.T,,99600.0,17.669975,1.3550575,5636.68,73502.414,237649788928.0,1779345000.0,1779345000.0,1779345000.0,True,,,True,1779345000.0,2026-05-21,-14.0
3,False,37.40458015267176,False,False,True,True,0.5665607442912697,136900.0,136900.0,396532950.0,396.53295,156000.0,0.8775641025641026,-0.13461538461538458,-0.06086072378347984,1903.7044231005088,1.3905802944488743,-0.03387438249823571,-0.10814332247557001,29.177788203519825,12.944128078223072,26.68825732972123,,2,trend_break;di_bear,True,False,False,False,False,False,True,False,False,8987.T,,136900.0,20.217295,1.2152482,6771.43,112651.88,176667672576.0,1787293800.0,1787293800.0,1787293800.0,True,,,True,1787293800.0,2026-08-21,52.0
2,False,51.33819951338199,False,False,True,False,0.3165610335344257,968.0,968.0,5527870.0,5.52787,2598.98681640625,0.3724528319610726,-0.6514026180199053,-0.1144268534695454,50.68671350235376,5.2362307337142315,-0.11919927206551406,-0.19544130592088838,19.206667863557385,20.469659339692253,25.92143149157897,"fund_low_adv20,fund_small_mcap",2,trend_break;trailing_stop,True,False,False,False,True,False,False,False,False,8995.T,,968.0,77.5641,0.47254273,12.48,2048.492,1947350784.0,,1747119600.0,1747119600.0,True,,,False,1747119600.0,2025-05-13,-281.0
4,True,23.913043478260875,False,True,False,True,0.4063067271948359,962.0,962.0,2149705.0,2.149705,1118.0,0.8604651162790697,-0.14490161001788904,0.019668047421322665,10.91999343719562,1.1351344529309377,-0.04940711462450598,-0.09330819981149863,25.714274641895898,16.975914568640448,33.403338643813605,"fund_low_adv20,fund_small_mcap",2,di_bear;vol_distribution,False,False,False,False,False,False,True,True,False,8996.T,,962.0,5.598231,1.003123,171.84,959.005,3687480576.0,,1754550000.0,1754982000.0,True,,,False,1754550000.0,2025-08-07,-219.0
3,False,42.30769230769231,True,True,False,False,0.5680334531972965,518.0,518.0,37609550.0,37.60955,619.53466796875,0.8361114022857692,-0.18971443253386844,-0.07447286188586244,8.166688512147907,1.576580793850947,-0.029962546816479363,-0.10805705971697155,38.44863413015165,18.31275893576652,24.983384854142283,"fund_neg_eps,fund_low_adv20,fund_small_mcap",2,trend_break;di_bear,True,False,False,False,False,False,True,False,False,8999.T,,518.0,,0.5961904,,868.85,15019857920.0,,1754546400.0,1754978400.0,True,,,False,1754546400.0,2025-08-07,-219.0
5,True,59.2814371257485,True,False,True,False,0.4756482554366938,2903.5,2903.5,1660820815.0,1660.820815,3108.294189453125,0.9341136401605677,-0.13280409262861703,0.0692271502969306,57.100565920612986,1.9666115350650246,0.0,-0.030065141139134832,13.392290951248166,32.780711242191586,22.213777686875044,,0,,False,False,False,False,False,False,False,False,False,9001.T,,2903.5,10.259717,0.92222613,283.0,3148.36,567725260800.0,1777530600.0,1777530600.0,1777530600.0,True,,,True,1777530600.0,2026-04-30,-29.0
2,False,33.44988344988346,True,False,True,False,0.509387911877671,2485.0,2485.0,710916695.0,710.916695,3130.0,0.7939297124600639,-0.2504792332268371,-0.07895823405566493,54.75693043910199,2.2034982068049094,-0.08807339449541285,-0.20607028753993606,36.17243515202457,23.93197251658812,31.35738029137026,,3,trend_break;trailing_stop;di_bear,True,False,False,False,True,False,True,False,False,9003.T,,2485.0,9.606834,1.1734179,258.67,2117.745,238483144704.0,1777357800.0,1777357800.0,1777357800.0,True,,,True,1777357800.0,2026-04-28,-31.0
4,False,70.12987012987013,True,False,True,False,0.49438768522471105,1736.5,1736.5,10593393262.5,10593.3932625,1982.0638427734375,0.876106996417518,-0.19427418757340842,-0.029870454273314584,38.342215997726356,2.2080170456508124,0.0,-0.09745322245322241,26.645128550841616,27.729906648782688,17.131225963470687,,1,trend_break,True,False,False,False,False,False,False,False,False,9005.T,,1736.5,20.499352,1.0841843,84.71,1601.665,985158057984.0,1786084200.0,1786084200.0,1786084200.0,True,,,True,1786084200.0,2026-08-07,42.0
3,False,43.98496240601504,False,False,False,False,0.3258040641317187,1503.0,1503.0,1383727630.0,1383.72763,1629.0,0.9226519337016574,-0.11790348221791158,-0.003757792701053697,32.800601468154,2.1823420803828344,-0.06033135354798369,-0.07734806629834257,20.452129332894668,16.92458256638869,21.40876225754624,,2,trend_break;di_bear,True,False,False,False,False,False,True,False,False,9006.T,,1503.0,14.759893,1.0385429,101.83,1447.22,403247398912.0,1778481000.0,1785997800.0,1785997800.0,True,,,True,1785997800.0,2026-08-06,41.0
5,False,54.4388609715243,True,False,True,False,0.17280299018068418,1728.5,1728.5,2844253035.0,2844.253035,1771.4857177734375,0.9757346517998091,-0.1272862182918687,0.04385474493540875,42.644881712312376,2.467161221423915,0.0,-0.006609195402298873,15.44061514705751,31.848525039694415,18.839978349128888,,1,trend_break,True,False,False,False,False,False,False,False,False,9007.T,,1728.5,15.969143,1.1755664,108.24,1470.355,596709146624.0,1778653800.0,1785997800.0,1785997800.0,True,,,True,1785997800.0,2026-08-06,41.0
5,False,47.70220433551856,True,False,False,False,0.3810033997761286,759.5999755859375,759.5999755859375,1801420026.9418335,1801.4200269418334,832.0389404296875,0.912938011283053,-0.17409711295416552,-0.012227321667453994,16.172716365768323,2.129109647916072,-0.020502932835670507,-0.07252750233707261,19.51158917876839,21.839141648838073,19.1528292129981,,1,trend_break,True,False,False,False,False,False,False,False,False,9008.T,,759.6,14.783962,0.9907201,51.38,766.715,439719952384.0,1778653800.0,1785911400.0,1785911400.0,True,,,True,1785911400.0,2026-08-05,40.0
1,False,57.14285714285714,True,False,True,True,0.4471552752016653,1090.0,1090.0,1940895065.0,1940.895065,1417.8673095703125,0.7687602306948784,-0.3612857112887694,-0.12575661377940706,25.01317126400995,2.294786354496326,-0.02110462505612931,-0.12468191189198352,18.317582052647804,24.45219195649354,19.207439020444593,,1,trend_break,True,False,False,False,False,False,False,False,False,9009.T,,1090.0,10.948173,0.9423026,99.56,1156.741,525640761344.0,1778221800.0,1785393000.0,1785393000.0,True,,,True,1785393000.0,2026-07-30,36.0
7,True,69.79522184300342,True,True,False,False,0.5641969426437328,2277.0,2277.0,501485435.0,501.485435,2605.220947265625,0.8740141608295766,-0.38823757301555195,0.018296766113806262,71.41322339948506,3.1362856126256062,0.0,-0.08919999999999995,27.398656127158283,41.686563341166014,20.16275552109989,,0,,False,False,False,False,False,False,False,False,False,9010.T,,2277.0,3.3882415,2.892299,672.03,787.263,120903925760.0,,1754373600.0,1754892000.0,True,,,True,1754373600.0,2025-08-05,-221.0
6,True,51.16279069767442,False,False,True,True,0.10710833757396918,2110.0,2110.0,1106105.0,1.106105,2250.0,0.9377777777777778,-0.07022222222222219,0.007525403010161247,20.542359500143068,0.9735715402911407,-0.018604651162790753,-0.06222222222222218,14.122134942506804,33.951415098367335,42.752412564942595,"fund_low_adv20,fund_small_mcap",0,,False,False,False,False,False,False,False,False,False,9012.T,,2110.0,8.176076,0.5676994,258.07,3716.756,3133700352.0,,1747292400.0,1747292400.0,True,,,False,1747292400.0,2025-05-15,-279.0
3,False,62.16216216216217,True,False,True,False,0.5543830836606123,1978.0,1978.0,1374415.0,1.374415,2149.264404296875,0.920314874263735,-0.09271283881987691,-0.04271285193668761,12.436525805052225,0.6287424572827212,-0.002521432173474558,-0.04886117689266567,10.949846721944326,31.029864953278867,24.754891254261587,"fund_low_adv20,fund_small_mcap",1,trend_break,True,False,False,False,False,False,False,False,False,9017.T,,1978.0,6.9908814,0.37635452,282.94,5255.683,7597460480.0,,1747285200.0,1747285200.0,True,,,False,1747285200.0,2025-05-15,-279.0
2,False,30.405405405405403,False,False,True,True,0.5108634934869966,3460.0,3460.0,12727697160.0,12727.69716,4155.3798828125,0.8326555206928894,-0.2106618185339083,-0.06676667230133182,95.1590008525381,2.7502601402467657,-0.08658922914466738,-0.08658922914466738,23.43881101547892,18.56716358061135,25.18123798520118,,3,trend_break;trailing_stop;di_bear,True,False,False,False,True,False,True,False,False,9020.T,,3460.0,15.75879,1.2820607,219.56,2698.78,3905143963648.0,1777530600.0,1785393000.0,1785393000.0,True,,,True,1785393000.0,2026-07-30,36.0
2,False,38.25503355704697,True,False,True,False,0.5134595748975056,2617.0,2617.0,8378864517.5,8378.8645175,3457.7080078125,0.7568597446883986,-0.2857985710706915,-0.1515228884269456,58.014485866662106,2.216831710609939,-0.05060765463450023,-0.1896551463457632,49.56201252801359,19.905555519317257,32.155394757943014,,2,trend_break;di_bear,True,False,False,False,False,False,True,False,False,9021.T,,2617.0,9.425196,0.98613006,277.66,2653.808,1190954401792.0,1785911400.0,1785911400.0,1785911400.0,True,,,True,1785911400.0,2026-08-05,40.0
2,False,47.2,True,False,False,True,0.5827088526375797,3507.0,3507.0,10108187415.0,10108.187415,4786.7861328125,0.7326418817753708,-0.3112288895884239,-0.1523179153106181,83.43088631125698,2.378981645601853,-0.034947716015410024,-0.19736795493401726,43.45401767858271,19.635341451960482,27.8521133567277,,2,trend_break;di_bear,True,False,False,False,False,False,True,False,False,9022.T,,3507.0,6.145085,0.66094774,570.7,5306.017,3350080258048.0,1777357800.0,1785220200.0,1785220200.0,True,,,True,1785220200.0,2026-07-28,34.0
0,False,17.467248908296938,False,True,False,False,0.4573281860819359,1358.0,1358.0,4562255470.0,4562.25547,1784.9306640625,0.76081386652252,,-0.15313983811407694,28.220715321227274,2.0781086392656314,-0.11989630589760203,-0.1860952951753072,50.24526312038435,7.535636883217705,39.019259194514554,,3,trend_break;trailing_stop;di_bear,True,False,False,False,True,False,True,False,False,9023.T,,1358.0,13.364826,1.0730852,101.61,1265.51,788452605952.0,1777357800.0,1777357800.0,1777357800.0,True,,,True,1777357800.0,2026-04-28,-31.0
2,False,41.83062446535501,True,False,True,False,0.4885634736022957,2856.0,2856.0,8428209332.5,8428.2093325,5742.01318359375,0.4973865278053084,-0.5384893912170633,-0.3697571120078811,153.2058105560132,5.364349109104103,-0.1823647294589178,-0.37368421052631584,40.40995598560919,18.079931088680304,30.729617414518064,,3,trend_break;trailing_stop;di_bear,True,False,False,False,True,False,True,False,False,9024.T,,2856.0,18.92895,1.2759507,150.88,2238.331,725931786240.0,1778740200.0,1785479400.0,1785479400.0,True,,,True,1785479400.0,2026-07-31,37.0
0,False,31.686046511627907,False,False,True,True,0.5347324297823571,2635.0,2635.0,259149825.0,259.149825,3553.344482421875,0.7415548965306191,-0.2590079534857229,-0.14741154471302675,53.0633899741757,2.013790890860558,-0.04598117306299787,-0.14308943089430892,25.583883752141908,20.97371601410539,30.801827152884403,,2,trend_break;di_bear,True,False,False,False,False,False,True,False,False,9025.T,,2635.0,9.805381,0.8795665,268.73,2995.794,139917492224.0,1778653800.0,1786516200.0,1786516200.0,True,,,True,1786516200.0,2026-08-12,45.0
6,True,33.33333333333333,False,False,True,True,0.5100390149831475,3595.0,3595.0,82610825.0,82.610825,4170.0,0.8621103117505995,-0.21822541966426856,0.03638406453477261,88.97948787900728,2.475090066175446,-0.040053404539385884,-0.040053404539385884,26.71783730862217,21.75581242149714,18.518263631705032,fund_low_adv20,1,macd_sell_like,False,False,True,False,False,False,False,False,False,9028.T,,3595.0,9.077825,1.3265908,396.02,2709.954,60407726080.0,,1747296000.0,1747296000.0,True,,,False,1747296000.0,2025-05-15,-279.0
4,True,27.070063694267503,False,False,True,True,0.3234345538831816,1853.0,1853.0,22959115.0,22.959115,2117.0,0.8752952290977799,-0.16179831140125212,0.021637860791956065,53.67597832028937,2.8967068710355837,-0.10309777347531457,-0.1247047709022201,13.507089367962843,17.950020783964867,27.718698950795496,"fund_low_adv20,fund_small_mcap",2,macd_sell_like;trailing_stop,False,False,True,False,True,False,False,False,False,9029.T,,1853.0,9.30361,1.5035995,199.17,1232.376,24227928064.0,,1746772200.0,1746772200.0,True,,,False,1746772200.0,2025-05-09,-283.0
6,True,60.10037641154329,True,False,True,True,0.44520623049695185,2877.0,2877.0,505449875.0,505.449875,3235.0,0.8893353941267388,-0.2218504459141566,0.07310344714919337,61.60496119250212,2.1412916646681306,-0.007759958613554052,-0.11066460587326121,21.93984202030728,27.437190804065647,24.286905421064155,,0,,False,False,False,False,False,False,False,False,False,9031.T,,2877.0,6.804636,0.76474524,422.8,3762.037,217252675584.0,1778740200.0,1785997800.0,1785997800.0,True,,,True,1785997800.0,2026-08-06,41.0
3,False,66.66666666666666,False,False,True,True,0.5673762666027479,617.0,617.0,5654390.0,5.65439,661.6119384765625,0.9325708381573545,-0.19107858238957498,-0.0037436051838277695,6.655453989165551,1.0786797389247247,-0.003231017770597755,-0.03873463904318941,22.65745983356063,24.921111929676513,12.023613072101252,"fund_low_adv20,fund_small_mcap",1,trend_break,True,False,False,False,False,False,False,False,False,9033.T,,617.0,16.181484,0.42256454,38.13,1460.132,18750027776.0,,1747197000.0,1747197000.0,True,,,False,1747197000.0,2025-05-14,-280.0
6,True,44.70046082949309,False,False,True,True,0.34372775187891735,1573.0,1573.0,7134525.0,7.134525,1686.722900390625,0.932577603372618,-0.10404624988619615,0.0379612535683016,30.263652983181466,1.923944881321136,-0.016874999999999973,-0.016874999999999973,15.627618224542001,19.346160284550745,22.02827393702708,"fund_low_adv20,fund_small_mcap",0,,False,False,False,False,False,False,False,False,False,9034.T,,1573.0,10.978504,0.6487577,143.28,2424.634,14866486272.0,,1747288800.0,1747288800.0,True,,,False,1747288800.0,2025-05-15,-279.0
5,True,17.81376518218623,False,False,True,False,0.43856767656799894,1231.0,1231.0,9938655.0,9.938655,1424.0,0.8644662921348315,-0.13895325550746562,0.11410174309606269,28.084262244263975,2.2814185413699413,-0.1355337078651685,-0.1355337078651685,30.303826570154133,25.655903211187475,33.83560893842932,"fund_low_adv20,fund_small_mcap",3,macd_sell_like;trailing_stop;di_bear,False,False,True,False,True,False,True,False,False,9036.T,,1231.0,22.92792,0.325482,53.69,3782.083,6806806016.0,,1747202400.0,1747202400.0,True,,,False,1747202400.0,2025-05-14,-280.0
5,True,30.392156862745097,False,False,True,True,0.33417623045082634,1864.0,1864.0,192628500.0,192.6285,1936.0811767578125,0.9627695482900565,-0.11419003470094058,0.08999517091835862,40.95824976496789,2.1973309959746725,-0.02408376963350789,-0.02408376963350789,13.484639548432632,18.88620892738703,23.547534534444235,fund_low_adv20,0,,False,False,False,False,False,False,False,False,False,9037.T,,1864.0,12.86582,1.4087733,144.88,1323.137,137987964928.0,,1753682400.0,1754028000.0,True,,,False,1753682400.0,2025-07-28,-227.0
6,True,58.40978593272171,True,False,True,True,0.4442019327596156,2866.0,2866.0,201323215.0,201.323215,2980.780517578125,0.9614931334590902,-0.1198035723163624,0.01854590480001539,51.36331238251472,1.7921602366543867,-0.0017415534656913811,-0.03208375548801079,15.649172057903069,28.11606119877747,19.910248874539047,,0,,False,False,False,False,False,False,False,False,False,9039.T,,2866.0,13.655422,1.1614279,209.88,2467.652,115384377344.0,,1754544000.0,1754976000.0,True,,,True,1754544000.0,2025-08-07,-219.0
5,True,64.66346153846155,True,False,True,False,0.4280906993256846,3648.0,3648.0,2992854120.0,2992.85412,3649.0,0.9997259523157029,-0.2840990381960228,0.15944541634436837,77.18991696358994,2.11595167115104,-0.00027404768429706294,-0.00027404768429706294,22.876026319201127,29.966381033061644,14.720493004866055,,0,,False,False,False,False,False,False,False,False,False,9041.T,,3648.0,12.899576,1.133997,282.8,3216.94,693661138944.0,1778826600.0,1786084200.0,1786084200.0,True,,,True,1786084200.0,2026-08-07,42.0
7,True,40.557939914163086,False,False,True,False,0.4468197442396932,4632.0,4632.0,6776335495.0,6776.335495,4945.0,0.9367037411526795,-0.16091690380067958,0.07800760622771064,112.6591938245749,2.4321933036393544,-0.06329625884732049,-0.06329625884732049,14.063791315878383,28.69905460271338,21.67722808721685,,0,,False,False,False,False,False,False,False,False,False,9042.T,,4632.0,14.028712,0.9953749,330.18,4653.523,1098842112000.0,1778826600.0,1785393000.0,1785393000.0,True,,,True,1785393000.0,2026-07-30,36.0
4,False,41.32780082987552,True,False,True,False,0.49589817647746504,2790.5,2790.5,946013260.0,946.01326,3268.0,0.8538861689106487,-0.20084529214322733,-0.028474370522178938,72.43522209706296,2.595779326180361,-0.05598782138024361,-0.14611383108935128,20.708144927564398,23.830101106806236,24.492994294751654,,2,trend_break;di_bear,True,False,False,False,False,False,True,False,False,9044.T,,2790.5,12.271868,0.9052975,227.39,3082.412,302015578112.0,1777530600.0,1785306600.0,1785306600.0,True,,,True,1785306600.0,2026-07-29,35.0
3,False,68.2170542635659,False,False,True,False,0.34948429264834224,3230.0,3230.0,1069909640.0,1069.90964,3469.76123046875,0.9308997897713096,-0.1666452377821006,-0.005469297193539946,68.19584809248592,2.1113265663308334,-0.005541871921182273,-0.04182735093444079,12.914569233350516,20.66976261487267,19.311625189357496,,1,trend_break,True,False,False,False,False,False,False,False,False,9045.T,,3230.0,11.567111,0.95518667,279.24,3381.538,325909741568.0,1778567400.0,1786084200.0,1786084200.0,True,,,True,1786084200.0,2026-08-07,42.0
5,False,45.07042253521126,True,False,True,True,0.4217061572472338,2381.0,2381.0,17613790.0,17.61379,2606.252685546875,0.9135722001185738,-0.20159429163630171,-0.028065604068863936,31.044588550736165,1.303846642198075,-0.03290008123476851,-0.059642091142991904,11.898716106642185,21.008797915779766,15.42512125843091,"fund_low_adv20,fund_small_mcap",1,trend_break,True,False,False,False,False,False,False,False,False,9046.T,,2381.0,12.884897,0.74501824,184.79,3195.895,18837637120.0,,1753855200.0,1754287200.0,True,,,False,1753855200.0,2025-07-30,-225.0
6,True,51.21951219512195,True,False,True,False,0.453529448008326,1880.0,1880.0,1695372442.5,1695.3724425,1909.5,0.9845509295627127,-0.1944565324671137,0.10322582999595165,38.34566983238106,2.0396632889564397,-0.015449070437287271,-0.015449070437287271,15.892935805267152,20.17144681435322,13.713010082731373,,0,,False,False,False,False,False,False,False,False,False,9048.T,,1880.0,18.087358,0.76015735,103.94,2473.172,368724901888.0,1778826600.0,1785997800.0,1785997800.0,True,,,True,1785997800.0,2026-08-06,41.0
3,False,7.692307692307679,False,False,True,True,0.2714985442443251,7180.0,7180.0,979300.0,0.9793,7850.0,0.9146496815286624,-0.11336691921289122,-0.006992712084371133,39.499872478014225,0.5501374996937914,-0.02578018995929443,-0.08535031847133756,7.164900388558425,44.81234710210049,43.347990554134256,"fund_low_adv20,fund_small_mcap",1,trend_break,True,False,False,False,False,False,False,False,False,9049.T,,7180.0,7.782101,0.9957285,922.63,7210.801,14267794432.0,,1746775800.0,1746775800.0,True,,,False,1746775800.0,2025-05-09,-283.0
1,False,24.113475177304963,False,False,True,True,0.46286504885706714,1255.0,1255.0,887380.0,0.88738,1601.56884765625,0.7836066503394956,-0.2675931467344794,-0.09637262754730536,20.09238706068944,1.6009870167880031,-0.0710584752035529,-0.12578803529853932,15.832533275994884,27.738868656275343,36.335397086742674,"fund_low_adv20,fund_small_mcap",2,trend_break;macd_sell_like,True,False,True,False,False,False,False,False,False,9051.T,,1255.0,37.163162,1.0218371,33.77,1228.18,6200602112.0,,1747292400.0,1747292400.0,True,,,False,1747292400.0,2025-05-15,-279.0
3,False,50.0,True,False,True,False,0.4756969092535623,1909.0,1909.0,54312105.0,54.312105,2148.540283203125,0.8885102201360594,-0.13150336785024264,-0.05297079055094822,22.00483068536283,1.1526888782274924,-0.03731719616742313,-0.0768858800773694,32.040168678159354,15.898481746565665,24.45802681581036,fund_low_adv20,2,trend_break;di_bear,True,False,False,False,False,False,True,False,False,9052.T,,1909.0,10.1504755,0.68164426,188.07,2800.581,42417332224.0,,1754460000.0,1754978400.0,True,,,False,1754460000.0,2025-08-06,-220.0
4,False,47.19101123595506,False,False,True,False,0.517378377664407,3100.0,3100.0,12450125.0,12.450125,3757.74853515625,0.8249620673116967,-0.17503793268830325,-0.0632313818947815,77.59757456676283,2.5031475666697687,-0.050535987748851485,-0.12080966716079122,24.80137078439447,23.975224470053035,23.63698956055463,"fund_low_adv20,fund_small_mcap",2,trend_break;macd_sell_like,True,False,True,False,False,False,False,False,False,9057.T,,3100.0,10.255053,0.93713886,302.29,3307.941,23167946752.0,,1746763200.0,1746763200.0,True,,,False,1746763200.0,2025-05-09,-283.0
6,True,44.23076923076923,False,False,True,True,0.4180967912511148,876.0,876.0,5165835.0,5.165835,934.1270751953125,0.937773910275367,-0.12866858435705808,0.015681965080056592,10.0569358920915,1.1480520424761986,-0.007927519818799578,-0.007927519818799578,13.783549531373401,18.63503337117389,33.35478442401086,"fund_low_adv20,fund_small_mcap",2,cross_sma25_down;macd_sell_like,False,True,True,False,False,False,False,False,False,9059.T,,876.0,8.059619,0.66816825,108.69,1311.047,18768844800.0,,1747296000.0,1747296000.0,True,,,False,1747296000.0,2025-05-15,-279.0
2,False,45.038167938931295,True,False,True,False,0.4060642347644284,4115.0,4115.0,4582850.0,4.58285,5153.931640625,0.7984195924455427,-0.21225187233805498,-0.10734597403744461,79.79245065654486,1.939063199430009,-0.14091858037578286,-0.14091858037578286,12.275996708978935,25.569568171596273,26.90576176336503,"fund_low_adv20,fund_small_mcap",2,trend_break;trailing_stop,True,False,False,False,True,False,False,False,False,9060.T,,4115.0,7.2813816,0.33681363,565.14,12217.439,5572244992.0,,1747290600.0,1747290600.0,True,,,False,1747290600.0,2025-05-15,-279.0
4,False,52.857142857142854,True,False,True,True,0.38132623253319886,3870.0,3870.0,2520750.0,2.52075,4739.50830078125,0.8165403992144243,-0.18767944780993961,-0.02728702670691574,50.82972655623686,1.3134296267761463,-0.0491400491400491,-0.11340206185567014,27.195007323536128,27.505913769115136,42.397998919651855,"fund_low_adv20,fund_small_mcap",2,trend_break;di_bear,True,False,False,False,False,False,True,False,False,9063.T,,3870.0,2.884336,0.29211184,1341.73,13248.35,7842911232.0,,1746770400.0,1746770400.0,True,,,False,1746770400.0,2025-05-09,-283.0
3,False,54.52261306532663,True,False,True,True,0.601305627958003,1805.0,1805.0,2053903017.5,2053.9030175,2499.77392578125,0.7220652961390844,-0.32836817079356984,-0.12080661676192062,38.79842483420581,2.149497220731624,-0.01122980005477947,-0.03501737503341351,11.865319636209367,19.725855456150413,16.527616117658496,,1,trend_break,True,False,False,False,False,False,False,False,False,9064.T,,1805.0,41.92799,1.0009966,43.05,1803.203,571601321984.0,1777530600.0,1785393000.0,1785393000.0,True,,,True,1785393000.0,2026-07-30,36.0
4,True,28.796844181459562,False,False,True,True,0.4650606248478498,8576.0,8576.0,1741425375.0,1741.425375,9899.486328125,0.8663075755390559,-0.1527843241550767,0.0017952611860949652,223.46947761753322,2.6057541699805644,-0.07386609071274297,-0.07386609071274297,12.463424776855186,19.85579862728416,22.287678035382882,,0,,False,False,False,False,False,False,False,False,False,9065.T,,8576.0,13.962424,1.4180115,614.22,6047.906,429892829184.0,1778740200.0,1785393000.0,1785393000.0,True,,,True,1785393000.0,2026-07-30,36.0
7,True,50.0,False,False,True,True,0.537441739126843,942.0,942.0,18440630.0,18.44063,964.0,0.9771784232365145,-0.3094953378750439,0.13458175207625955,1.027008533408297,0.10902426044674066,-0.0021186440677966045,-0.0021186440677966045,61.63191403168429,27.5927110233476,6.775610125662925,"fund_low_adv20,fund_small_mcap",1,macd_sell_like,False,False,True,False,False,False,False,False,False,9067.T,,942.0,23.043053,1.0002432,40.88,941.771,27208607744.0,,1754377200.0,1754895600.0,True,,,False,1754377200.0,2025-08-05,-221.0
2,False,27.884615384615387,False,False,True,True,0.5045142301207969,7570.0,7570.0,270174200.0,270.1742,9417.5146484375,0.8038214202571983,-0.20679709255993783,-0.017491239190309038,196.96852831188892,2.601962064886247,-0.0654320987654321,-0.13357849424435186,22.07235766881685,14.35085875331272,25.121225013960398,,2,trend_break;di_bear,True,False,False,False,False,False,True,False,False,9068.T,,7570.0,11.6261215,1.0274495,651.12,7367.759,145939939328.0,,1754460000.0,1754978400.0,True,,,True,1754460000.0,2025-08-06,-220.0
2,False,34.08163265306122,False,False,True,False,0.31223895961377274,1954.0,1954.0,927921852.5,927.9218525,2107.45068359375,0.9271865838719999,-0.18647636651862265,0.012570492352300233,46.004325723814915,2.3543667207684194,-0.038385826771653586,-0.038385826771653586,13.102255650437863,26.84398770446874,18.027704194249576,,1,trend_break,True,False,False,False,False,False,False,False,False,9069.T,,1954.0,17.269112,1.466281,113.15,1332.623,327135952896.0,1778653800.0,1785997800.0,1785997800.0,True,,,True,1785997800.0,2026-08-06,41.0
4,True,32.15111796453354,False,False,True,True,0.4483124754033486,5872.0,5872.0,1686739380.0,1686.73938,6335.0,0.9269139700078927,-0.18851364243464985,0.472954833423024,208.29230924123624,3.547212350838492,-0.07308602999210734,-0.07308602999210734,46.57214167274454,26.0953415184362,14.483055005270169,,1,macd_sell_like;ext_dev200,False,False,True,False,False,True,False,False,False,9072.T,,5872.0,42.044964,2.8796396,139.66,2039.144,685017399296.0,1778221800.0,1786084200.0,1786084200.0,True,,,True,1786084200.0,2026-08-07,42.0
1,False,44.827586206896555,False,False,True,True,0.5868115885470782,1207.0,1207.0,1233230.0,1.23323,1530.7713623046875,0.7884913643685977,-0.27973822758995115,-0.08316024780262776,11.109292926603914,0.9204053791718239,-0.06288819875776397,-0.09358691555903653,11.351989787266216,23.00361542966027,31.870331939820495,"fund_low_adv20,fund_small_mcap",2,trend_break;macd_sell_like,True,False,True,False,False,False,False,False,False,9073.T,,1207.0,20.056498,0.7415813,60.18,1627.603,3469764096.0,,1747206600.0,1747206600.0,True,,,False,1747206600.0,2025-05-14,-280.0
4,True,43.33333333333333,False,False,True,True,0.5335102147301385,5380.0,5380.0,16227700.0,16.2277,5700.0,0.9438596491228071,-0.16083916083916083,0.1666339755357742,169.82916561550527,3.156675940808648,-0.056140350877192935,-0.056140350877192935,12.701811877746364,15.992347322152275,27.09586368887818,"fund_low_adv20,fund_small_mcap",1,macd_sell_like,False,False,True,False,False,False,False,False,False,9074.T,,5380.0,11.781194,0.5927442,456.66,9076.429,17571461120.0,,1754283600.0,1754629200.0,True,,,False,1754283600.0,2025-08-04,-222.0
4,True,56.06060606060606,False,False,True,False,0.3351865935911642,6480.0,6480.0,1057572800.0,1057.5728,6870.0,0.9432314410480349,-0.2050196078044323,0.3870042675811478,256.61324030984633,3.96008086897911,-0.05676855895196509,-0.05676855895196509,43.755655684461885,34.78991545860563,17.910414535157678,,1,macd_sell_like;ext_dev200,False,False,True,False,False,True,False,False,False,9075.T,,6480.0,17.544334,0.8275848,369.35,7830.013,234691051520.0,1778740200.0,1786084200.0,1786084200.0,True,,,True,1786084200.0,2026-08-07,42.0
5,True,66.96878147029204,True,False,True,False,0.4326891286721078,2762.5,2762.5,1351405730.0,1351.40573,2762.5,1.0,-0.10852401762167208,0.1796213809436107,52.472133013436626,1.8994437289931811,0.0,0.0,24.054305810044763,35.21870937157536,18.078903071674763,,0,,False,False,False,False,False,False,False,False,False,9076.T,,2762.5,19.015005,0.9623628,145.28,2870.539,448485294080.0,1778740200.0,1785997800.0,1785997800.0,True,,,True,1785997800.0,2026-08-06,41.0
3,False,74.6987951807229,True,False,False,True,0.39462651419193406,3485.0,3485.0,26816275.0,26.816275,3801.059326171875,0.9168496729331018,-0.1541831568206823,-0.020335499842883742,57.149208000548796,1.6398624964289468,0.0,-0.0459807349670166,29.270453240744118,42.89255777727074,13.475354411598934,fund_low_adv20,1,trend_break,True,False,False,False,False,False,False,False,False,9081.T,,3485.0,13.577217,0.675321,256.68,5160.509,42764734464.0,,1753682400.0,1754028000.0,True,,,False,1753682400.0,2025-07-28,-227.0
1,False,34.66666666666667,False,False,True,True,0.40461606394218097,1239.0,1239.0,1535890.0,1.53589,2869.11767578125,0.4318400776861217,-0.6222433620554828,-0.044981005586989586,24.997884812090735,2.01758553769901,-0.06842105263157894,-0.11246418338108888,26.020306343661083,16.02008477392662,30.199445130706664,"fund_low_adv20,fund_small_mcap",2,trend_break;di_bear,True,False,False,False,False,False,True,False,False,9082.T,,1239.0,24.7503,0.57922614,50.06,2139.061,5518865408.0,,1747204800.0,1747204800.0,True,,,False,1747204800.0,2025-05-14,-280.0
2,False,19.444444444444443,False,False,False,True,0.3154495385251489,1882.0,1882.0,6420805.0,6.420805,2090.531982421875,0.9002493220982483,-0.09975067790175174,-0.023498660853651043,22.0852245491017,1.1734975849682094,-0.053319919517102576,-0.07153428712382837,24.733579377629194,10.503185988370339,40.596373454951014,"fund_low_adv20,fund_small_mcap",3,trend_break;macd_sell_like;di_bear,True,False,True,False,False,False,True,False,False,9083.T,,1882.0,7.1933646,0.42401865,261.63,4438.484,22725281792.0,,1746775800.0,1746775800.0,True,,,False,1746775800.0,2025-05-09,-283.0
4,True,22.22222222222223,False,False,True,True,0.5071965865556088,1986.0,1986.0,781495.0,0.781495,2240.0,0.8866071428571428,-0.17647058823529416,0.3141506961330818,38.541741769639,1.9406717910190836,-0.11339285714285718,-0.11339285714285718,34.396195614688025,41.80316637658752,43.32947838731135,"fund_low_adv20,fund_small_mcap",4,cross_sma25_down;macd_sell_like;trailing_stop;ext_dev200;di_bear,False,True,True,False,True,True,True,False,False,9087.T,,1986.0,24.87475,0.5043621,79.84,3937.647,3865431296.0,,1747204200.0,1747204200.0,True,,,False,1747204200.0,2025-05-14,-280.0
0,False,14.285714285714292,False,False,True,True,0.4122499304091489,751.0,751.0,235420290.0,235.42029,1222.82763671875,0.614150332760863,-0.38912077420457436,-0.22951592231941553,20.75375285519212,2.763482404153411,-0.12060889929742391,-0.18191721132897598,45.366341412100574,8.064573291826635,36.03012986529499,,3,trend_break;trailing_stop;di_bear,True,False,False,False,True,False,True,False,False,9090.T,,751.0,14.403529,1.6212075,52.14,463.235,101147115520.0,1778481000.0,1785911400.0,1785911400.0,True,,,True,1785911400.0,2026-08-05,40.0
7,True,53.50515463917525,False,False,True,True,0.4216048221067275,5566.0,5566.0,17390789470.0,17390.78947,6309.0,0.8822317324457125,-0.17102551909969888,0.06302907079473474,158.18388173655677,2.841966973348127,-0.023851280252543017,-0.11776826755428749,20.628441264600045,31.01292146324753,24.83936868163618,,0,,False,False,False,False,False,False,False,False,False,9101.T,,5566.0,11.029863,0.73469174,504.63,7575.967,2246195544064.0,1785911400.0,1785911400.0,1785911400.0,True,,,True,1785911400.0,2026-08-05,40.0
5,True,49.19484702093398,False,False,True,True,0.6145106325246417,5689.0,5689.0,16162986315.0,16162.986315,6907.0,0.8236571594035037,-0.22035616041696826,0.11516977961828156,192.45115131197812,3.3828643225870647,-0.03592611421792913,-0.1763428405964963,23.97326504608667,22.35684382687083,23.009478596464785,,1,di_bear,False,False,False,False,False,False,True,False,False,9104.T,,5689.0,9.191372,0.6800777,618.95,8365.221,1954006564864.0,1786084200.0,1786084200.0,1786084200.0,True,,,True,1786084200.0,2026-08-07,42.0
6,True,55.223880597014926,False,False,False,True,0.4580664406954473,2596.0,2596.0,12734423817.5,12734.4238175,2812.73681640625,0.922944509012696,-0.25178931510462266,0.13159630491655672,87.28146398284738,3.3621519253793295,-0.06484149855907784,-0.07705549098730402,22.2334048352398,30.09535599162855,19.31852679196983,,0,,False,False,False,False,False,False,False,False,False,9107.T,,2596.0,12.337231,0.9102541,210.42,2851.951,1641315696640.0,1778221800.0,1785738600.0,1785738600.0,True,,,True,1785738600.0,2026-08-03,38.0
4,True,29.126213592233,False,False,True,True,0.34958892215775067,7010.0,7010.0,448487750.0,448.48775,8350.0,0.8395209580838323,-0.24092078805460804,0.10813846251869919,273.01584573282787,3.8946625639490424,-0.1182389937106918,-0.1604790419161677,16.80766622536187,14.170658870328289,27.693596050099355,,2,macd_sell_like;trailing_stop,False,False,True,False,True,False,False,False,False,9110.T,,7010.0,6.856416,0.8824469,1022.4,7943.821,165194579968.0,,1753767000.0,1754285400.0,True,,,True,1753767000.0,2025-07-29,-226.0
3,True,11.034482758620683,False,False,True,True,0.5011326702985156,904.0,904.0,37163875.0,37.163875,1566.3856201171875,0.5771248078313999,-0.42287519216860014,0.0620920587199556,67.38562832982883,7.454162425866022,-0.26324368378158114,-0.42287519216860014,29.489059774814894,9.91711511807206,32.680411237654525,fund_low_adv20,3,macd_sell_like;trailing_stop;di_bear,False,False,True,False,True,False,True,False,False,9115.T,,904.0,7.122597,0.57750887,126.92,1565.344,30786934784.0,,1753761600.0,1754280000.0,True,,,False,1753761600.0,2025-07-29,-226.0
4,True,40.211640211640216,False,False,True,True,0.4789465783275772,1433.0,1433.0,501320305.0,501.320305,1909.0,0.750654793085385,-0.2741620015894205,0.002275156175908899,49.17917156363444,3.431903109813988,-0.10605115408608856,-0.24934520691461504,22.302506647854624,17.526741245943413,30.670381686435945,,3,macd_sell_like;trailing_stop;di_bear,False,False,True,False,True,False,True,False,False,9119.T,,1433.0,9.846091,0.95822656,145.54,1495.471,151615406080.0,1785825000.0,1785825000.0,1785825000.0,True,,,True,1785825000.0,2026-08-04,39.0
1,False,26.202531645569607,False,False,True,True,0.5060241506136068,2709.0,2709.0,19329420.0,19.32942,4431.94189453125,0.6112444757777044,-0.38875552422229565,-0.10254430806197945,101.05910434147205,3.730494807732449,-0.14,-0.38875552422229565,21.24393680371455,16.133276698813052,31.956651365989895,"fund_low_adv20,fund_small_mcap",4,trend_break;macd_sell_like;trailing_stop;di_bear,True,False,True,False,True,False,True,False,False,9127.T,,2709.0,6.6915326,0.6235622,404.84,4344.394,4144688640.0,,1747289700.0,1747289700.0,True,,,False,1747289700.0,2025-05-15,-279.0
4,True,44.44444444444444,False,False,True,True,0.5404128158881958,1308.0,1308.0,73160465.0,73.160465,2576.786376953125,0.5076090170682372,-0.49239098293176276,0.015255026268593319,71.24146053690016,5.446594842270654,-0.11561866125760645,-0.49239098293176276,18.1526883118885,19.320201244815284,22.12178362380576,"fund_low_adv20,fund_small_mcap",1,trailing_stop,False,False,False,False,True,False,False,False,False,9130.T,,1308.0,15.29288,0.38339445,85.53,3411.63,10003143680.0,,1753945200.0,1754290800.0,True,,,False,1753945200.0,2025-07-31,-224.0
4,False,45.18664047151277,True,False,True,False,0.48376228353880385,3569.0,3569.0,2248529890.0,2248.52989,4079.66943359375,0.8748257813761383,-0.16684426144648523,-0.07244760788532345,61.7985710122208,1.7315374337971645,-0.030689842476914753,-0.05431902490726015,21.605129172064665,26.462099479539063,22.67586502115793,,1,trend_break,True,False,False,False,False,False,False,False,False,9142.T,,3569.0,12.088061,1.1115627,295.25,3210.795,549033082880.0,1785825000.0,1785825000.0,1785825000.0,True,,,True,1785825000.0,2026-08-04,39.0
4,False,35.872235872235876,True,False,True,True,0.2812760686990183,1450.5,1450.5,2021712227.5,2021.7122275,1695.254638671875,0.8556236726397488,-0.1856680592353166,-0.022665759364606353,34.53986293916885,2.381238396357728,-0.03812997347480107,-0.07167999999999997,14.12585977340303,24.41392796715575,21.989069617938366,,1,trend_break,True,False,False,False,False,False,False,False,False,9143.T,,1450.5,14.776895,1.5847107,98.16,915.309,865561477120.0,1778221800.0,1786084200.0,1786084200.0,True,,,True,1786084200.0,2026-08-07,42.0
0,False,61.06194690265487,False,False,True,False,0.5746599982463833,554.0,554.0,21490195.0,21.490195,1153.604736328125,0.48023381194095865,-0.5492390212828546,-0.3096502097994065,22.016180120756804,3.974039732988593,-0.11360000000000003,-0.23901098901098905,17.975363095937606,17.707741366590366,21.326795209512447,"fund_low_adv20,fund_small_mcap",2,trend_break;trailing_stop,True,False,False,False,True,False,False,False,False,9145.T,,554.0,9.5189,1.6450201,58.2,336.774,13350989824.0,,1747285200.0,1747285200.0,True,,,False,1747285200.0,2025-05-15,-279.0
5,True,,False,False,True,False,0.4736773189852617,4000.0,4000.0,0.0,0.0,4000.0,1.0,0.0,0.0048408206534982234,0.0,0.0,0.0,0.0,,,,"fund_low_adv20,fund_small_mcap",0,,False,False,False,False,False,False,False,False,False,9146.T,,4000.0,20.3666,1.5159496,196.4,2638.61,5180000256.0,,1739516400.0,1739516400.0,True,,,False,1739516400.0,2025-02-14,-343.0
4,True,58.40455840455841,False,False,True,False,0.49154618523366284,5065.0,5065.0,7649931695.0,7649.931695,5283.0,0.958735566912739,-0.1234424926151042,0.3959627078374195,146.10256557934918,2.884552133846973,-0.04126443308726102,-0.04126443308726102,53.87954641368236,32.78440962467551,14.035636781196475,,1,macd_sell_like;ext_dev200,False,False,True,False,False,True,False,False,False,9147.T,,5065.0,470.2878,1.4870677,10.77,3406.032,1228191563776.0,1786084200.0,1786084200.0,1786084200.0,True,,,True,1786084200.0,2026-08-07,42.0
5,True,,False,False,True,False,0.49075023924552136,560.0,560.0,0.0,0.0,560.0,1.0,0.0,0.002416539872907908,0.0,0.0,0.0,0.0,,,,"fund_low_adv20,fund_small_mcap",0,,False,False,False,False,False,False,False,False,False,9149.T,,560.0,8.306141,,67.42,,11200000000.0,,,,True,,,False,,,
5,True,,False,False,True,True,0.49053649120881354,2670.0,2670.0,0.0,0.0,2670.0,1.0,0.0,0.011516896499469631,0.0,0.0,0.0,0.0,,,,"fund_low_adv20,fund_small_mcap",0,,False,False,False,False,False,False,False,False,False,9156.T,,2670.0,9888.889,1.2304147,0.27,2170.0,534000000.0,,,,True,,,False,,,
0,False,56.74418604651162,False,False,True,True,0.2932354191328288,817.0,817.0,123408735.0,123.408735,1311.0,0.6231884057971014,-0.5410299943406904,-0.15938286149366443,35.83641581455978,4.386342204964477,-0.021556886227544925,-0.22190476190476194,20.944827474498346,22.72255295500674,23.231192268263374,"fund_low_adv20,fund_small_mcap",2,trend_break;di_bear,True,False,False,False,False,False,True,False,False,9158.T,,817.0,8.388951,0.720254,97.39,1134.322,23950606336.0,,1745821800.0,1745821800.0,True,,,False,1745821800.0,2025-04-28,-292.0
3,False,38.139534883720934,False,False,True,True,0.4782872773114221,1906.0,1906.0,39833500.0,39.8335,2845.0,0.6699472759226713,-0.5133437990580847,-0.038948793517694424,92.64785966555931,4.860853077941202,-0.10809546092653255,-0.2869435091657314,13.610776018476493,29.931935154666,25.16104698106013,"fund_low_adv20,fund_small_mcap",3,trend_break;macd_sell_like;trailing_stop,True,False,True,False,True,False,False,False,False,9159.T,,1906.0,33.962936,2.568754,56.12,741.994,4967969792.0,,1747290600.0,1747290600.0,True,,,False,1747290600.0,2025-05-15,-279.0
1,False,31.25,True,False,True,True,0.36398800655847635,283.0,283.0,9072555.0,9.072555,364.0,0.7774725274725275,-0.22527472527472525,-0.11106922980273903,3.9662906533927393,1.4015161319408973,-0.06907894736842102,-0.11562499999999998,34.46639068851576,11.390177766915563,26.003314397618286,"fund_low_adv20,fund_small_mcap",2,trend_break;di_bear,True,False,False,False,False,False,True,False,False,9160.T,,283.0,10.651111,0.71037346,26.57,398.382,7095216640.0,,1747290600.0,1747290600.0,True,,,False,1747290600.0,2025-05-15,-279.0
1,False,42.857142857142854,False,False,True,True,0.3868995963014037,232.0,232.0,5223975.0,5.223975,401.0,0.5785536159600998,-0.47438752783964366,-0.2267439922674398,7.4255302077396985,3.2006595723015945,-0.11111111111111116,-0.12452830188679243,19.235757987682167,18.15038447204218,24.90964400863121,"fund_low_adv20,fund_small_mcap",3,trend_break;macd_sell_like;trailing_stop,True,False,True,False,True,False,False,False,False,9162.T,,232.0,29.820051,0.6357697,7.78,364.912,5969777664.0,,1747290600.0,1747290600.0,True,,,False,1747290600.0,2025-05-15,-279.0
3,False,48.36601307189542,True,False,True,False,0.3986495494151642,2167.0,2167.0,107601975.0,107.601975,2388.802001953125,0.9071492732458463,-0.21465181628411056,-0.042717250790231254,38.29460027434663,1.767171217090292,-0.030425055928411604,-0.09285072675415373,31.603785047721612,23.21517477086008,27.20276387713293,"fund_low_adv20,fund_small_mcap",2,trend_break;di_bear,True,False,False,False,False,False,True,False,False,9163.T,,2167.0,9.119987,1.3118165,237.61,1651.908,18959771648.0,,1749812340.0,1749812340.0,True,,,False,1749812340.0,2025-06-13,-258.0
4,True,48.115687992988605,False,False,True,False,0.373432502958996,1707.0,1707.0,107940350.0,107.94035,2193.0,0.7783857729138167,-0.2667844085576121,0.1354490245249007,115.76969803112964,6.782056123674847,-0.22161422708618328,-0.22161422708618328,24.785329603764872,24.635618491004255,25.615602924850002,"fund_low_adv20,fund_small_mcap",4,macd_sell_like;trailing_stop;di_bear;natr_spike,False,False,True,False,True,False,True,False,True,9165.T,,1707.0,15.302554,1.1504014,111.55,1483.83,4011450112.0,,1747290600.0,1747290600.0,True,,,False,1747290600.0,2025-05-15,-279.0
1,False,66.66666666666666,False,False,True,False,0.20306503944333684,592.0,592.0,1896255960.0,1896.25596,978.0,0.6053169734151329,-0.6221628838451269,-0.15417092319671954,36.14087371223616,6.104877316256108,-0.12035661218424965,-0.12035661218424965,31.74032136054611,25.372372671016898,16.047318023067987,,2,trend_break;trailing_stop,True,False,False,False,True,False,False,False,False,9166.T,,592.0,27.84572,1.6778,21.26,352.843,107660713984.0,,1749639540.0,1749639540.0,True,,,True,1749639540.0,2025-06-11,-260.0
1,False,53.125,False,False,True,True,0.3976844130487071,400.0,400.0,98965240.0,98.96524,1220.0311279296875,0.3278604871982026,-0.687712885943712,-0.4206832402161744,13.702870976334129,3.425717744083532,-0.014778325123152691,-0.19678714859437751,34.21013135468299,15.833991690824867,22.000980541274977,"fund_low_adv20,fund_small_mcap",2,trend_break;di_bear,True,False,False,False,False,False,True,False,False,9168.T,,400.0,8.041817,1.3437068,49.74,297.684,9546040320.0,,1744628340.0,1744628340.0,True,,,False,1744628340.0,2025-04-14,-302.0
5,True,,False,False,True,False,0.49075023924552147,1000.0,1000.0,0.0,0.0,1000.0,1.0,0.0,0.00674519279170438,0.0,0.0,0.0,0.0,,,,"fund_low_adv20,fund_small_mcap",0,,False,False,False,False,False,False,False,False,False,9169.T,,1000.0,10.245902,0.66113293,97.6,1512.555,2450820096.0,,,,True,,,False,,,
2,False,58.57988165680473,False,False,True,True,0.5426563080420458,1715.0,1715.0,5997870.0,5.99787,2105.520751953125,0.8145253369785742,-0.2387707086882812,-0.008315414459760029,48.198018749094345,2.8103801019880086,-0.053009387078961856,-0.12365866121614721,24.811853803070772,25.407999285221617,36.158673787999696,"fund_low_adv20,fund_small_mcap",2,trend_break;di_bear,True,False,False,False,False,False,True,False,False,9171.T,,1715.0,5.697864,0.59884816,300.99,2863.831,20408748032.0,,1746766800.0,1746766800.0,True,,,False,1746766800.0,2025-05-09,-283.0
4,False,50.0,False,True,False,True,0.551537325700892,3000.0,3000.0,3087680.0,3.08768,3335.0,0.8995502248875562,-0.11124437781109442,-0.04039210290884132,10.366630160173724,0.3455543386724575,-0.0033222591362126463,-0.025974025974025983,14.217848878225407,21.308493191284814,15.158316843760788,"fund_low_adv20,fund_small_mcap",1,trend_break,True,False,False,False,False,False,False,False,False,9173.T,,3000.0,17.889088,1.2774264,167.7,2348.472,6583854080.0,,1754980200.0,1755498600.0,True,,,False,1754980200.0,2025-08-12,-216.0
1,False,22.680412371134025,False,False,True,True,0.6324736806348462,875.0,875.0,17836220.0,17.83622,1293.9368896484375,0.676230816974186,-0.32376918302581403,-0.14590337220339444,28.268840240578772,3.2307245989232882,-0.17296786389413987,-0.2777597979017149,42.58060937805478,12.015845422252035,29.888687496832343,"fund_low_adv20,fund_small_mcap",3,trend_break;trailing_stop;di_bear,True,False,False,False,True,False,True,False,False,9193.T,,875.0,1.7256681,0.30852988,507.05,2836.03,8709027840.0,,1747287000.0,1747287000.0,True,,,False,1747287000.0,2025-05-15,-279.0
3,False,55.834829443447035,False,False,True,True,0.39980282381140303,2637.0,2637.0,10123483342.5,10123.4833425,3167.8994140625,0.8324127932516402,-0.22882652487153698,-0.06596293627054395,60.17743877878855,2.2820416677583824,-0.03741558678590984,-0.03741558678590984,12.32404125797902,22.5311665080361,22.728639289065537,,2,trend_break;macd_sell_like,True,False,True,False,False,False,False,False,False,9201.T,,2637.0,8.594336,0.8788936,306.83,3000.363,1133455736832.0,1777530600.0,1785393000.0,1785393000.0,True,,,True,1785393000.0,2026-07-30,36.0
4,False,53.61216730038022,False,False,True,True,0.34750256182980355,2823.0,2823.0,7433995505.0,7433.995505,3328.84814453125,0.8480410873165617,-0.21849844539354046,-0.02722297459930234,62.20369398804113,2.2034606442805926,-0.055378952651832014,-0.055378952651832014,13.346490271604413,22.94815082354105,24.127482918484443,,1,trend_break,True,False,False,False,False,False,False,False,False,9202.T,,2823.0,8.787823,0.858584,321.24,3287.972,1263665283072.0,1777530600.0,1785306600.0,1785306600.0,True,,,True,1785306600.0,2026-07-29,35.0
2,False,75.1937984496124,False,False,True,False,0.45330441867685217,403.0,403.0,135956885.0,135.956885,513.6607055664062,0.7845645883222033,-0.4369553169386713,0.0031490579356592274,15.183528597382887,3.767624962129749,-0.04275534441805229,-0.04275534441805229,38.71213687453734,37.8446233724053,16.442948305042343,"fund_low_adv20,fund_small_mcap",1,trend_break,True,False,False,False,False,False,False,False,False,9204.T,,403.0,14.80529,0.714363,27.22,564.139,24243339264.0,,1754524800.0,1754956800.0,True,,,False,1754524800.0,2025-08-07,-219.0
3,False,58.90410958904109,True,False,True,False,0.5234371511386677,1949.0,1949.0,4287790.0,4.28779,2466.0,0.7903487429034874,-0.28264150943396227,-0.07999641250525136,28.64225978189557,1.4695874695687825,-0.010659898477157315,-0.039428289797930005,20.78568180366248,18.014282655176835,14.797857898266095,"fund_low_adv20,fund_small_mcap",1,trend_break,True,False,False,False,False,False,False,False,False,9206.T,,1949.0,57.765263,1.0210218,33.74,1908.872,7374300672.0,,1745994600.0,1745994600.0,True,,,False,1745994600.0,2025-04-30,-290.0
1,False,45.14851485148515,False,False,True,True,0.38880687886648885,1394.0,1394.0,231259930.0,231.25993,2838.0,0.49119097956307256,-0.5190274841437632,-0.19675475090177819,70.94489919335798,5.089304102823385,-0.11323155216284986,-0.12875000000000003,9.248506091956894,20.184129710275624,26.016448995243746,fund_small_mcap,3,trend_break;macd_sell_like;trailing_stop,True,False,True,False,True,False,False,False,False,9211.T,,1394.0,12.398826,2.1292975,112.43,654.676,17060843520.0,,1747306740.0,1747306740.0,True,,,False,1747306740.0,2025-05-15,-279.0
0,False,27.77777777777777,False,True,False,True,0.3063151161097965,275.0,275.0,38247305.0,38.247305,492.0,0.5589430894308943,-0.4410569105691057,-0.2948265914481698,14.91263810145374,5.422777491437724,-0.23184357541899436,-0.40217391304347827,21.46096762145149,14.957817515949845,35.03381516720964,"fund_low_adv20,fund_small_mcap",5,trend_break;macd_sell_like;trailing_stop;di_bear;vol_distribution,True,False,True,False,True,False,True,True,False,9212.T,,275.0,44.283413,1.6323285,6.21,168.471,3123797504.0,,1747306740.0,1747306740.0,True,,,False,1747306740.0,2025-05-15,-279.0
5,True,43.87755102040816,False,False,True,True,0.41780555835477723,1034.0,1034.0,3833345.0,3.833345,1883.4908447265625,0.5489806350240646,-0.641622892996863,0.1395541244299654,36.60123966332006,3.5397717275938163,-0.04524469067405357,-0.04524469067405357,26.7114110948942,23.787510310626946,22.399378835128232,"fund_neg_eps,fund_low_adv20,fund_small_mcap",1,macd_sell_like,False,False,True,False,False,False,False,False,False,9213.T,,1034.0,-7.564008778346746,1.602892,-136.7,645.084,1365663744.0,,1747290600.0,1747290600.0,True,,,False,1747290600.0,2025-05-15,-279.0
0,False,6.0,False,False,True,True,0.48647132671973975,1231.0,1231.0,1548725.0,1.548725,1700.0,0.7241176470588235,-0.40581655480984336,-0.14773710701403364,17.763779959022397,1.4430365523170103,-0.08949704142011838,-0.17933333333333334,31.842138878696762,15.339620479906497,42.266837015770484,"fund_low_adv20,fund_small_mcap",4,trend_break;macd_sell_like;trailing_stop;di_bear,True,False,True,False,True,False,True,False,False,9214.T,,1231.0,13.280828,2.194695,92.69,560.898,1605837056.0,,1747220340.0,1747220340.0,True,,,False,1747220340.0,2025-05-14,-280.0
4,False,51.127819548872175,False,False,True,False,0.527232316459249,899.0,899.0,1489895.0,1.489895,1288.0,0.6979813664596274,-0.32453416149068326,-0.07074820790845993,13.69099318209044,1.522913590888814,-0.04259850905218321,-0.04259850905218321,30.917989414360868,33.26603925314598,24.416459218956195,"fund_low_adv20,fund_small_mcap",1,trend_break,True,False,False,False,False,False,False,False,False,9215.T,,899.0,36.39676,6.145034,24.7,146.297,1683736192.0,,1744628340.0,1744628340.0,True,,,False,1744628340.0,2025-04-14,-302.0
1,False,15.231332173670154,False,False,True,False,0.24801802400641113,1485.0,1485.0,199872020.0,199.87202,1917.6627197265625,0.7743801789147492,-0.3027369398551222,-0.06626315909199754,52.621077947013994,3.543506932458855,-0.2256198210852508,-0.2256198210852508,41.04178515500648,15.625878429832829,46.53933173019924,"fund_low_adv20,fund_small_mcap",3,trend_break;trailing_stop;di_bear,True,False,False,False,True,False,True,False,False,9216.T,,1485.0,153.56773,2.4922462,9.67,595.848,21061974016.0,,1744369140.0,1744369140.0,True,,,False,1744369140.0,2025-04-11,-303.0
2,False,38.983050847457626,False,False,True,False,0.4721901792023557,678.0,678.0,18281010.0,18.28101,870.931396484375,0.7784769302574611,-0.3988764337240075,-0.1357900268958625,15.850761782974825,2.3378704694653134,-0.0423728813559322,-0.1160365058670143,30.579192777776083,16.292384959458854,26.237943338753027,"fund_low_adv20,fund_small_mcap",2,trend_break;di_bear,True,False,False,False,False,False,True,False,False,9218.T,,678.0,28.13278,4.649472,24.1,145.823,7123906048.0,,1747306740.0,1747306740.0,True,,,False,1747306740.0,2025-05-15,-279.0
4,False,40.816326530612244,False,False,True,True,0.38493129250998903,903.0,903.0,4889705.0,4.889705,1002.56787109375,0.9006871514991533,-0.25116784345777277,-0.04703061984230916,11.326117132631778,1.2542765373900084,-0.013114754098360604,-0.06811145510835914,10.865490402297828,19.742370229381574,20.06903658631804,"fund_neg_eps,fund_low_adv20,fund_small_mcap",1,trend_break,True,False,False,False,False,False,False,False,False,9219.T,,903.0,-53.11764705882353,2.911025,-17.0,310.2,5053727744.0,,1746010740.0,1746010740.0,True,,,False,1746010740.0,2025-04-30,-290.0
3,False,23.484848484848484,False,False,True,True,0.424485353607131,1183.0,1183.0,2933930.0,2.93393,1286.0,0.9199066874027994,-0.11205567246959147,-0.006408258963959912,17.213256769684342,1.4550512907594542,-0.06850393700787405,-0.08009331259720065,26.17893123670749,13.275227069059717,38.0871492152781,"fund_low_adv20,fund_small_mcap",3,trend_break;macd_sell_like;di_bear,True,False,True,False,False,False,True,False,False,9220.T,,1183.0,6.6085696,0.7365224,179.01,1606.197,2882616064.0,,1747306740.0,1747306740.0,True,,,False,1747306740.0,2025-05-15,-279.0
2,False,73.71794871794872,True,False,True,True,0.4712449908587452,1160.0,1160.0,32943060.0,32.94306,1471.2657470703125,0.7884367608706132,-0.26186006697802944,-0.03339048093530117,25.249376640538895,2.1766704000464565,-0.008547008547008517,-0.08517350157728709,22.09574155314837,21.690670572760933,23.738021758503436,"fund_low_adv20,fund_small_mcap",3,trend_break;rsi_reversal;di_bear,True,False,False,True,False,False,True,False,False,9221.T,,1160.0,15.090412,2.1648214,76.87,535.841,13447870464.0,,1747117200.0,1747117200.0,True,,,False,1747117200.0,2025-05-13,-281.0
2,False,,False,False,True,False,0.23890895707901647,50.0,50.0,0.0,0.0,1300.0,0.038461538461538464,-0.9615384615384616,0.0,1.9595735736283934e-06,3.919147147256787e-06,0.0,0.0,100.0,0.0,100.0,"fund_neg_eps,fund_low_adv20,fund_small_mcap",1,di_bear,False,False,False,False,False,False,True,False,False,9222.T,,50.0,-4.681647940074907,0.96974397,-10.68,51.56,78550000.0,,,,True,,,False,,,
1,False,33.82352941176471,True,False,True,False,0.5422718699521122,395.0,395.0,5853975.0,5.853975,646.6932373046875,0.6107996453562681,-0.4031173085885583,-0.2645207115537551,11.041580113831962,2.7953367376789777,-0.059523809523809534,-0.23593872378928904,48.79793744390127,10.54428007731539,26.554934867372324,"fund_neg_eps,fund_low_adv20,fund_small_mcap",2,trend_break;di_bear,True,False,False,False,False,False,True,False,False,9223.T,,395.0,-33.64565587734242,1.6519663,-11.74,239.109,4912951296.0,,1747206000.0,1747206000.0,True,,,False,1747206000.0,2025-05-14,-280.0
0,False,30.2158273381295,False,False,True,False,0.3933488066985848,949.0,949.0,1331720.0,1.33172,1471.0,0.6451393609789259,-0.3548606390210741,-0.19963228627694063,17.496353357649763,1.8436621030189424,-0.1301558203483043,-0.18610634648370494,30.496836683753198,15.416299750053533,40.45029456376904,"fund_low_adv20,fund_small_mcap",4,trend_break;macd_sell_like;trailing_stop;di_bear,True,False,True,False,True,False,True,False,False,9225.T,,949.0,20.747704,1.4816735,45.74,640.492,1969649536.0,,1746772200.0,1746772200.0,True,,,False,1746772200.0,2025-05-09,-283.0
5,True,,False,False,True,False,0.49075023924552025,1200.0,1200.0,0.0,0.0,1200.0,1.0,0.0,0.00999899000101001,0.0,0.0,0.0,0.0,,,,"fund_low_adv20,fund_small_mcap",0,,False,False,False,False,False,False,False,False,False,9226.T,,1200.0,13.831259,3.2991958,86.76,363.725,1224000000.0,,,,True,,,False,,,
3,False,54.13793103448277,False,False,True,False,0.30913700710538816,865.0,865.0,1135467810.0,1135.46781,1398.0,0.6187410586552218,-0.5879864636209814,-0.006803111634182013,81.94451814157945,9.47335469844849,-0.28453267162944584,-0.28453267162944584,20.69356656697636,31.227425527028245,27.912811022588695,"fund_neg_eps,fund_small_mcap",3,trend_break;macd_sell_like;trailing_stop,True,False,True,False,True,False,False,False,False,9227.T,,865.0,-16.812439261418852,12.885255,-51.45,67.131,13757383680.0,,1746788340.0,1746788340.0,True,,,False,1746788340.0,2025-05-09,-283.0
0,False,25.0,False,False,False,True,0.5416214122099908,148.0,148.0,20813095.0,20.813095,939.0,0.15761448349307774,-0.8423855165069223,-0.6374947951110784,10.084897122592391,6.814119677427291,-0.22513089005235598,-0.45185185185185184,28.780490739908966,12.838095612368383,30.16572739773048,"fund_neg_eps,fund_low_adv20,fund_small_mcap",3,trend_break;trailing_stop;di_bear,True,False,False,False,True,False,True,False,False,9229.T,,148.0,-2.8979831603681223,0.68856746,-51.07,214.939,4800011264.0,,1747047540.0,1747047540.0,True,,,False,1747047540.0,2025-05-12,-282.0
3,False,46.308724832214764,True,False,True,False,0.5129872659407271,1089.0,1089.0,28687895.0,28.687895,1303.69775390625,0.8353163121874266,-0.18232581378163748,-0.08361499606215395,23.45894093398225,2.1541727212104913,-0.06763698630136983,-0.1433481897563469,31.026413888860606,21.908105938582718,28.395688120216008,"fund_low_adv20,fund_small_mcap",2,trend_break;di_bear,True,False,False,False,False,False,True,False,False,9233.T,,1089.0,13.636364,0.8426204,79.86,1292.397,19818203136.0,,1754546400.0,1754978400.0,True,,,False,1754546400.0,2025-08-07,-219.0
0,False,31.0880829015544,False,False,True,True,0.2584401494000429,521.0,521.0,120259615.0,120.259615,1895.0,0.274934036939314,-0.7319261213720316,-0.3757152015145796,37.05973031667748,7.11319199936228,-0.17693522906793047,-0.3462986198243413,17.204785520962503,23.878209253699776,21.632958495255973,"fund_neg_eps,fund_low_adv20,fund_small_mcap",2,trend_break;trailing_stop,True,False,False,False,True,False,False,False,False,9235.T,,521.0,-31.067382230172928,5.9009414,-16.77,88.291,4219470080.0,,1749812340.0,1749812340.0,True,,,False,1749812340.0,2025-06-13,-258.0
0,False,17.563739376770542,False,False,True,True,0.36002612098232256,963.0,963.0,5278000.0,5.278,1589.0,0.6060415355569541,-0.39899307740717427,-0.10791206958841681,50.521060980893004,5.246216093550675,-0.2170731707317073,-0.2955376737381127,31.280443876538136,19.96245035104302,37.431617553202805,"fund_neg_eps,fund_low_adv20,fund_small_mcap",3,trend_break;trailing_stop;di_bear,True,False,False,False,True,False,True,False,False,9236.T,,963.0,-17.002118644067796,2.4423587,-56.64,394.291,1423896576.0,,1749725940.0,1749725940.0,True,,,False,1749725940.0,2025-06-12,-259.0
1,False,32.14285714285715,True,False,True,True,0.4305682697086378,557.0,557.0,16768725.0,16.768725,1530.0,0.36405228758169933,-0.6555555555555556,-0.4056844098856983,24.950452724374,4.479434959492639,-0.20314735336194567,-0.39059080962800874,38.24386232903894,16.43800911946886,34.744709910704316,"fund_low_adv20,fund_small_mcap",3,trend_break;trailing_stop;di_bear,True,False,False,False,True,False,True,False,False,9237.T,,557.0,25.538744,2.7807593,21.81,200.305,2166457088.0,,1749812340.0,1749812340.0,True,,,False,1749812340.0,2025-06-13,-258.0
0,False,4.430379746835442,False,False,True,True,0.4792380371320664,448.0,448.0,2807070.0,2.80707,1984.5885009765625,0.2257394919801013,-0.7742605080198988,-0.5920216660674209,18.25247489079741,4.0742131452672785,-0.24579124579124578,-0.28888888888888886,34.201857537466594,11.46751637976246,55.27116199637441,"fund_neg_eps,fund_low_adv20,fund_small_mcap",4,trend_break;macd_sell_like;trailing_stop;di_bear,True,False,True,False,True,False,True,False,False,9238.T,,448.0,-3.945745992601726,1.6466956,-113.54,272.06,1030671488.0,,1744612200.0,1744612200.0,True,,,False,1744612200.0,2025-04-14,-302.0
5,True,,False,False,True,True,0.490536491208813,500.0,500.0,0.0,0.0,500.0,1.0,0.0,0.004580888853170428,0.0,0.0,0.0,0.0,,,,"fund_low_adv20,fund_small_mcap",0,,False,False,False,False,False,False,False,False,False,9239.T,,500.0,13.315579,1.2552311,37.55,398.333,1500000000.0,,,,True,,,False,,,
2,False,50.442477876106196,True,True,False,True,0.20533610435192926,457.0,457.0,4147665.0,4.147665,1082.0,0.422365988909427,-0.6111111111111112,-0.14779349376695783,18.22005068858047,3.986881988748462,-0.023504273504273532,-0.15837937384898715,15.742079899375982,24.15378922218349,19.103862335756098,"fund_low_adv20,fund_small_mcap",1,trend_break,True,False,False,False,False,False,False,False,False,9240.T,,457.0,15.13245,1.8120396,30.2,252.202,2211147776.0,,1749812340.0,1749812340.0,True,,,False,1749812340.0,2025-06-13,-258.0
1,False,37.898089171974526,False,False,True,False,0.5718343519187831,1225.0,1225.0,1561850.0,1.56185,5110.0,0.23972602739726026,-0.7614481409001956,-0.37643801030277113,29.371090976980067,2.397640079753475,-0.10453216374269003,-0.14871438498957612,11.590631442003014,27.952500569757778,32.75131461895906,"fund_low_adv20,fund_small_mcap",2,trend_break;trailing_stop,True,False,False,False,True,False,False,False,False,9241.T,,1225.0,22.43179,3.7228045,54.61,329.053,1060973696.0,,1752058740.0,1752148800.0,True,,,False,1752058740.0,2025-07-09,-240.0
6,True,48.25581395348837,True,False,True,False,0.32130654165257855,1869.0,1869.0,5995305.0,5.995305,2430.0,0.7691358024691358,-0.3139917695473251,0.005133224520087909,23.954215271558,1.28165945808229,-0.03659793814432988,-0.06456456456456461,18.533506905997882,24.162196817455968,22.62690926614716,"fund_low_adv20,fund_small_mcap",0,,False,False,False,False,False,False,False,False,False,9242.T,,1869.0,10.970885,1.2653309,170.36,1477.084,2302901504.0,,1749207540.0,1749207540.0,True,,,False,1749207540.0,2025-06-06,-263.0
6,True,,False,False,True,True,0.5159825818262145,500.0,500.0,5000.0,0.005,500.0,1.0,-0.34000002543131513,0.09510793735142009,0.00984608868440512,0.001969217736881024,0.0,0.0,87.96429553464839,93.9978123237353,6.002187676264558,"fund_neg_eps,fund_low_adv20,fund_small_mcap",0,,False,False,False,False,False,False,False,False,False,9243.T,,500.0,-5.747126436781609,6.118154,-87.0,81.724,401300000.0,,1747722600.0,1747722600.0,True,,,False,1747722600.0,2025-05-20,-276.0
2,False,36.12334801762114,False,False,True,False,0.5533418225108151,1015.0,1015.0,9852805.0,9.852805,1334.0,0.7608695652173914,-0.3523238380809596,-0.008634161587748101,35.75451046826345,3.522611868794429,-0.10729991204925238,-0.10729991204925238,14.537566239474529,28.282428006697728,23.913935664184134,"fund_low_adv20,fund_small_mcap",3,trend_break;macd_sell_like;trailing_stop,True,False,True,False,True,False,False,False,False,9244.T,,1015.0,8.245329,1.8339175,123.1,553.46,1452464000.0,,1754548200.0,1754634600.0,True,,,False,1754548200.0,2025-08-07,-219.0
3,False,59.880239520958085,True,False,True,False,0.5853141884716232,2050.0,2050.0,9330460.0,9.33046,2736.86474609375,0.7490322650857728,-0.342313133095419,-0.07630553505094417,45.51188365669202,2.2200918856922938,0.0,-0.08848377056469547,20.574026330826086,35.00610176010774,21.143278152069342,"fund_low_adv20,fund_small_mcap",1,trend_break,True,False,False,False,False,False,False,False,False,9245.T,,2050.0,22.582067,3.7871368,90.78,541.306,10878839808.0,,1747278000.0,1747278000.0,True,,,False,1747278000.0,2025-05-15,-279.0
0,False,21.551724137931032,False,False,True,False,0.35160929937593743,984.0,984.0,2882465.0,2.882465,1370.0,0.7182481751824817,-0.2918454935622318,-0.15508558622377355,20.86064991134146,2.1199847470875466,-0.06285714285714283,-0.11351351351351346,13.42481642991666,24.845209983053362,25.350376921572447,"fund_low_adv20,fund_small_mcap",1,trend_break,True,False,False,False,False,False,False,False,False,9246.T,,984.0,41.694916,2.2615697,23.6,435.096,5238937088.0,,1747292400.0,1747292400.0,True,,,False,1747292400.0,2025-05-15,-279.0
5,True,65.40469973890339,False,False,False,False,0.2854495906294742,1739.0,1739.0,1094698775.0,1094.698775,1857.0,0.9364566505115778,-0.28718388856806987,0.0936763834504688,75.31173078587685,4.330749326387398,-0.06354334948842222,-0.06354334948842222,25.62279192141501,31.854045710140493,20.86829328614421,,0,,False,False,False,False,False,False,False,False,False,9247.T,,1739.0,5.6964097,0.99446553,305.28,1748.678,81775337472.0,,1747290600.0,1747290600.0,True,,,True,1747290600.0,2025-05-15,-279.0
3,False,55.04201680672269,True,True,False,True,0.3801353390119919,1534.0,1534.0,32170770.0,32.17077,1824.9649658203125,0.8405640813551042,-0.20272442087895925,-0.05256369435393049,31.665348125039845,2.0642339064563133,-0.04065040650406504,-0.04897706137631741,10.882902503277348,26.55376109813938,21.107934661245515,"fund_low_adv20,fund_small_mcap",1,trend_break,True,False,False,False,False,False,False,False,False,9248.T,,1534.0,5.585697,0.5909123,274.63,2595.986,13639103488.0,,1747206000.0,1747206000.0,True,,,False,1747206000.0,2025-05-14,-280.0
5,False,47.56097560975609,False,False,True,True,0.4357447148198753,1577.0,1577.0,4817140.0,4.81714,1648.7750244140625,0.9564676663879175,-0.10249486090858917,0.009906483652292186,19.847085037641357,1.2585342446189827,-0.006301197227473243,-0.037185359338433366,18.219854760138407,14.722739397490999,19.737351154132384,"fund_low_adv20,fund_small_mcap",2,trend_break;macd_sell_like,True,False,True,False,False,False,False,False,False,9249.T,,1577.0,29.794067,2.2193732,52.93,710.561,13740143616.0,,1747276800.0,1747276800.0,True,,,False,1747276800.0,2025-05-15,-279.0
1,False,46.38157894736842,False,False,True,False,0.3327249927680559,905.0,905.0,1324695.0,1.324695,1605.0,0.5638629283489096,-0.4590261282660333,-0.18393478692131504,31.719288758936298,3.504893785517823,-0.07558733401430029,-0.1955555555555556,30.074241531601338,14.592598414738633,30.70784676103172,"fund_neg_eps,fund_low_adv20,fund_small_mcap",3,trend_break;cross_sma25_down;di_bear,True,True,False,False,False,False,True,False,False,9250.T,,905.0,-2.3146964039081284,-38.445198,-390.98,-23.54,1344220928.0,,1744617600.0,1744617600.0,True,,,False,1744617600.0,2025-04-14,-302.0
6,True,80.76923076923077,True,False,True,True,0.48256878486226235,1215.0,1215.0,23090425.0,23.090425,1306.960693359375,0.9296377512907432,-0.18972314517127808,0.03938659501444475,11.046959006359641,0.9092147330337154,0.0,-0.06538461538461537,17.976431553041525,22.815172724765432,9.132851309144476,"fund_low_adv20,fund_small_mcap",0,,False,False,False,False,False,False,False,False,False,9251.T,,1215.0,19.412046,2.0532563,62.59,591.743,17308950528.0,,1741933800.0,1741933800.0,True,,,False,1741933800.0,2025-03-14,-323.0
0,False,34.48275862068965,False,False,True,True,0.45793987551276544,3470.0,3470.0,49556175.0,49.556175,4670.0,0.7430406852248393,-0.26398428822977527,-0.11515554458960053,107.03139998141904,3.0844783856316726,-0.10219922380336355,-0.23903508771929827,29.188515810556027,13.92287795682359,21.605398647806688,"fund_low_adv20,fund_small_mcap",3,trend_break;trailing_stop;di_bear,True,False,False,False,True,False,True,False,False,9252.T,,3470.0,9.483984,1.8442633,365.88,1881.51,9464775680.0,,1752561000.0,1752561000.0,True,,,False,1752561000.0,2025-07-15,-236.0
1,False,23.33333333333333,False,False,True,True,0.38250437972834267,740.0,740.0,803540.0,0.80354,929.0,0.7965554359526372,-0.24865446716899897,-0.0677752582514487,7.202628174609507,0.9733281317039875,-0.021164021164021163,-0.0997566909975669,12.825572202429832,28.545072232449524,32.2628779518907,"fund_low_adv20,fund_small_mcap",1,trend_break,True,False,False,False,False,False,False,False,False,9253.T,,740.0,10.17322,1.1378418,72.74,650.354,1848594688.0,,1744353000.0,1744353000.0,True,,,False,1744353000.0,2025-04-11,-303.0
1,False,39.16083916083917,False,False,False,True,0.2530619908280977,1112.0,1112.0,1418065.0,1.418065,1603.0,0.6936993137866501,-0.30630068621334994,-0.11193103090272372,17.8554657938699,1.6057073555638397,-0.04137931034482756,-0.06633081444164568,13.249186772007997,26.32497002457518,27.432536613030628,"fund_low_adv20,fund_small_mcap",2,trend_break;macd_sell_like,True,False,True,False,False,False,False,False,False,9254.T,,1112.0,10.5243225,1.8622473,105.66,597.128,1781618560.0,,1749812340.0,1749812340.0,True,,,False,1749812340.0,2025-06-13,-258.0
4,True,81.56137647663071,False,False,True,False,0.5361803126741457,3340.0,3340.0,196412880.0,196.41288,3345.0,0.9985052316890882,-0.15053432786143384,2.4010168716991993,269.16972774043205,8.058973884444073,-0.001494768310911776,-0.001494768310911776,75.23211371165374,34.16193175655658,1.9942655868504098,"fund_low_adv20,fund_small_mcap",1,ext_dev200;natr_spike,False,False,False,False,False,True,False,False,True,9256.T,,3340.0,48.9449,4.585978,68.24,728.307,11957032960.0,,1747133940.0,1747133940.0,True,,,False,1747133940.0,2025-05-13,-281.0
5,False,43.7037037037037,False,False,True,True,0.4417390569518373,760.0,760.0,1925345.0,1.925345,844.9276123046875,0.899485339255238,-0.21065087543470506,-0.006710789852410581,15.250022048611495,2.0065818485015123,-0.0535491905354919,-0.05590062111801242,29.613382413257902,34.91901105761724,31.109490353056245,"fund_low_adv20,fund_small_mcap",2,trend_break;macd_sell_like,True,False,True,False,False,False,False,False,False,9257.T,,760.0,26.60133,,28.57,,16985310208.0,,1754996340.0,1755518400.0,True,,,False,1754996340.0,2025-08-12,-216.0
1,False,42.2680412371134,False,False,True,False,0.5034435930179223,293.0,293.0,638315.0,0.638315,467.0,0.6274089935760171,-0.3918629550321199,-0.19075304158093165,9.567972012065983,3.265519458042997,-0.12797619047619047,-0.1628571428571428,26.99876892929973,22.670271020324925,48.221874411851,"fund_neg_eps,fund_low_adv20,fund_small_mcap",4,trend_break;trailing_stop;di_bear;natr_spike,True,False,False,False,True,False,True,False,True,9258.T,,293.0,-7.051744885679904,0.95687836,-41.55,306.204,1952041856.0,,1747306740.0,1747306740.0,True,,,False,1747306740.0,2025-05-15,-279.0
2,False,35.81395348837208,False,False,True,True,0.5425678521528329,782.0,782.0,15819050.0,15.81905,1159.0,0.6747195858498706,-0.3382226056945643,-0.056861336906199655,38.71525500732877,4.950799873059945,-0.09490740740740744,-0.3252804141501294,48.144906565030475,6.596294457191582,27.898841700942395,"fund_low_adv20,fund_small_mcap",4,trend_break;macd_sell_like;trailing_stop;di_bear,True,False,True,False,True,False,True,False,False,9259.T,,782.0,9.053021,1.3088765,86.38,597.459,4387355648.0,,1747047540.0,1747047540.0,True,,,False,1747047540.0,2025-05-12,-282.0
4,False,53.793103448275865,True,False,True,True,0.4628524121936243,745.0,745.0,16771975.0,16.771975,917.0,0.8124318429661941,-0.261058433082481,-0.09051511026741299,18.340656238108913,2.461833052095156,-0.019736842105263164,-0.18756815703380592,33.2278081234795,17.898517114499192,19.88904042109354,"fund_low_adv20,fund_small_mcap",2,trend_break;di_bear,True,False,False,False,False,False,True,False,False,9262.T,,745.0,10.201287,1.1271808,73.03,660.941,8141342720.0,,1749537000.0,1749537000.0,True,,,False,1749537000.0,2025-06-10,-261.0
3,False,43.69747899159664,True,False,True,True,0.3865253987735816,1595.0,1595.0,17372215.0,17.372215,1833.6517333984375,0.8698489309329601,-0.2022799303743087,-0.06577179215284079,35.0742137630801,2.1990102672777496,-0.051724137931034475,-0.08648339060710197,17.35815826904177,20.694553911013855,15.967923365442434,"fund_low_adv20,fund_small_mcap",1,trend_break,True,False,False,False,False,False,False,False,False,9264.T,,1595.0,24.508297,1.7112045,65.08,932.092,7214440448.0,,1752129000.0,1752474600.0,True,,,False,1752129000.0,2025-07-10,-239.0
1,False,24.644620498018952,False,False,True,True,0.4328297312206816,2949.0,2949.0,2810115.0,2.810115,3803.577880859375,0.775322628423138,-0.24018908235236724,-0.09939091968463132,79.36043304426923,2.6910964070623677,-0.12438129470118597,-0.22467737157686196,29.835154927328276,17.55929526868941,42.987753805776954,"fund_low_adv20,fund_small_mcap",3,trend_break;trailing_stop;di_bear,True,False,False,False,True,False,True,False,False,9265.T,,2949.0,17.74582,0.827212,166.18,3564.987,7507130880.0,,1752130800.0,1752476400.0,True,,,False,1752130800.0,2025-07-10,-239.0
2,False,35.71428571428572,True,False,True,False,0.509168573518472,3435.0,3435.0,303085600.0,303.0856,5392.958984375,0.636941614047541,-0.39087243023401097,-0.22915541264136807,116.09688212246999,3.379821895850655,-0.09006622516556295,-0.18601895734597151,23.512114671016686,22.619246759327215,28.068433983084468,,3,trend_break;trailing_stop;di_bear,True,False,False,False,True,False,True,False,False,9267.T,,3435.0,13.403309,1.7730469,256.28,1937.343,104695767040.0,,1753682400.0,1754028000.0,True,,,True,1753682400.0,2025-07-28,-227.0
5,True,51.492537313432834,True,False,True,False,0.4461903108950678,382.0,382.0,152135710.0,152.13571,485.1702880859375,0.787352419100192,-0.5461574019997592,0.02153710320944735,16.557524209558117,4.334430421350293,-0.18723404255319154,-0.19238900634249467,26.767450364459396,17.094728269697132,28.059069188623308,"fund_low_adv20,fund_small_mcap",2,trailing_stop;di_bear,False,False,False,False,True,False,True,False,False,9268.T,,382.0,10.570005,0.62221473,36.14,613.936,26145382400.0,,1747290600.0,1747290600.0,True,,,False,1747290600.0,2025-05-15,-279.0
3,True,61.891891891891895,False,False,True,True,0.4689453278313271,2431.0,2431.0,170041295.0,170.041295,2687.0,0.9047264607368812,-0.29272421578467434,0.5951215757703594,111.36624618966158,4.581087872877894,-0.06319845857418116,-0.09527353926311877,17.75439756960417,25.733241801915714,21.364851435303382,fund_low_adv20,0,ext_dev200,False,False,False,False,False,True,False,False,False,9270.T,,2431.0,12.145284,3.3005989,200.16,736.533,32025702400.0,,1752129000.0,1752474600.0,True,,,False,1752129000.0,2025-07-10,-239.0
5,True,49.766718506998444,False,False,True,False,0.4933481790456567,982.0,982.0,56032935.0,56.032935,1270.0,0.7732283464566929,-0.37142857142857144,0.06380673816487925,61.06166444832118,6.218092102680365,-0.1483087597571553,-0.1483087597571553,13.45699716605841,23.15269883932971,26.137855739190464,"fund_low_adv20,fund_small_mcap",1,trailing_stop,False,False,False,False,True,False,False,False,False,9271.T,,982.0,10.967165,4.5719075,89.54,214.79,6460110336.0,,1754983800.0,1755502200.0,True,,,False,1754983800.0,2025-08-12,-216.0
2,False,35.54502369668246,False,False,False,False,0.2623209249033789,1323.0,1323.0,45662130.0,45.66213,1719.0,0.7696335078534031,-0.34006550218340614,-0.09644416974283143,62.24828784179629,4.705086004670921,-0.10909090909090913,-0.23036649214659688,16.699395788335437,15.49644044990692,31.57428133389964,"fund_low_adv20,fund_small_mcap",3,trend_break;macd_sell_like;trailing_stop,True,False,True,False,True,False,False,False,False,9272.T,,1323.0,21.875,5.8174305,60.48,227.42,12945886208.0,,1747206000.0,1747206000.0,True,,,False,1747206000.0,2025-05-14,-280.0
2,False,34.027777777777786,False,False,True,True,0.36855926021151136,762.0,762.0,89381860.0,89.38186,909.0,0.8382838283828383,-0.19411572711314273,-0.06813498590584743,18.522203429568272,2.4307353582110593,-0.10772833723653397,-0.13703284258210646,31.819939925002863,14.860345843546702,31.092980992812624,fund_low_adv20,3,trend_break;trailing_stop;di_bear,True,False,False,False,True,False,True,False,False,9273.T,,762.0,8.7315235,1.0524759,87.27,724.007,32094300160.0,,1754551800.0,1754983800.0,True,,,False,1754551800.0,2025-08-07,-219.0
5,True,28.163265306122454,False,False,True,False,0.3978665482176641,943.0,943.0,296518580.0,296.51858,1050.0,0.8980952380952381,-0.14847187296654907,0.12318438292601552,31.565230669946537,3.347320325551064,-0.10190476190476194,-0.10190476190476194,20.718304103728986,18.047644160296585,21.23830265183208,,2,trailing_stop;di_bear,False,False,False,False,True,False,True,False,False,9274.T,,943.0,10.787005,0.6616364,87.42,1425.254,58769580032.0,,1754521200.0,1754953200.0,True,,,True,1754521200.0,2025-08-07,-219.0
5,True,43.80682970745925,False,False,True,True,0.4195041346505774,1971.0,1971.0,192498910.0,192.49891,2213.694580078125,0.8903667279749314,-0.19999997639869027,0.20713282971605373,54.086891768356274,2.744134539236746,-0.04685379851007154,-0.10963327202506856,22.00491997188044,23.96793033404005,35.841912068092455,fund_low_adv20,1,ext_dev200;di_bear,False,False,False,False,False,True,True,False,False,9278.T,,1971.0,18.827013,1.6713843,104.69,1179.262,34595983360.0,,1745562600.0,1745562600.0,True,,,False,1745562600.0,2025-04-25,-293.0
6,True,43.99999999999999,True,False,True,True,0.414130068634633,4050.0,4050.0,365110875.0,365.110875,4855.97802734375,0.8340235431862889,-0.2581454059966205,0.08811246534396844,160.85632600403594,3.9717611359021214,-0.08783783783783783,-0.1659764568137111,28.18445708073491,17.338839468714156,23.479668566833105,,2,trailing_stop;di_bear,False,False,False,False,True,False,True,False,False,9279.T,,4050.0,37.040424,7.2807813,109.34,556.259,81189330944.0,,1749794400.0,1749794400.0,True,,,True,1749794400.0,2025-06-13,-258.0
5,True,35.38461538461537,False,False,True,True,0.3925801063573699,55500.0,55500.0,12753240.0,12.75324,61800.0,0.8980582524271845,-0.31737192611808385,0.049476679871793605,1148.3542539927985,2.0691067639509884,-0.06565656565656564,-0.10194174757281549,38.21089053279822,6.640468781754,26.341432294660105,"fund_low_adv20,fund_small_mcap",1,di_bear,False,False,False,False,False,False,True,False,False,9282.T,,55500.0,27.520752,1.8845003,2016.66,29450.78,5714613248.0,,1754978400.0,1755496800.0,True,,,False,1754978400.0,2025-08-12,-216.0
2,False,33.33333333333333,False,False,True,False,0.39896299598525664,85100.0,85100.0,114639395.0,114.639395,95900.0,0.8873826903023984,-0.24351930218879225,-0.05395357815745494,1301.11619709294,1.5289262010492832,-0.05654101995565408,-0.09947089947089949,44.14024110456931,7.8703584818639385,28.15402739305185,fund_low_adv20,2,trend_break;di_bear,True,False,False,False,False,False,True,False,False,9284.T,,85100.0,13.068522,0.8468141,6511.83,100494.31,36543897600.0,,1755151200.0,1755496800.0,True,,,False,1755151200.0,2025-08-14,-214.0
2,False,34.93150684931507,False,False,True,False,0.36671355583069665,47400.0,47400.0,22445005.0,22.445005,53300.0,0.8893058161350844,-0.4039328881410975,-0.04930423754796465,767.7361637428567,1.6196965479807102,-0.048192771084337394,-0.09021113243761991,34.42866870225453,8.440713627304621,23.08265195275795,"fund_low_adv20,fund_small_mcap",2,trend_break;di_bear,True,False,False,False,False,False,True,False,False,9285.T,,47400.0,21.231422,,2232.54,,8496734208.0,,1754546400.0,1754978400.0,True,,,False,1754546400.0,2025-08-07,-219.0
4,True,16.12556246463305,False,False,True,True,0.39569958123896126,54400.0,54400.0,161020195.0,161.020195,58009.41015625,0.9377788854165565,-0.40670866891415924,0.004932671652355225,603.8215690040266,1.109966119492696,-0.042635787344484366,-0.05228989677905549,50.202908960005175,7.161518427999083,41.69618114989039,"fund_low_adv20,fund_small_mcap",1,di_bear,False,False,False,False,False,False,True,False,False,9286.T,,54400.0,17.035774,,3193.28,,28687132672.0,,1736928000.0,1736928000.0,True,,,False,1736928000.0,2025-01-15,-365.0
5,True,25.1269035532995,False,False,True,True,0.4710601936362372,1410.5,1410.5,2226825612.5,2226.8256125,1510.0,0.9341059602649007,-0.1552023779559647,0.1118227590358829,37.229635094155114,2.639463672042192,-0.06589403973509933,-0.06589403973509933,15.833209401837344,18.143412887431307,26.448485073245187,,2,cross_sma25_down;macd_sell_like,False,True,True,False,False,False,False,False,False,9301.T,,1410.5,9.05095,1.2785846,155.84,1103.173,483532767232.0,1785479400.0,1785479400.0,1785479400.0,True,,,True,1785479400.0,2026-07-31,37.0
4,False,55.25876460767946,True,False,False,True,0.39927423026620695,3861.0,3861.0,1037123220.0,1037.12322,4299.2216796875,0.8980695315717347,-0.20253467254133706,-0.01739327535804769,107.52705842383354,2.784953598130887,-0.029899497487437143,-0.09472450175849945,11.326596280001674,17.1286506739696,19.99343543967502,,2,trend_break;cross_sma25_down,True,True,False,False,False,False,False,False,False,9302.T,,3861.0,77.85844,2.0874038,49.59,1849.666,293986074624.0,1778653800.0,1785738600.0,1785738600.0,True,,,True,1785738600.0,2026-08-03,38.0
6,True,35.84905660377359,False,False,True,True,0.3755167332205073,3860.0,3860.0,541017725.0,541.017725,4192.3212890625,0.9207309587818316,-0.12816796519492368,0.08609821705012743,87.76567407282676,2.273722126239035,-0.03740648379052369,-0.07926904121816836,12.437093850932058,21.04146270435515,23.23383238598163,,1,macd_sell_like,False,False,True,False,False,False,False,False,False,9303.T,,3860.0,16.733137,0.93721664,230.68,4118.578,294186582016.0,1786084200.0,1786084200.0,1786084200.0,True,,,True,1786084200.0,2026-08-07,42.0
5,True,59.659090909090914,True,False,True,True,0.3499251741312922,1435.0,1435.0,165210570.0,165.21057,1444.0,0.9937673130193906,-0.09322033374495531,0.1671126794090665,29.236653305429037,2.0373974428870407,-0.006232686980609414,-0.006232686980609414,31.441390369790863,36.2786097766434,14.529842197999535,fund_low_adv20,0,,False,False,False,False,False,False,False,False,False,9304.T,,1435.0,12.856118,1.194971,111.62,1200.866,81700184064.0,,1754373600.0,1754978400.0,True,,,False,1754373600.0,2025-08-05,-221.0
2,False,48.50299401197604,True,False,True,False,0.5917752443430017,2014.0,2014.0,177119790.0,177.11979,3055.87939453125,0.6590574234062445,-0.3684305724061312,-0.14944873089927513,43.701866529793286,2.169903998500163,-0.024697336561743333,-0.12624728850325384,15.714533244967615,24.453506332938353,22.242263831652114,fund_low_adv20,1,trend_break,True,False,False,False,False,False,False,False,False,9305.T,,2014.0,7.895562,0.66969573,255.08,3007.336,42547109888.0,,1753935600.0,1754281200.0,True,,,False,1753935600.0,2025-07-31,-224.0
5,True,39.726027397260275,False,False,True,True,0.38784290378471203,1990.0,1990.0,19320100.0,19.3201,2131.0,0.9338338808071328,-0.06992022524636321,0.028175153860134916,35.989984695042274,1.8085419444744861,-0.05102527420123981,-0.06616611919286719,15.958739895407742,18.40740695565744,17.46371620132007,"fund_low_adv20,fund_small_mcap",0,,False,False,False,False,False,False,False,False,False,9306.T,,1990.0,9.007379,0.51389,220.93,3872.424,14961906688.0,,1754460000.0,1754978400.0,True,,,False,1754460000.0,2025-08-06,-220.0
2,False,21.29629629629629,False,False,True,True,0.41005014574302534,945.0,945.0,7944415.0,7.944415,1102.0,0.8575317604355717,-0.21658985939439124,-0.03835572811749022,31.64380013599093,3.3485502789408392,-0.11599625818521986,-0.14246823956442833,21.710921870063153,14.89461620848916,31.747769902243274,"fund_low_adv20,fund_small_mcap",3,trend_break;trailing_stop;di_bear,True,False,False,False,True,False,True,False,False,9307.T,,945.0,15.949368,0.8706484,59.25,1085.398,15452454912.0,,1745998200.0,1745998200.0,True,,,False,1745998200.0,2025-04-30,-290.0
6,True,41.145833333333336,False,False,True,True,0.5731493778624313,1558.0,1558.0,145253255.0,145.253255,1708.0335693359375,0.9121600581923758,-0.28565927362264076,0.029593208105333835,58.288208226189326,3.741220040191869,-0.04182041820418203,-0.06555942654381841,12.481771551342142,28.5006273160587,23.76383165059029,fund_low_adv20,0,,False,False,False,False,False,False,False,False,False,9308.T,,1558.0,47.012676,1.0485828,33.14,1485.815,39232729088.0,,1754460000.0,1754978400.0,True,,,False,1754460000.0,2025-08-06,-220.0
1,False,32.21153846153845,False,False,True,False,0.43849893877764634,1078.0,1078.0,101067570.0,101.06757,1367.401123046875,0.7883568192469926,-0.21749369518155648,-0.07380380993846669,32.73111611711082,3.036281643516774,-0.11056105610561051,-0.1758409785932722,17.88745888468323,21.35762970335973,26.79412548851483,fund_low_adv20,2,trend_break;trailing_stop,True,False,False,False,True,False,False,False,False,9310.T,,1078.0,10.21801,0.6644432,105.5,1622.411,66689376256.0,,1754460000.0,1754978400.0,True,,,False,1754460000.0,2025-08-06,-220.0
3,True,64.81481481481481,False,False,True,True,0.5037023710555563,7590.0,7590.0,2269400.0,2.2694,9544.265625,0.7952419073625688,-0.2246653340602096,0.027563742010331627,62.780860368334565,0.8271523105182419,-0.058312655086848686,-0.1624488233574981,34.47872596898966,26.9985728057797,66.05402879231099,"fund_low_adv20,fund_small_mcap",1,di_bear,False,False,False,False,False,False,True,False,False,9311.T,,7590.0,6.027732,0.457818,1259.18,16578.64,10736289792.0,,1747288800.0,1747288800.0,True,,,False,1747288800.0,2025-05-15,-279.0
4,True,32.49097472924187,False,False,True,True,0.39782727657392136,2808.0,2808.0,34859740.0,34.85974,3306.937255859375,0.8491240633685032,-0.18072994780813745,0.009790170153137101,65.12450108135485,2.3192486140083637,-0.07934426229508196,-0.10715421303656603,13.5737641371887,17.719142166707243,20.50051061167354,"fund_low_adv20,fund_small_mcap",0,,False,False,False,False,False,False,False,False,False,9312.T,,2808.0,7.2251954,0.5424832,388.64,5176.197,18332135424.0,,1754287200.0,1754632800.0,True,,,False,1754287200.0,2025-08-04,-222.0
5,True,43.58974358974359,False,False,True,False,0.31653333212172846,1011.0,1011.0,799830.0,0.79983,1109.0,0.9116321009918846,-0.10543791552976445,0.01860423310784065,17.7159762716486,1.7523220842382392,-0.08836789900811537,-0.08836789900811537,20.765738533594863,27.227252377203797,42.724791886374106,"fund_low_adv20,fund_small_mcap",2,trailing_stop;di_bear,False,False,False,False,True,False,True,False,False,9313.T,,1011.0,19.24981,0.4554417,52.52,2219.823,5986326016.0,,1751522400.0,1751868000.0,True,,,False,1751522400.0,2025-07-03,-244.0
6,True,48.23529411764706,True,False,True,True,0.5368479518430965,1798.0,1798.0,51410275.0,51.410275,2218.0,0.8106402164111812,-0.21911632100991885,0.11765339268608788,64.12288209065316,3.5663449438628008,-0.09054122407688414,-0.18935978358881878,18.199960637011536,23.66466173042373,24.40973176517673,fund_low_adv20,1,trailing_stop,False,False,False,False,True,False,False,False,False,9319.T,,1798.0,15.884795,0.6601908,113.19,2723.455,32010764288.0,,1754463600.0,1754982000.0,True,,,False,1754463600.0,2025-08-06,-220.0
4,True,59.57446808510638,True,False,True,False,0.6300893213417383,2250.0,2250.0,12895660.0,12.89566,2856.5224609375,0.7876710338421629,-0.240335047361114,0.05389890285058874,44.61710911010056,1.9829826271155804,-0.05818334030975303,-0.17381813904866628,38.4826311605813,18.12067629434335,25.905135800773603,"fund_low_adv20,fund_small_mcap",1,di_bear,False,False,False,False,False,False,True,False,False,9322.T,,2250.0,27.160793,0.7821367,82.84,2876.735,17291806720.0,,1754533800.0,1754965800.0,True,,,False,1754533800.0,2025-08-07,-219.0
6,True,40.41811846689896,True,False,True,True,0.35890219110294647,2226.0,2226.0,133118190.0,133.11819,2600.664306640625,0.8559351525362406,-0.15444681023037143,0.000883759714897181,58.44593218355989,2.6256034224420435,-0.057179161372299836,-0.09585702680747354,11.491967904326524,20.27883919263899,23.84859348913871,fund_low_adv20,0,,False,False,False,False,False,False,False,False,False,9324.T,,2226.0,9.578726,0.5953661,232.39,3738.876,60458471424.0,,1753941600.0,1754287200.0,True,,,False,1753941600.0,2025-07-31,-224.0
5,True,27.830188679245282,False,False,True,True,0.4251300545338556,1171.0,1171.0,17560790.0,17.56079,1349.0,0.8680504077094143,-0.23712350761336998,0.012725774907135667,37.62322581540202,3.2129142455509836,-0.08515625000000004,-0.13194959229058567,18.04371098697258,15.708980389871178,22.036467810536287,"fund_low_adv20,fund_small_mcap",2,macd_sell_like;trailing_stop,False,False,True,False,True,False,False,False,False,9325.T,,1171.0,12.277207,2.705744,95.38,432.783,12589818880.0,,1753855200.0,1754287200.0,True,,,False,1753855200.0,2025-07-30,-225.0
2,False,60.46511627906977,True,False,True,True,0.42571115071485327,416.0,416.0,3665900.0,3.6659,537.0131225585938,0.7746551853667413,-0.27950715490462064,-0.048588976783676685,7.432386500979407,1.786631370427742,-0.01654846335697402,-0.13871635610766042,21.45183563643782,18.86735527672847,25.59058819203989,"fund_low_adv20,fund_small_mcap",2,trend_break;di_bear,True,False,False,False,False,False,True,False,False,9326.T,,416.0,20.915033,1.8909091,19.89,220.0,4267705344.0,,1752130800.0,1752476400.0,True,,,False,1752130800.0,2025-07-10,-239.0
1,False,39.473684210526315,False,False,True,True,0.30878668584787416,196.0,196.0,8082680.0,8.08268,446.0,0.43946188340807174,-0.5829596412556054,-0.2365668880363021,13.302892170424974,6.7871898828698844,-0.11711711711711714,-0.17991631799163177,18.760110295142503,12.091552398296946,23.589773468103836,"fund_neg_eps,fund_low_adv20,fund_small_mcap",3,trend_break;macd_sell_like;trailing_stop,True,False,True,False,True,False,False,False,False,9327.T,,196.0,-11.563421828908554,-0.6876517,-16.95,-285.028,3105228032.0,,1747300500.0,1747300500.0,True,,,False,1747300500.0,2025-05-15,-279.0
1,False,47.61904761904762,False,True,False,True,0.28448808093919503,839.0,839.0,1308455.0,1.308455,1205.0,0.6962655601659751,-0.35850622406639,-0.0033676433030226383,5.337372234346045,0.6361587883606727,-0.015258215962441368,-0.0850599781897492,15.429165577191187,16.973437776752743,24.896401301856695,"fund_neg_eps,fund_low_adv20,fund_small_mcap",2,trend_break;vol_distribution,True,False,False,False,False,False,False,True,False,9330.T,,839.0,-15.352241537053981,,-54.65,,1202668800.0,,1747204200.0,1747204200.0,True,,,False,1747204200.0,2025-05-14,-280.0
3,False,67.1573137074517,True,True,False,False,0.21487132580297255,1043.0,1043.0,36387940.0,36.38794,1149.0,0.9077458659704091,-0.375186846038864,0.3211311314481142,104.70336915950989,10.038673936674007,-0.09225413402959093,-0.09225413402959093,40.14315573852756,26.44682235536398,9.957847327205918,"fund_neg_eps,fund_low_adv20,fund_small_mcap",3,trend_break;trailing_stop;ext_dev200;natr_spike,True,False,False,False,True,True,False,False,True,9331.T,,1043.0,-14.977024698449167,2.9806387,-69.64,349.925,2044718080.0,,1744354800.0,1744354800.0,True,,,False,1744354800.0,2025-04-11,-303.0
3,False,49.397590361445786,True,False,True,False,0.4459160341138773,573.0,573.0,86711840.0,86.71184,696.8118286132812,0.8223166950829781,-0.26872319759529606,-0.0931976609430214,10.961986220647598,1.9130866004620588,-0.033726812816188834,-0.09763779527559058,32.0271352870084,13.816769434534015,26.346811108228973,"fund_low_adv20,fund_small_mcap",2,trend_break;di_bear,True,False,False,False,False,False,True,False,False,9332.T,,573.0,10.148778,1.0501565,56.46,545.633,19294478336.0,,1747031400.0,1747031400.0,True,,,False,1747031400.0,2025-05-12,-282.0
3,False,,False,False,True,False,,1300.0,1300.0,0.0,0.0,1300.0,1.0,0.0,0.0,0.0,0.0,0.0,0.0,,,,"fund_low_adv20,fund_small_mcap",0,,False,False,False,False,False,False,False,False,False,9334.T,,1300.0,59.523808,7.2590013,21.84,179.088,1168700032.0,,,,True,,,False,,,
5,True,,False,False,True,False,0.49075023924552064,1406.0,1406.0,0.0,0.0,1406.0,1.0,0.0,0.00022764782880879686,0.0,0.0,0.0,0.0,,,,"fund_low_adv20,fund_small_mcap",0,,False,False,False,False,False,False,False,False,False,9335.T,,1406.0,7.451375,3.0901098,188.69,455.0,2812000000.0,,,,True,,,False,,,
5,True,17.647058823529406,False,False,True,False,0.30923373910682006,3845.0,3845.0,672960775.0,672.960775,4315.0,0.8910776361529548,-0.12351542416827832,0.036372577004843976,120.3868319462195,3.1309969296806113,-0.10892236384704523,-0.10892236384704523,14.925876690592995,23.724228669920798,22.840830739877354,,1,trailing_stop,False,False,False,False,True,False,False,False,False,9336.T,,3845.0,24.047783,3.4950066,159.89,1100.141,383915261952.0,1786343400.0,1786343400.0,1786343400.0,True,,,True,1786343400.0,2026-08-10,43.0
1,False,38.144329896907216,False,False,True,False,0.5493951908390867,1621.0,1621.0,69840635.0,69.840635,3545.0,0.45726375176304657,-0.5788434414668547,-0.343506751229153,83.84206973063439,5.172243660125502,-0.16999487967229898,-0.17084398976982096,11.734694212659969,20.108917619591917,20.88142148858978,"fund_low_adv20,fund_small_mcap",2,trend_break;trailing_stop,True,False,False,False,True,False,False,False,False,9337.T,,1621.0,12.501927,2.780055,129.66,583.082,5353799680.0,,1747117800.0,1747117800.0,True,,,False,1747117800.0,2025-05-13,-281.0
6,True,50.0,False,False,True,True,0.5745108471780687,4535.0,4535.0,24413625.0,24.413625,4550.0,0.9967032967032967,-0.614054054054054,0.45084251240494333,7.060738664839916,0.155694347626018,-0.0011013215859030367,-0.003296703296703285,54.72791149446405,28.657676184540797,12.195087922316015,fund_low_adv20,1,macd_sell_like;ext_dev200,False,False,True,False,False,True,False,False,False,9338.T,,4535.0,26.081205,5.3831596,173.88,842.442,45387472896.0,,1747220340.0,1747220340.0,True,,,False,1747220340.0,2025-05-14,-280.0
3,False,57.377049180327866,False,False,False,True,0.671475437378902,1245.0,1245.0,832080.0,0.83208,1530.0,0.8137254901960784,-0.40531787851070356,-0.05858469842889602,9.006937589609631,0.7234488023782836,-0.015031645569620222,-0.015031645569620222,12.023563342764781,28.78948457261409,25.957423195239258,"fund_low_adv20,fund_small_mcap",1,trend_break,True,False,False,False,False,False,False,False,False,9339.T,,1245.0,29.671116,0.93945247,41.96,1325.24,2942365696.0,,1746774000.0,1746774000.0,True,,,False,1746774000.0,2025-05-09,-283.0
2,False,32.075471698113205,False,False,True,True,0.500224929880421,662.0,662.0,7179705.0,7.179705,749.0,0.8838451268357811,-0.25629150286136737,-0.04420620206094217,8.814504915726326,1.3314962108347923,-0.05293276108726752,-0.06099290780141842,31.294542924978764,10.359810501892868,28.214837736280852,"fund_low_adv20,fund_small_mcap",2,trend_break;di_bear,True,False,False,False,False,False,True,False,False,9340.T,,662.0,13.930976,2.1082335,47.52,314.007,6496967168.0,,1747114200.0,1747114200.0,True,,,False,1747114200.0,2025-05-13,-281.0
3,False,45.23809523809524,False,False,True,False,0.33579820153822637,557.0,557.0,41405130.0,41.40513,708.8239135742188,0.7858087027444486,-0.7025838047872748,-0.034481471874355796,13.543734022830938,2.4315500938655186,-0.055932203389830515,-0.06386554621848739,20.274614093674398,25.32047330431923,21.648452493756615,"fund_low_adv20,fund_small_mcap",2,trend_break;macd_sell_like,True,False,True,False,False,False,False,False,False,9341.T,,557.0,35.410046,1.39999,15.73,397.86,9657005056.0,,1747204200.0,1747204200.0,True,,,False,1747204200.0,2025-05-14,-280.0
2,False,42.94871794871795,True,False,True,True,0.5026423562635048,774.0,774.0,4137065.0,4.137065,1325.0,0.5841509433962264,-0.43018867924528303,-0.27994976393701887,29.266790269218458,3.781239052870602,-0.0840236686390533,-0.3808,34.52820630810332,16.374571699426298,26.52215970689497,"fund_low_adv20,fund_small_mcap",3,trend_break;trailing_stop;di_bear,True,False,False,False,True,False,True,False,False,9342.T,,774.0,25.938337,3.0567997,29.84,253.206,1861591552.0,,1746788340.0,1746788340.0,True,,,False,1746788340.0,2025-05-09,-283.0
6,True,51.57894736842105,False,False,True,True,0.4013771173398677,796.0,796.0,63520665.0,63.520665,820.0,0.9707317073170731,-0.42056096407122745,0.12334495943635893,27.993821731467253,3.516811775309957,-0.029268292682926855,-0.029268292682926855,20.11561922101992,19.486478841881056,16.582011903657573,"fund_low_adv20,fund_small_mcap",0,,False,False,False,False,False,False,False,False,False,9343.T,,796.0,18.058075,4.924676,44.08,161.635,14661284864.0,,1746772200.0,1746772200.0,True,,,False,1746772200.0,2025-05-09,-283.0
7,True,48.611111111111114,False,False,True,False,0.43034937712520555,936.0,936.0,3291450.0,3.29145,966.0,0.968944099378882,-0.3363390338847675,0.03877655206090602,14.325600354514412,1.5305128583882919,-0.022964509394572064,-0.022964509394572064,39.52130711267053,23.931698631683712,21.539617871113474,"fund_low_adv20,fund_small_mcap",1,macd_sell_like,False,False,True,False,False,False,False,False,False,9344.T,,936.0,33.050846,1.473554,28.32,635.199,4652768768.0,,1747206000.0,1747206000.0,True,,,False,1747206000.0,2025-05-14,-280.0
2,False,45.070422535211264,True,False,True,True,0.3955411513081503,566.0,566.0,1482960.0,1.48296,1313.3402099609375,0.4309622104822592,-0.573606293515786,-0.27030870783173233,10.587062842925013,1.8705058026369281,-0.032478632478632474,-0.15396113602391626,29.704413324174336,20.32751279426494,25.309623770574095,"fund_low_adv20,fund_small_mcap",2,trend_break;di_bear,True,False,False,False,False,False,True,False,False,9345.T,,566.0,9.419205,0.96250653,60.09,588.048,1838387200.0,,1747290600.0,1747290600.0,True,,,False,1747290600.0,2025-05-15,-279.0
6,False,52.23880597014925,False,False,True,True,0.581372750894921,1660.0,1660.0,8955760.0,8.95576,2030.0,0.8177339901477833,-0.20983081988474295,-0.025512779871555535,19.785176453878325,1.1918780996312244,-0.009546539379474916,-0.010727056019070313,23.175786795208325,20.052274519468018,9.471312101145815,"fund_low_adv20,fund_small_mcap",1,trend_break,True,False,False,False,False,False,False,False,False,9346.T,,1660.0,10.376297,1.9504492,159.98,851.086,6104910848.0,,1747205100.0,1747205100.0,True,,,False,1747205100.0,2025-05-14,-280.0
2,False,25.824175824175825,False,False,True,False,0.3842722420058532,2675.0,2675.0,169803495.0,169.803495,3050.0,0.8770491803278688,-0.13639344262295083,-0.0338478643100697,46.336980495961576,1.7322235699424888,-0.06403079076277118,-0.12295081967213117,43.423735172154366,9.517842716792792,28.808952797946475,fund_low_adv20,2,trend_break;di_bear,True,False,False,False,False,False,True,False,False,9347.T,,2675.0,13.637523,1.2985985,196.15,2059.913,97158537216.0,,1746701940.0,1746701940.0,True,,,False,1746701940.0,2025-05-08,-284.0
3,False,57.91855203619909,False,False,True,False,0.34833663729981695,577.0,577.0,2368333600.0,2368.3336,1169.0,0.49358426005132594,-0.7101346562721473,0.1139856359564444,45.4814871127693,7.88240677864286,-0.1745350500715308,-0.1745350500715308,27.28529258301406,30.47553018029444,16.20423253536835,fund_neg_eps,3,trend_break;macd_sell_like;trailing_stop,True,False,True,False,True,False,False,False,False,9348.T,,577.0,-8.750379132544738,5.5442386,-65.94,104.072,84362960896.0,,1746788340.0,1746788340.0,True,,,False,1746788340.0,2025-05-09,-283.0
6,True,37.610619469026545,True,False,True,True,0.45903581468815285,1809.0,1809.0,10975085.0,10.975085,2031.320556640625,0.890553681488708,-0.13652230108833963,0.04707827960318145,31.675688360938913,1.751005437310056,-0.07892057026476573,-0.10134128166915057,29.00894640627231,17.611814790781423,27.39773203269823,"fund_low_adv20,fund_small_mcap",1,di_bear,False,False,False,False,False,False,True,False,False,9351.T,,1809.0,8.978113,0.4251447,201.49,4255.022,12976002048.0,,1753772400.0,1754290800.0,True,,,False,1753772400.0,2025-07-29,-226.0
4,True,57.92592592592593,False,True,False,False,0.2932307254358739,2582.0,2582.0,26613335.0,26.613335,3495.881103515625,0.7385834711035846,-0.37398601549018795,0.10908639598912706,117.26463657522535,4.541620316623755,-0.08277087033747776,-0.08277087033747776,22.231945049084068,23.768429019454196,20.676805820079633,"fund_low_adv20,fund_small_mcap",2,trailing_stop;vol_distribution,False,False,False,False,True,False,False,True,False,9353.T,,2582.0,13.529658,0.48665637,190.84,5305.592,3929171456.0,,1747198800.0,1747198800.0,True,,,False,1747198800.0,2025-05-14,-280.0
7,True,60.36036036036035,True,False,True,True,0.39519934151080566,2197.0,2197.0,2607810.0,2.60781,2220.0,0.9896396396396396,-0.08038585252225372,0.10346283961165947,22.37477835234899,1.0184241398429217,-0.0013636363636363447,-0.010360360360360366,39.54164585903616,44.20115363581861,16.769508066347985,"fund_low_adv20,fund_small_mcap",0,,False,False,False,False,False,False,False,False,False,9355.T,,2197.0,5.382693,0.2890638,408.16,7600.398,5770077696.0,,1747206000.0,1747206000.0,True,,,False,1747206000.0,2025-05-14,-280.0
1,False,25.648414985590776,False,False,True,False,0.274653582858211,2716.0,2716.0,8771020.0,8.77102,3115.906982421875,0.8716563155839002,-0.12834368441609978,-0.06810826409684612,52.45844888818725,1.931459826516467,-0.0873655913978495,-0.09376042709376042,31.814559146613313,8.776734093627656,34.68865053487472,"fund_low_adv20,fund_small_mcap",3,trend_break;trailing_stop;di_bear,True,False,False,False,True,False,True,False,False,9360.T,,2716.0,7.1528273,1.4079556,379.71,1929.038,7726862336.0,,1747206000.0,1747206000.0,True,,,False,1747206000.0,2025-05-14,-280.0
2,False,31.473214285714292,False,False,True,False,0.42198499354570057,1993.0,1993.0,1289415.0,1.289415,2490.0,0.8004016064257028,-0.19999999999999996,-0.0015213622845600128,36.42878514610015,1.8278366857049748,-0.10907465355386681,-0.14426792614856165,17.809523723596676,28.10637386719707,46.102211991060386,"fund_low_adv20,fund_small_mcap",2,trend_break;trailing_stop,True,False,False,False,True,False,False,False,False,9361.T,,1993.0,6.6879196,0.40053362,298.0,4975.862,5159671808.0,,1746772200.0,1746772200.0,True,,,False,1746772200.0,2025-05-09,-283.0
2,False,0.0,False,False,True,True,0.3246052122600947,3475.0,3475.0,1675850.0,1.67585,4000.0,0.86875,-0.18205279017199438,-0.02852979239841169,59.57015759213601,1.7142491393420434,-0.13124999999999998,-0.13124999999999998,28.803955013497294,19.835432346405437,58.518827486227565,"fund_low_adv20,fund_small_mcap",4,trend_break;macd_sell_like;trailing_stop;di_bear,True,False,True,False,True,False,True,False,False,9362.T,,3475.0,10.4931,0.88850594,331.17,3911.06,4169454336.0,,1745996400.0,1745996400.0,True,,,False,1745996400.0,2025-04-30,-290.0
5,True,60.645161290322584,False,False,True,False,0.20979249427234234,523.0,523.0,7789000.0,7.789,562.406494140625,0.9299323628884489,-0.24714940997601598,0.1071555369692021,17.413635021300504,3.329566925678873,-0.042124542124542086,-0.07006763711155106,20.669200579657016,24.07607518053077,18.08967722881194,"fund_low_adv20,fund_small_mcap",0,,False,False,False,False,False,False,False,False,False,9363.T,,523.0,7.576416,1.8744445,69.03,279.016,2536473600.0,,1747204800.0,1747204800.0,True,,,False,1747204800.0,2025-05-14,-280.0
4,False,36.253776435045324,True,False,True,False,0.5715412855896584,4759.0,4759.0,1746069835.0,1746.069835,5695.48828125,0.8355736619925996,-0.18619795685318352,-0.03842372443427311,98.55251368546845,2.0708660156643925,-0.07538371867107052,-0.1506335891486703,39.120283020828396,14.790083419102654,27.19379467230783,,2,trend_break;di_bear,True,False,False,False,False,False,True,False,False,9364.T,,4759.0,15.298316,1.1920829,311.08,3992.172,469812969472.0,1786602600.0,1786602600.0,1786602600.0,True,,,True,1786602600.0,2026-08-13,46.0
6,True,48.00000000000001,True,False,False,True,0.4626172527041568,1490.0,1490.0,1058115.0,1.058115,1637.1214599609375,0.9101340593480169,-0.13693382086012773,0.0055799890696,14.770117825019808,0.9912830755046851,-0.015201586252478472,-0.06700062617407643,25.673702466058778,22.59743883220659,41.89467208639254,"fund_low_adv20,fund_small_mcap",1,di_bear,False,False,False,False,False,False,True,False,False,9365.T,,1490.0,6.0333657,0.36937565,246.96,4033.834,2184487424.0,,1747116000.0,1747116000.0,True,,,False,1747116000.0,2025-05-13,-281.0
6,True,35.947712418300654,False,False,True,False,0.26174697390549084,957.0,957.0,8338320.0,8.33832,1011.0,0.9465875370919882,-0.10785153777615664,0.09341973967023942,20.554650065540834,2.147821323462992,-0.053412462908011826,-0.053412462908011826,17.581738920418164,17.82573910239724,18.319866019060488,"fund_low_adv20,fund_small_mcap",0,,False,False,False,False,False,False,False,False,False,9366.T,,957.0,8.015747,0.4424386,119.39,2163.012,5395833856.0,,1754377200.0,1754895600.0,True,,,False,1754377200.0,2025-08-05,-221.0
5,True,42.27642276422764,True,False,True,True,0.6461972936460157,1860.0,1860.0,8566325.0,8.566325,2589.4658203125,0.7182948642958079,-0.3048759377782504,0.07783952044103581,36.07045513065919,1.939271781218236,-0.07046476761619191,-0.2589922529628891,42.71431126061847,15.135214659951465,34.48552485445649,"fund_low_adv20,fund_small_mcap",1,di_bear,False,False,False,False,False,False,True,False,False,9367.T,,1860.0,18.459705,1.5191176,100.76,1224.395,16076817408.0,,1747204200.0,1747204200.0,True,,,False,1747204200.0,2025-05-14,-280.0
3,False,36.458333333333336,False,False,True,True,0.4650266143672657,859.0,859.0,19436710.0,19.43671,964.9924926757812,0.890162365531073,-0.12020040938779875,-0.014019675360926187,12.601462205291869,1.4669921077173305,-0.0423634336677815,-0.07794558093658865,25.59987750282442,17.517817751029995,32.160713693489626,fund_low_adv20,2,trend_break;di_bear,True,False,False,False,False,False,True,False,False,9368.T,,859.0,11.021298,0.7977741,77.94,1076.746,35327303680.0,,1753250400.0,1753682400.0,True,,,False,1753250400.0,2025-07-23,-230.0
5,True,43.745197153674184,False,False,True,False,0.4700427465718862,3210.0,3210.0,323877945.0,323.877945,3622.811279296875,0.8860522264419486,-0.32315976072568064,0.07154014580681234,155.08725868077715,4.831378775102093,-0.10133960829600808,-0.10133960829600808,22.373954889030895,22.996711111156618,20.38870453958321,,2,macd_sell_like;trailing_stop,False,False,True,False,True,False,False,False,False,9369.T,,3210.0,30.121048,1.7317661,106.57,1853.599,79789375488.0,,1751436000.0,1751868000.0,True,,,True,1751436000.0,2025-07-02,-245.0
3,False,31.42857142857143,True,False,True,True,0.5305717127211874,753.0,753.0,3684055.0,3.684055,935.0057983398438,0.8053425993047257,-0.35983283188954596,-0.04517704069404538,15.151799040442583,2.012191107628497,-0.06806930693069302,-0.13732489823642913,36.62065313843616,15.518284344938952,27.493536137211123,"fund_low_adv20,fund_small_mcap",2,trend_break;di_bear,True,False,False,False,False,False,True,False,False,9376.T,,753.0,49.247875,1.6070274,15.29,468.567,2778550528.0,,1753772400.0,1754290800.0,True,,,False,1753772400.0,2025-07-29,-226.0
6,True,48.71794871794872,False,False,True,True,0.5026502147430508,407.0,407.0,6085560.0,6.08556,434.7867431640625,0.9360910984501258,-0.1662809788428805,0.07094451054919593,7.280129726595832,1.7887296625542584,-0.01927710843373498,-0.0553209110376125,19.520222021154602,21.765749951520057,17.942539968580892,"fund_low_adv20,fund_small_mcap",0,,False,False,False,False,False,False,False,False,False,9380.T,,407.0,15.793558,0.6152181,25.77,661.554,11323194368.0,,1754542800.0,1754974800.0,True,,,False,1754542800.0,2025-08-07,-219.0
7,True,45.45454545454546,True,False,True,True,0.4487132104265824,2199.0,2199.0,44618150.0,44.61815,2292.0,0.9594240837696335,-0.09842564021110445,0.038061934998391944,38.04412024499804,1.7300645859480692,-0.026991150442477907,-0.03085059497576026,12.0010769779208,22.81334104422784,21.039507701422277,fund_low_adv20,0,,False,False,False,False,False,False,False,False,False,9381.T,,2199.0,16.273218,2.520731,135.13,872.366,51662409728.0,,1752462000.0,1752807600.0,True,,,False,1752462000.0,2025-07-14,-237.0
6,True,46.80851063829787,True,False,True,False,0.6079992826132966,691.0,691.0,9599625.0,9.599625,804.0677490234375,0.8593803206747672,-0.16176217636064671,0.08424835560910116,14.236526760631053,2.0602788365602103,-0.019858156028368823,-0.11211447344325753,21.57566725105295,17.018928323040353,19.766206250604007,"fund_low_adv20,fund_small_mcap",1,di_bear,False,False,False,False,False,False,True,False,False,9385.T,,691.0,6.2562246,1.0396293,110.45,664.66,5339539456.0,,1754546400.0,1754978400.0,True,,,False,1754546400.0,2025-08-07,-219.0
0,False,26.31578947368422,False,False,True,False,0.4588509724772678,12.0,12.0,73911889.15,73.91188915000001,162.0,0.07407407407407407,-0.9382716049382716,-0.8305252306658655,2.9950438199984992,24.958698499987495,-0.5555555555555556,-0.6470588235294117,44.710317726111874,11.481086163550518,21.912900424976456,"fund_neg_eps,fund_low_adv20,fund_small_mcap",4,trend_break;trailing_stop;di_bear;natr_spike,True,False,False,False,True,False,True,False,True,9399.T,,12.0,-3.314917127071823,1.0262465,-3.62,11.693096,2200027136.0,,1754625600.0,1755057600.0,True,,,False,1754625600.0,2025-08-08,-218.0
5,True,50.16155088852989,False,False,True,False,0.37807382884618523,5913.0,5913.0,1680473010.0,1680.47301,6291.68994140625,0.9398110928966711,-0.1301812495881961,0.049590385267037185,176.51746653982823,2.9852438109221757,-0.012525050100200441,-0.012525050100200441,15.228153829935513,17.337498922097947,13.879262000176244,,0,,False,False,False,False,False,False,False,False,False,9401.T,,5913.0,21.656961,0.8221985,273.03,7191.694,927147360256.0,1778740200.0,1785997800.0,1785997800.0,True,,,True,1785997800.0,2026-08-06,41.0
2,False,40.44321329639889,True,False,True,True,0.6037390411090404,2885.5,2885.5,1944482480.0,1944.48248,4091.12548828125,0.705307135717376,-0.3175472109087112,-0.1787388368428693,68.05343129541441,2.358462356451721,-0.023354205449314658,-0.10416019869605708,37.39693903167584,15.287048333296308,23.9923844422094,,2,trend_break;di_bear,True,False,False,False,False,False,True,False,False,9404.T,,2885.5,12.762617,0.71745074,226.09,4021.879,706465366016.0,1778740200.0,1785393000.0,1785393000.0,True,,,True,1785393000.0,2026-07-30,36.0
5,True,55.41125541125541,True,False,True,False,0.3538685483825017,805.0,805.0,67255685.0,67.255685,915.119873046875,0.8796661767597366,-0.16076568478077313,0.012753333734471406,20.16356737777017,2.5047909786049902,-0.048463356973995286,-0.09927547960463823,17.73625521118758,21.887609547414957,21.353067984995818,fund_low_adv20,0,,False,False,False,False,False,False,False,False,False,9405.T,,805.0,7.543103,0.40725243,106.72,1976.661,33640673280.0,,1754546400.0,1754978400.0,True,,,False,1754546400.0,2025-08-07,-219.0
4,True,98.38709677419355,False,False,True,True,0.2417181527964605,2870.0,2870.0,854600.0,0.8546,2870.0,1.0,-0.28198625274883127,0.18311728136864436,14.224610119253855,0.49563101460814823,0.0,0.0,21.936426759982155,51.57619537466906,39.60041649864293,"fund_low_adv20,fund_small_mcap",1,rsi_reversal;ext_dev200,False,False,False,True,False,True,False,False,False,9408.T,,2870.0,12.3915205,0.6424836,231.61,4467.04,17079786496.0,,1747204800.0,1747204800.0,True,,,False,1747204800.0,2025-05-14,-280.0
4,True,66.18705035971223,False,False,True,False,0.37692284614334254,3360.0,3360.0,1385721100.0,1385.7211,3669.230712890625,0.9157232845009594,-0.17285114033916316,0.030791598617506688,112.47568318590893,3.3474905710091942,-0.014662756598240456,-0.07176686257555664,19.8196877065413,27.46889045315697,13.83940959693428,,0,,False,False,False,False,False,False,False,False,False,9409.T,,3360.0,13.225742,0.726207,254.05,4626.78,337812160512.0,1778740200.0,1785911400.0,1785911400.0,True,,,True,1785911400.0,2026-08-05,40.0
2,True,30.846774193548384,False,False,True,False,0.34829465268391135,3165.0,3165.0,14147801775.0,14147.801775,4570.0,0.6925601750547046,-0.3074398249452954,0.3424483279090882,263.31811203874685,8.319687584162617,-0.3074398249452954,-0.3074398249452954,33.01329560217298,19.429078532741293,37.33269579772896,,4,macd_sell_like;trailing_stop;ext_dev200;di_bear;natr_spike,False,False,True,False,True,True,True,False,True,9412.T,,3165.0,38.53647,2.9553092,82.13,1070.954,897086914560.0,1777357800.0,1777357800.0,1777357800.0,True,,,True,1777357800.0,2026-04-28,-31.0
0,False,29.85074626865672,False,False,True,True,0.6657346279920218,3630.0,3630.0,253297100.0,253.2971,4949.5908203125,0.73339395755765,-0.28074862564594094,-0.17080278075661537,89.66670998983116,2.470157299995349,-0.07161125319693096,-0.13571428571428568,34.36781292550357,15.658091224717573,30.424299701431035,,2,trend_break;di_bear,True,False,False,False,False,False,True,False,False,9413.T,,3630.0,12.551867,0.8998358,289.2,4034.069,96652279808.0,,1753858200.0,1754290200.0,True,,,True,1753858200.0,2025-07-30,-225.0
3,False,41.379310344827594,False,False,True,True,0.41252336113679017,902.0,902.0,30020085.0,30.020085,1147.0,0.7863993025283348,-0.21708805579773327,-0.05565785684673907,11.70177626065893,1.2973144413147373,-0.019565217391304346,-0.05648535564853552,14.530612160083173,16.005802784005134,18.446264556710645,"fund_low_adv20,fund_small_mcap",1,trend_break,True,False,False,False,False,False,False,False,False,9414.T,,902.0,14.126861,0.6569575,63.85,1372.996,16086262784.0,,1751436000.0,1751868000.0,True,,,False,1751436000.0,2025-07-02,-245.0
1,False,48.14814814814815,False,False,True,False,0.44507616838466196,1009.0,1009.0,470611355.0,470.611355,1338.0,0.7541106128550075,-0.24962630792227203,-0.15670219781065797,27.01794820666294,2.6776955606207076,-0.08687782805429867,-0.1654259718775848,18.201359658161206,20.7732773036572,27.886152737920987,,2,trend_break;trailing_stop,True,False,False,False,True,False,False,False,False,9416.T,,1009.0,10.967391,2.3805704,92.0,423.848,49727619072.0,1778740200.0,1785997800.0,1785997800.0,True,,,True,1785997800.0,2026-08-06,41.0
4,False,69.58333333333333,True,False,True,False,0.262946609506145,451.0,451.0,15735665.0,15.735665,483.0,0.9337474120082816,-0.412008281573499,0.1493813474011494,24.904187925717217,5.521992888185636,0.0,0.0,28.584472670069314,55.545899170571744,9.393525971179372,"fund_low_adv20,fund_small_mcap",1,trend_break,True,False,False,False,False,False,False,False,False,9417.T,,451.0,10.037837,3.1948884,44.93,141.163,4481997312.0,,1754985600.0,1755504000.0,True,,,False,1754985600.0,2025-08-12,-216.0
1,False,56.34517766497462,True,False,True,True,0.20963186508685938,1603.0,1603.0,841709925.0,841.709925,2295.08837890625,0.6984480487692276,-0.3407661273937359,-0.14733299145880696,33.132175658287395,2.0668855682025824,-0.010493827160493852,-0.08452312964020559,14.875332899169758,24.988215018723967,19.326828159134056,,1,trend_break,True,False,False,False,False,False,False,False,False,9418.T,,1603.0,15.345587,2.7425196,104.46,584.499,289140998144.0,,1751871600.0,1752217200.0,True,,,True,1751871600.0,2025-07-07,-242.0
7,True,54.09836065573771,False,False,True,False,0.4010678355065692,295.0,295.0,9482620.0,9.48262,322.0,0.9161490683229814,-0.16319444444444442,0.050139721979958196,8.471248692230745,2.8716097261799134,-0.048387096774193505,-0.048387096774193505,40.0346964647228,31.258307682008923,13.297220597637974,"fund_low_adv20,fund_small_mcap",0,,False,False,False,False,False,False,False,False,False,9419.T,,295.0,11.434109,1.920873,25.8,153.576,3209769216.0,,1754978400.0,1755496800.0,True,,,False,1754978400.0,2025-08-12,-216.0
1,False,13.698630136986296,False,True,False,False,0.25209977327262273,562.0,562.0,4829240.0,4.82924,729.0,0.7709190672153635,-0.2939560439560439,-0.08705469549537848,14.890461475948038,2.6495483053288327,-0.15994020926756358,-0.18668596237337187,35.76020442853551,7.656692508204459,45.42520960471688,"fund_low_adv20,fund_small_mcap",5,trend_break;trailing_stop;di_bear;vol_distribution;natr_spike,True,False,False,False,True,False,True,True,True,9421.T,,562.0,49.08297,1.8556123,11.45,302.865,2974544640.0,,1746774000.0,1746774000.0,True,,,False,1746774000.0,2025-05-09,-283.0
0,False,33.33333333333333,False,False,False,True,0.10052972593718597,99.0,99.0,16599515.0,16.599515,136.5,0.7252747252747253,-0.27472527472527475,-0.06724549962738824,1.674658661635585,1.69157440569251,-0.03883495145631066,-0.09340663141076089,21.45513210141566,12.779836118060791,19.438371086472582,"fund_low_adv20,fund_small_mcap",3,trend_break;macd_sell_like;di_bear,True,False,True,False,False,False,True,False,False,9423.T,,99.0,14.183381,3.2262268,6.98,30.686,2399935488.0,,1747189800.0,1747189800.0,True,,,False,1747189800.0,2025-05-14,-280.0
1,False,37.5,False,False,True,True,0.25928230181546336,114.0,114.0,274476325.0,274.476325,177.0,0.6440677966101694,-0.3615819209039548,-0.18338108882521487,3.805158878060233,3.337858664965117,-0.08799999999999997,-0.14925373134328357,25.68210529491613,14.634777247326062,20.38857358361764,fund_small_mcap,3,trend_break;trailing_stop;di_bear,True,False,False,False,True,False,True,False,False,9424.T,,114.0,24.890831,4.116118,4.58,27.696,19016253440.0,,1754469600.0,1754988000.0,True,,,False,1754469600.0,2025-08-06,-220.0
0,False,28.148148148148138,False,False,True,True,0.3109208324497999,153.0,153.0,68747735.0,68.747735,1224.0,0.125,-0.875,-0.6724575318711666,23.22876917563362,15.182202075577528,-0.4204545454545454,-0.6466512702078522,28.731818851553566,17.711265079215643,34.020094142859676,"fund_neg_eps,fund_low_adv20,fund_small_mcap",5,trend_break;macd_sell_like;trailing_stop;di_bear;natr_spike,True,False,True,False,True,False,True,False,True,9425.T,,153.0,-3.8135593220338984,0.64953536,-40.12,235.553,1032486848.0,,1749537000.0,1749537000.0,True,,,False,1749537000.0,2025-06-10,-261.0
0,False,34.10404624277457,False,False,True,False,0.5072427965926436,1216.0,1216.0,1136825.0,1.136825,1677.07177734375,0.7250733191193379,-0.2749266808806621,-0.14423258949571516,27.194586946542074,2.2363969528406313,-0.09925925925925927,-0.21971339357519537,14.210947307919287,23.376161907945708,36.592187936302025,"fund_low_adv20,fund_small_mcap",3,trend_break;macd_sell_like;trailing_stop,True,False,True,False,True,False,False,False,False,9428.T,,1216.0,12.406897,0.86364925,98.01,1407.979,11498625024.0,,1754532000.0,1754877600.0,True,,,False,1754532000.0,2025-08-07,-219.0
3,False,33.79313102655763,False,False,True,False,0.22633843578837096,149.0,149.0,37535487938.221054,37535.48793822106,160.03102111816406,0.9310694823972975,-0.0876768830200978,-0.025286430970406282,2.0042521536719637,1.3451356736053448,-0.04792332268370603,-0.05576681167028519,22.956269180427427,16.121860802051717,30.48522527553233,,2,trend_break;di_bear,True,False,False,False,False,False,True,False,False,9432.T,,149.0,11.806656,1.2471855,12.62,119.469,12132119740416.0,1778221800.0,1785997800.0,1785997800.0,True,,,True,1785997800.0,2026-08-06,41.0
7,True,53.25047801147227,True,False,True,False,0.35959099203167194,2752.0,2752.0,26318493512.5,26318.4935125,2780.0,0.9899280575539569,-0.12050254098303559,0.06740010930797724,67.82513543990989,2.464576142438586,-0.010071942446043147,-0.010071942446043147,20.275911379700116,21.23008774001225,14.27695043377781,,0,,False,False,False,False,False,False,False,False,False,9433.T,,2752.0,14.983395,2.063742,183.67,1333.5,10477327351808.0,1778567400.0,1785479400.0,1785479400.0,True,,,True,1785479400.0,2026-07-31,37.0
3,False,34.70031879801164,False,False,True,False,0.34418242714733077,214.8000030517578,214.8000030517578,15866759209.653168,15866.759209653168,237.40994262695312,0.9047641420362804,-0.14112002019680314,-0.003636761531875643,3.7579320693893434,1.7495028007442994,-0.06323593461412669,-0.06323593461412669,22.76060053620709,11.349445399507454,23.18358993427781,,2,trend_break;di_bear,True,False,False,False,False,False,True,False,False,9434.T,,214.8,19.05945,3.471347,11.27,61.878,10267711766528.0,1778481000.0,1785911400.0,1785911400.0,True,,,True,1785911400.0,2026-08-05,40.0
3,False,45.34231200897868,True,False,True,False,0.3073804551545059,36480.0,36480.0,5334709550.0,5334.70955,45303.50390625,0.8052357291279467,-0.2367036317641339,-0.11123843941143163,1139.7351840613278,3.124274079115482,-0.05148205928237126,-0.15659615934296922,16.998420816891084,24.408911070742235,29.14681488173485,,1,trend_break,True,False,False,False,False,False,False,False,False,9435.T,,36480.0,10.619655,1.3483062,3435.14,27056.17,1597523492864.0,1778653800.0,1786516200.0,1786516200.0,True,,,True,1786516200.0,2026-08-12,45.0
4,True,55.81395348837209,False,False,False,False,0.3580356666257739,3705.0,3705.0,462948475.0,462.948475,3730.0,0.9932975871313673,-0.09259259259259256,0.2357396371365641,100.17802194667009,2.703860241475576,-0.006702412868632712,-0.006702412868632712,22.602587798349724,30.31522583836311,14.173681266033283,,0,ext_dev200,False,False,False,False,False,True,False,False,False,9436.T,,3705.0,26.071354,3.448902,142.11,1074.255,341324038144.0,,1753336800.0,1753682400.0,True,,,True,1753336800.0,2025-07-24,-229.0
1,False,57.57575757575758,True,False,True,True,0.2492988004428734,581.0,581.0,20469995.0,20.469995,913.1416625976562,0.6362649124421752,-0.45121268141483406,-0.17651221354799052,15.548268570959618,2.6761219571359067,-0.02352941176470591,-0.12459685822081845,17.5578916075666,21.441670784731116,17.992839434531145,fund_low_adv20,1,trend_break,True,False,False,False,False,False,False,False,False,9438.T,,581.0,9.187223,1.6287148,63.24,356.723,32268847104.0,,1754287200.0,1754632800.0,True,,,False,1754287200.0,2025-08-04,-222.0
6,True,46.51162790697675,False,False,True,False,0.25887317758460987,242.0,242.0,2817305.0,2.817305,265.0,0.9132075471698113,-0.1668476156072115,0.050620821394460336,7.154835387590487,2.9565435485911102,-0.07279693486590033,-0.08679245283018866,19.48315000362605,20.010155412206995,25.79720740252175,"fund_neg_eps,fund_low_adv20,fund_small_mcap",0,,False,False,False,False,False,False,False,False,False,9439.T,,242.0,-95.65217391304348,5.6657224,-2.53,42.713,2793176576.0,,1747117800.0,1747117800.0,True,,,False,1747117800.0,2025-05-13,-281.0
6,True,48.01324503311258,True,False,True,True,0.545752554708415,2738.0,2738.0,9551155.0,9.551155,3180.0,0.8610062893081761,-0.14237841603826107,0.012548392027344146,49.92974683194637,1.8235846176751775,-0.04566050888811435,-0.13899371069182387,15.515779841134826,21.018127769188307,23.794541489004438,fund_low_adv20,0,,False,False,False,False,False,False,False,False,False,9441.T,,2738.0,10.405899,1.1944497,263.12,2292.269,33515069440.0,,1754451000.0,1754969400.0,True,,,False,1754451000.0,2025-08-06,-220.0
2,False,53.846153846153854,True,True,False,False,0.3005036674319019,227.0,227.0,34189560.0,34.18956,639.0,0.35524256651017216,-0.7386541471048513,-0.48228478897973615,24.2218777883253,10.67043074375564,-0.03404255319148941,-0.3914209115281502,18.796908717768392,33.701188539627296,26.236157184294168,"fund_low_adv20,fund_small_mcap",2,trend_break;natr_spike,True,False,False,False,False,False,False,False,True,9444.T,,227.0,6.072766,0.5254119,37.38,432.042,1467491200.0,,1741935600.0,1741935600.0,True,,,False,1741935600.0,2025-03-14,-323.0
2,False,18.421052631578945,False,False,True,False,0.436844958914567,526.0,526.0,1188305.0,1.188305,584.4091186523438,0.9000544023217227,-0.09994559767827726,-0.05198468672355594,7.40698662257159,1.4081723617056254,-0.06405693950177938,-0.07231040564373903,25.35570208459709,9.863757741750186,31.422670378291972,"fund_low_adv20,fund_small_mcap",3,trend_break;macd_sell_like;di_bear,True,False,True,False,False,False,True,False,False,9445.T,,526.0,8.942536,2.2363946,58.82,235.2,8813634560.0,,1747117800.0,1747117800.0,True,,,False,1747117800.0,2025-05-13,-281.0
5,True,36.470588235294116,False,False,True,True,0.43144254479522687,663.0,663.0,4639530.0,4.63953,748.0,0.8863636363636364,-0.1337044618510601,0.061035454543504564,12.918427529787062,1.9484807737235388,-0.041907514450867045,-0.11363636363636365,12.279167193369236,21.63362912429756,28.779362628446115,"fund_low_adv20,fund_small_mcap",1,macd_sell_like,False,False,True,False,False,False,False,False,False,9446.T,,663.0,6.1326427,1.0314876,108.11,642.761,5006840320.0,,1753857000.0,1754289000.0,True,,,False,1753857000.0,2025-07-30,-225.0
2,False,37.913907284768214,False,False,True,True,0.5853067421537378,3171.0,3171.0,1430495315.0,1430.495315,4069.6455078125,0.7791833450635025,-0.32731707235134744,-0.08455177225072252,105.08799813511264,3.314033369130011,-0.07766143106457246,-0.07766143106457246,16.065773224738436,19.42192330965225,24.867594824825012,,2,trend_break;macd_sell_like,True,False,True,False,False,False,False,False,False,9449.T,,3171.0,19.51865,2.7929664,162.46,1135.352,311934910464.0,1786689000.0,1786689000.0,1786689000.0,True,,,True,1786689000.0,2026-08-14,47.0
6,True,72.54901960784314,True,True,False,False,0.28923220713840786,743.0,743.0,47659990.0,47.65999,757.6536865234375,0.9806591233117636,-0.4401668359357165,0.06965958270449835,17.298821422872894,2.3282397608173477,-0.0026845637583892135,-0.0026845637583892135,22.10097737681089,27.615670863205104,12.772818662750288,"fund_low_adv20,fund_small_mcap",2,rsi_reversal;vol_distribution,False,False,False,True,False,False,False,True,False,9450.T,,743.0,11.66405,2.1657515,63.7,343.068,14950168576.0,,1754980200.0,1755498600.0,True,,,False,1754980200.0,2025-08-12,-216.0
1,False,30.0,False,True,False,True,0.46300692098248314,221.0,221.0,1711325.0,1.711325,244.7367706298828,0.9030110164124863,-0.17362374192569063,-0.053355668660504785,2.701339553040508,1.2223255896110896,-0.03493449781659386,-0.07515391053968234,12.778563539613758,16.97351929481474,26.708584014766025,"fund_low_adv20,fund_small_mcap",3,trend_break;macd_sell_like;vol_distribution,True,False,True,False,False,False,False,True,False,9466.T,,221.0,16.131388,0.8585125,13.7,257.422,2895764992.0,,1754546400.0,1754978400.0,True,,,False,1754546400.0,2025-08-07,-219.0
2,False,50.18181818181818,True,False,True,False,0.38430954476197976,1070.0,1070.0,138346840.0,138.34684,1650.1507568359375,0.6484256032773994,-0.4188409779971719,-0.2228988705015975,46.51528117982465,4.347222540170527,-0.04121863799283154,-0.1808336853437803,20.430744388036135,21.51727849944189,23.413835443065416,fund_low_adv20,2,trend_break;di_bear,True,False,False,False,False,False,True,False,False,9467.T,,1070.0,13.430401,1.9911275,79.67,537.384,31095455744.0,,1754546400.0,1754978400.0,True,,,False,1754546400.0,2025-08-07,-219.0
3,False,48.94217207334273,False,False,True,True,0.4056459033556015,3268.0,3268.0,1796162865.0,1796.162865,4033.11767578125,0.8102912591973801,-0.32878226838946345,-0.01457404228479664,114.46853328314722,3.5027090967915306,-0.0342789598108747,-0.16140620990505516,17.923418455419505,22.07369460812069,18.441934376595146,,2,trend_break;cross_sma25_down,True,True,False,False,False,False,False,False,False,9468.T,,3268.0,380.44238,1.9363906,8.59,1687.676,480307380224.0,1778740200.0,1785997800.0,1785997800.0,True,,,True,1785997800.0,2026-08-06,41.0
5,False,46.308724832214764,True,False,True,False,0.4927162833133278,968.0,968.0,136034865.0,136.034865,1140.568603515625,0.848699496914338,-0.18812424158814356,-0.06073213685929213,18.576330580085134,1.9190424152980512,-0.029087261785356033,-0.06563706563706562,22.44198510492245,22.421246135218865,23.041725141083447,fund_low_adv20,2,trend_break;di_bear,True,False,False,False,False,False,True,False,False,9470.T,,968.0,12.430974,0.75414014,77.87,1283.581,40292700160.0,,1754546400.0,1754978400.0,True,,,False,1754546400.0,2025-08-07,-219.0
2,False,39.34426229508197,True,False,True,True,0.3402201351390268,857.0,857.0,181257335.0,181.257335,1119.2724609375,0.7656759456783014,-0.2727690751772206,-0.13730958391506065,15.391524749535483,1.7959772169819699,-0.044593088071348985,-0.14556331006979062,25.972450339646706,22.583379908538866,29.712139630111345,fund_low_adv20,2,trend_break;di_bear,True,False,False,False,False,False,True,False,False,9474.T,,857.0,16.70891,0.93570393,51.29,915.888,45752283136.0,,1753686000.0,1754031600.0,True,,,False,1753686000.0,2025-07-28,-227.0
5,True,57.57575757575758,True,False,True,True,0.5457757812552234,483.0,483.0,2417285.0,2.417285,576.91259765625,0.8372152072293501,-0.20785227804593587,0.02878883697695067,9.83163905666864,2.0355360365773585,0.0,-0.16278479277064994,15.111726759910988,26.623731998608967,15.521127780865859,"fund_low_adv20,fund_small_mcap",0,,False,False,False,False,False,False,False,False,False,9475.T,,483.0,7.225131,0.6092277,66.85,792.807,8704418816.0,,1754283600.0,1754629200.0,True,,,False,1754283600.0,2025-08-04,-222.0
5,True,40.65420560747664,False,False,True,False,0.2901653835000388,1000.0,1000.0,1153145.0,1.153145,1040.0,0.9615384615384616,-0.1960326721120187,0.17878953482766957,21.005963637250293,2.100596363725029,-0.038461538461538436,-0.038461538461538436,18.355200573902156,22.22772291631262,30.1261264164131,"fund_low_adv20,fund_small_mcap",0,,False,False,False,False,False,False,False,False,False,9476.T,,1000.0,12.233912,0.8727466,81.74,1145.808,3872376064.0,,1754280000.0,1754625600.0,True,,,False,1754280000.0,2025-08-04,-222.0
4,True,50.29585798816568,False,False,True,True,0.23531702853547942,514.0,514.0,11744590.0,11.74459,546.0,0.9413919413919414,-0.1206896002782929,0.2022448478164618,20.660560668184807,4.019564332331674,-0.05860805860805862,-0.05860805860805862,11.321024881749578,19.35083396733353,19.67803398724508,"fund_low_adv20,fund_small_mcap",1,cross_sma25_down;ext_dev200,False,True,False,False,False,True,False,False,False,9478.T,,514.0,12.888665,0.69966716,39.88,734.635,7814350848.0,,1746685800.0,1746685800.0,True,,,False,1746685800.0,2025-05-08,-284.0
1,False,35.62340690295139,False,False,True,True,0.4729437227133365,512.2000122070312,512.2000122070312,20662409853.26172,20662.409853261717,934.0999755859375,0.5483353234066204,-0.6309747710079323,-0.24771500116269607,25.27366898569644,4.934335881171518,-0.1589490768357451,-0.2820297243082982,21.68837966127256,13.410544316341488,29.836665625912325,fund_neg_eps,4,trend_break;macd_sell_like;trailing_stop;di_bear,True,False,True,False,True,False,True,False,False,9501.T,,512.2,-1.8064470621429076,0.2421801,-283.54,2114.955,820904001536.0,1777530600.0,1785393000.0,1785393000.0,True,,,False,1785393000.0,2026-07-30,36.0
5,True,52.788104089219324,False,False,True,False,0.22529366740567094,2755.0,2755.0,9847316120.0,9847.31612,2985.5,0.9227935019259755,-0.20157480883076218,0.16619708505599884,87.6028217522046,3.179775744181655,-0.07720649807402447,-0.07720649807402447,14.652781419521652,24.359326253865856,28.483512634490555,,0,,False,False,False,False,False,False,False,False,False,9502.T,,2755.0,9.134009,0.66314197,301.62,4154.465,2081109180416.0,1777357800.0,1785306600.0,1785306600.0,True,,,True,1785306600.0,2026-07-29,35.0
3,False,51.75000000000001,False,False,True,True,0.47957561387131686,2318.5,2318.5,9946047045.0,9946.047045,2775.51025390625,0.835341896769052,-0.4391470711205552,-0.025548768352420037,59.782575746853325,2.578502296607864,-0.01654294803817602,-0.14509587020648973,26.140977879486123,15.537852518360983,22.930357213468096,,2,trend_break;di_bear,True,False,False,False,False,False,True,False,False,9503.T,,2318.5,6.7943387,0.7475582,341.24,3101.431,2582956212224.0,1777530600.0,1785393000.0,1785393000.0,True,,,True,1785393000.0,2026-07-30,36.0
3,False,47.15287432013853,True,False,True,True,0.48293495184251634,883.9000244140625,883.9000244140625,1311763396.9351196,1311.7633969351195,1106.2591552734375,0.7989990593077498,-0.3845007382695319,-0.05437116217202875,19.59919143525632,2.217353874183749,-0.029001388259834227,-0.1401750735271765,31.516828839686195,18.401277068313924,27.861151939068566,,2,trend_break;di_bear,True,False,False,False,False,False,True,False,False,9504.T,,883.9,4.6381907,0.40892503,190.57,2161.521,317838884864.0,1777357800.0,1777357800.0,1777357800.0,True,,,True,1777357800.0,2026-04-28,-31.0
3,False,45.686506810837265,True,False,True,True,0.5204471044484771,857.7999877929688,857.7999877929688,823437607.7636719,823.4376077636718,1119.1273193359375,0.7664900793432208,-0.40009502211419745,-0.09270711968764456,25.358297813228944,2.9562016990083246,-0.06261609586021422,-0.23350992065677922,36.134498491794176,21.9347087575492,32.2926369651274,,2,trend_break;di_bear,True,False,False,False,False,False,True,False,False,9505.T,,857.8,3.2901196,0.3990001,260.72,2149.874,179200606208.0,1777357800.0,1777357800.0,1777357800.0,True,,,True,1777357800.0,2026-04-28,-31.0
2,False,46.72965058253987,True,False,True,True,0.3729190691108687,1015.5,1015.5,2718684901.2887573,2718.6849012887574,1300.1937255859375,0.781037456200891,-0.37098761093193455,-0.08468397474372291,22.989186872444105,2.263829332589277,-0.03515439429928746,-0.15375000000000005,21.689379838104717,20.195956446595194,20.875073650584806,,2,trend_break;di_bear,True,False,False,False,False,False,True,False,False,9506.T,,1015.5,5.979509,0.45716533,169.83,2221.297,508070395904.0,1777530600.0,1785393000.0,1785393000.0,True,,,True,1785393000.0,2026-07-30,36.0
3,False,41.235059760956176,True,True,False,True,0.45228614189828187,1470.0,1470.0,772916425.0,772.916425,1841.0,0.7984790874524715,-0.23818576860401952,-0.028220983179802372,39.06243943420735,2.657308805048119,-0.04885150436751862,-0.20152091254752846,37.37947994528163,25.477733528844144,31.400454518334097,,2,trend_break;di_bear,True,False,False,False,False,False,True,False,False,9507.T,,1470.0,5.9456396,0.63308716,247.24,2321.955,301999259648.0,1777530600.0,1785393000.0,1785393000.0,True,,,True,1785393000.0,2026-07-30,36.0
4,False,41.497975708502025,True,False,True,True,0.40052381146414306,1649.0,1649.0,2354870175.0,2354.870175,1986.6951904296875,0.8300216399292486,-0.3453650922619974,-0.003459855554953317,41.516351803836,2.5176683931980595,-0.08133704735376046,-0.13710099424385136,18.33258023956399,23.70056028760203,26.22743584462816,,2,trend_break;trailing_stop,True,False,False,False,True,False,False,False,False,9508.T,,1649.0,5.2399106,0.65360254,314.7,2522.94,779619074048.0,1777530600.0,1785393000.0,1785393000.0,True,,,True,1785393000.0,2026-07-30,36.0
3,False,43.684767830497975,True,False,True,True,0.5524326686044463,923.9000244140625,923.9000244140625,2671592335.093689,2671.592335093689,1238.66357421875,0.7458845514180755,-0.5887063348746814,-0.13415321571219463,27.659223446519395,2.993746370345739,-0.07508258901484532,-0.18238935892560837,29.379103245360504,15.35929523306303,19.893878197072677,,2,trend_break;di_bear,True,False,False,False,False,False,True,False,False,9509.T,,923.9,4.5081487,0.4151977,204.94,2225.205,189727096832.0,1777357800.0,1777357800.0,1777357800.0,True,,,True,1777357800.0,2026-04-28,-31.0
2,False,41.81818181818182,True,False,True,True,0.517239435809713,910.0,910.0,210167050.0,210.16705,1187.1214599609375,0.7665601462801824,-0.24776020810087596,-0.11719310917158432,18.979122909617182,2.085617902155734,-0.05208333333333337,-0.15506035283194053,36.32450538583023,16.346118262389066,28.601008170893067,,2,trend_break;di_bear,True,False,False,False,False,False,True,False,False,9511.T,,910.0,7.926139,0.37903923,114.81,2400.807,49427013632.0,,1753768800.0,1754287200.0,True,,,True,1753768800.0,2025-07-29,-226.0
4,True,24.55357142857143,False,False,True,True,0.29369334601300223,3936.0,3936.0,3523761700.0,3523.7617,4450.0,0.8844943820224719,-0.1532584269662921,0.1768268095936396,116.5599824319183,2.961381667477599,-0.10382513661202186,-0.11550561797752812,18.312955390841235,17.528745615580387,24.381845284075908,,1,trailing_stop,False,False,False,False,True,False,False,False,False,9513.T,,3936.0,12.085854,0.49291065,325.67,7985.22,692768604160.0,1778567400.0,1785393000.0,1785393000.0,True,,,True,1785393000.0,2026-07-30,36.0
1,False,13.333333333333329,False,False,True,True,0.49229553349634714,338.0,338.0,68562140.0,68.56214,452.0,0.7477876106194691,-0.27876106194690264,-0.10881430115748669,13.721995939209734,4.059762112192229,-0.21939953810623558,-0.21939953810623558,24.73281170121806,14.405297475543069,28.367535066442073,"fund_low_adv20,fund_small_mcap",3,trend_break;trailing_stop;di_bear,True,False,False,False,True,False,True,False,False,9514.T,,338.0,12.42647,0.34513885,27.2,979.316,7150587392.0,,1754461800.0,1754980200.0,True,,,False,1754461800.0,2025-08-06,-220.0
3,True,16.425120772946855,False,False,True,True,0.599625663363308,746.0,746.0,309864745.0,309.864745,1072.0,0.6958955223880597,-0.30410447761194026,0.005313234894569918,41.11735584040887,5.5117098981781325,-0.22854188210961734,-0.30410447761194026,24.74138096178459,18.21001333292067,31.186145520979103,,2,trailing_stop;di_bear,False,False,False,False,True,False,True,False,False,9517.T,,746.0,10.912814,0.82695746,68.36,902.102,58207903744.0,1778567400.0,1786084200.0,1786084200.0,True,,,True,1786084200.0,2026-08-07,42.0
3,True,17.647058823529406,False,False,True,False,0.5489555953480905,920.0,920.0,1945727150.0,1945.72715,1375.0,0.6690909090909091,-0.42307692307692313,0.06786143337183059,81.53785738116602,8.86281058490935,-0.33090909090909093,-0.33090909090909093,30.180637716714017,16.523622174954006,34.27317211378685,,3,trailing_stop;di_bear;natr_spike,False,False,False,False,True,False,True,False,True,9519.T,,920.0,25.171,0.67692107,36.55,1359.095,83163398144.0,1778653800.0,1785997800.0,1785997800.0,True,,,True,1785997800.0,2026-08-06,41.0
3,False,34.9097162510748,True,False,True,True,0.5480266779621084,6305.0,6305.0,9021534290.0,9021.53429,7800.1953125,0.8083130931216667,-0.2083531562210481,-0.0070939299535273115,203.15276459666052,3.222089842928795,-0.06203510859863137,-0.1808496816941666,34.802019083306575,13.584702229678264,26.71110486422811,,2,trend_break;di_bear,True,False,False,False,False,False,True,False,False,9531.T,,6305.0,9.632131,1.222912,654.58,5155.727,2102207184896.0,1777357800.0,1785306600.0,1785306600.0,True,,,True,1785306600.0,2026-07-29,35.0
6,True,41.39110604332953,True,False,True,True,0.5553096076686354,5517.0,5517.0,6683605440.0,6683.60544,6674.45654296875,0.8265841517556841,-0.19993486126964777,0.03388131717516685,153.41889608955054,2.7808391533360624,-0.049776093696176416,-0.15770992366412218,26.256357156368065,16.428843437112466,23.065916553377022,,1,di_bear,False,False,False,False,False,False,True,False,False,9532.T,,5517.0,14.11214,1.1725838,390.94,4704.994,2111683559424.0,1778221800.0,1785393000.0,1785393000.0,True,,,True,1785393000.0,2026-07-30,36.0
7,True,39.86636971046771,True,False,True,True,0.3338282074061574,1253.0,1253.0,856730265.0,856.730265,1403.1419677734375,0.8929958826534931,-0.17369813613229723,0.03737539195801243,31.76635555308626,2.535223906870412,-0.035040431266846306,-0.07493540051679581,14.629832461928384,21.78752145104505,24.094836761890488,,0,,False,False,False,False,False,False,False,False,False,9533.T,,1253.0,14.952267,0.9550501,83.8,1311.973,453347934208.0,1777530600.0,1785306600.0,1785306600.0,True,,,True,1785306600.0,2026-07-29,35.0
4,False,38.059701492537314,True,False,True,True,0.46494421753050624,750.0,750.0,135649430.0,135.64943,921.0,0.8143322475570033,-0.23792833093426313,-0.02111767151998678,23.034049267899647,3.0712065690532864,-0.05660377358490565,-0.18566775244299671,26.5882784645048,20.35676119181345,28.04957133711243,fund_low_adv20,2,trend_break;di_bear,True,False,False,False,False,False,True,False,False,9534.T,,750.0,5.7656827,0.6796248,130.08,1103.55,66203455488.0,,1753768800.0,1754287200.0,True,,,False,1753768800.0,2025-07-29,-226.0
6,True,41.269841269841265,False,False,True,True,0.32880567647830256,392.0,392.0,47963525.0,47.963525,419.0,0.9355608591885441,-0.11788506224871487,0.04193253270240049,8.412501321809792,2.1460462555637223,-0.0531400966183575,-0.06443914081145585,14.088435373811134,21.643400769700214,24.633540030184573,"fund_low_adv20,fund_small_mcap",0,,False,False,False,False,False,False,False,False,False,9535.T,,392.0,12.80209,0.37681764,30.62,1040.291,26944346112.0,,1754373600.0,1754978400.0,True,,,False,1754373600.0,2025-08-05,-221.0
5,True,55.223880597014926,True,False,True,True,0.5840380203322321,2229.0,2229.0,157619035.0,157.619035,2621.0,0.850438763830599,-0.1781762685997711,0.03229085891102157,41.87741501437486,1.8787534775403705,-0.014153029632905767,-0.14956123616940098,36.284005553761936,20.227746124109608,24.976484501757295,fund_low_adv20,1,di_bear,False,False,False,False,False,False,True,False,False,9536.T,,2229.0,11.355648,0.69614464,196.29,3201.921,80225107968.0,,1753774200.0,1754292600.0,True,,,False,1753774200.0,2025-07-29,-226.0
3,True,23.07692307692308,False,False,True,True,0.4135895010825474,4200.0,4200.0,6158050.0,6.15805,5571.7119140625,0.753807817916712,-0.24619218208328797,0.0342038880164508,100.734520868866,2.398440973068238,-0.15662650602409633,-0.24619218208328797,35.99462839568647,16.96572224303726,44.732345877642004,"fund_low_adv20,fund_small_mcap",2,trailing_stop;di_bear,False,False,False,False,True,False,True,False,False,9537.T,,4200.0,6.1533957,0.3658005,682.55,11481.668,19594688512.0,,1747285200.0,1747285200.0,True,,,False,1747285200.0,2025-05-15,-279.0
5,True,52.17391304347826,False,False,True,True,0.30967608897627197,1376.0,1376.0,4047420.0,4.04742,1415.0,0.9724381625441696,-0.15446513469799372,0.11172953574702027,33.33443659224096,2.4225607988547213,-0.027561837455830407,-0.027561837455830407,10.948003447445672,19.65915563938668,23.094386617837497,fund_low_adv20,1,cross_sma25_down,False,True,False,False,False,False,False,False,False,9539.T,,1376.0,13.776532,0.40819076,99.88,3370.973,44244205568.0,,1754287200.0,1754632800.0,True,,,False,1754287200.0,2025-08-04,-222.0
5,True,38.495575221238944,True,False,True,True,0.619050612052785,1267.0,1267.0,192261275.0,192.261275,1615.0,0.7845201238390093,-0.26068111455108356,0.0037183346736140432,31.476486445444753,2.484332000429736,-0.06217616580310881,-0.1852090032154341,50.207995184071635,19.812845666612088,33.53174205874369,fund_low_adv20,1,di_bear,False,False,False,False,False,False,True,False,False,9543.T,,1267.0,9.504164,0.6940557,133.31,1825.502,95472214016.0,,1754461800.0,1754461800.0,True,,,False,1754461800.0,2025-08-06,-220.0
2,False,43.54838709677419,False,False,True,True,0.4752495645188065,3150.0,3150.0,465936550.0,465.93655,4158.416015625,0.7574999682965973,-0.24250003170340273,-0.05370376568231927,115.96794943628309,3.6815222043264475,-0.11392405063291144,-0.1594451571906742,20.853958058061323,21.621746731194598,35.60090765518721,,4,trend_break;macd_sell_like;trailing_stop;di_bear,True,False,True,False,True,False,True,False,False,9551.T,,3150.0,15.075377,1.5363793,208.95,2050.275,137719529472.0,,1753250400.0,1753682400.0,True,,,True,1753250400.0,2025-07-23,-230.0
2,False,66.66666666666666,False,False,True,False,0.5318333323676478,1127.0,1127.0,884406715.0,884.406715,1427.3314208984375,0.7895853643371817,-0.7182447821241852,0.09044383418140223,74.85457363841351,6.64193199985923,-0.04572396274343782,-0.04572396274343782,42.91606553474149,31.26463041823297,10.053101808059624,,1,trend_break,True,False,False,False,False,False,False,False,False,9552.T,,1127.0,19.953966,9.007065,56.48,125.124,59413872640.0,,1745994600.0,1745994600.0,True,,,True,1745994600.0,2025-04-30,-290.0
2,False,35.41666666666667,False,False,True,False,0.49280955965674733,540.0,540.0,189605615.0,189.605615,921.0,0.5863192182410424,-0.4136807817589576,-0.161972158852833,35.88047395018977,6.644532212998105,-0.2847682119205298,-0.3932584269662921,32.749702181040206,14.896440137284205,32.76623219959196,"fund_low_adv20,fund_small_mcap",3,trend_break;trailing_stop;di_bear,True,False,False,False,True,False,True,False,False,9553.T,,540.0,19.933556,3.7255254,27.09,144.946,14871470080.0,,1747290600.0,1747290600.0,True,,,False,1747290600.0,2025-05-15,-279.0
2,False,36.915077989601386,False,False,True,False,0.47967832146961853,1589.0,1589.0,106764270.0,106.76427,2360.0,0.6733050847457627,-0.4957627118644068,-0.12261085389455317,78.43763346272685,4.936289078837436,-0.11722222222222223,-0.11722222222222223,17.808108961952755,25.654278464537356,20.483803886168744,"fund_low_adv20,fund_small_mcap",2,trend_break;trailing_stop,True,False,False,False,True,False,False,False,False,9554.T,,1589.0,16.541744,3.778556,96.06,420.531,10106381312.0,,1747290600.0,1747290600.0,True,,,False,1747290600.0,2025-05-15,-279.0
1,False,53.59848484848485,False,False,True,True,0.5891327711172576,1731.0,1731.0,108738945.0,108.738945,4730.0,0.3659619450317125,-0.6422832980972516,-0.46827137512210404,76.18359664485521,4.401132099645015,-0.06835306781485473,-0.33678160919540234,20.164185936865007,16.92114163348702,25.56549046649729,"fund_low_adv20,fund_small_mcap",2,trend_break;di_bear,True,False,False,False,False,False,True,False,False,9556.T,,1731.0,29.974026,2.45755,57.75,704.36,16296007680.0,,1749812340.0,1749812340.0,True,,,False,1749812340.0,2025-06-13,-258.0
1,False,29.33333333333333,True,False,True,False,0.32080834719221374,160.0,160.0,11797375.0,11.797375,500.0,0.32,-0.702,-0.4352376414111999,8.718289143813623,5.448930714883514,-0.3133047210300429,-0.36,34.403104926538454,19.53389676939358,35.17791897727862,"fund_neg_eps,fund_low_adv20,fund_small_mcap",3,trend_break;trailing_stop;di_bear,True,False,False,False,True,False,True,False,False,9557.T,,160.0,-3.946719289590528,4.5392647,-40.54,35.248,1325472000.0,,1747290600.0,1747290600.0,True,,,False,1747290600.0,2025-05-15,-279.0
1,False,23.86311943178552,False,False,True,False,0.41549789848694263,1920.0,1920.0,26942550.0,26.94255,2366.813720703125,0.8112172002406733,-0.19723297892850034,-0.1063828519058565,35.65381391993294,1.856969474996507,-0.08690777249742043,-0.11164167450989781,38.05279365978681,15.580967170047987,35.60454585556746,"fund_low_adv20,fund_small_mcap",3,trend_break;trailing_stop;di_bear,True,False,False,False,True,False,True,False,False,9558.T,,1920.0,10.028204,2.2703784,191.46,845.674,7611069952.0,,1744007400.0,1744007400.0,True,,,False,1744007400.0,2025-04-07,-307.0
2,False,43.70860927152317,True,False,True,True,0.32159316480053474,700.0,700.0,29015715.0,29.015715,1271.293212890625,0.5506204177778649,-0.47455080132055183,-0.22127010589067764,20.96000363288944,2.99428623326992,-0.026425591098748313,-0.21082299887260425,25.6418409373589,23.937299202447683,24.85387111150219,"fund_low_adv20,fund_small_mcap",2,trend_break;di_bear,True,False,False,False,False,False,True,False,False,9560.T,,700.0,11.185682,3.3969204,62.58,206.069,8752534528.0,,1744180200.0,1744180200.0,True,,,False,1744180200.0,2025-04-09,-305.0
1,False,41.5929203539823,False,False,True,True,0.3923098635549836,419.0,419.0,5724985.0,5.724985,901.0,0.46503884572697,-0.6880952380952381,-0.14031002185130848,16.619592729929092,3.966489911677588,-0.0770925110132159,-0.14489795918367343,13.122294815037584,23.302081174982717,21.99227128460634,"fund_neg_eps,fund_low_adv20,fund_small_mcap",2,trend_break;cross_sma25_down,True,True,False,False,False,False,False,False,False,9561.T,,419.0,-111.73333333333333,4.6619267,-3.75,89.877,3534896896.0,,1747290600.0,1747290600.0,True,,,False,1747290600.0,2025-05-15,-279.0
1,False,29.71014492753622,True,False,True,False,0.47346133980300575,504.0,504.0,6689830.0,6.68983,908.0,0.5550660792951542,-0.46365638766519823,-0.33127637461407167,26.862428372218133,5.329846899249629,-0.20253164556962022,-0.3377135348226018,30.356416793910597,15.452294833532523,27.720552855132436,"fund_low_adv20,fund_small_mcap",3,trend_break;trailing_stop;di_bear,True,False,False,False,True,False,True,False,False,9562.T,,504.0,66.31579,2.217129,7.6,227.321,2137754752.0,,1746788340.0,1746788340.0,True,,,False,1746788340.0,2025-05-09,-283.0
2,False,42.10526315789474,False,False,True,False,0.3206242279094174,281.0,281.0,3594460.0,3.59446,339.0,0.8289085545722714,-0.3729166666666667,-0.05563677303355685,7.897338386996083,2.8104407071160438,-0.11635220125786161,-0.11635220125786161,28.507143287744285,20.45988109823193,24.292324807472752,"fund_low_adv20,fund_small_mcap",4,trend_break;macd_sell_like;trailing_stop;di_bear,True,False,True,False,True,False,True,False,False,9563.T,,281.0,93.04636,1.2259607,3.02,229.208,2087808384.0,,1747204200.0,1747204200.0,True,,,False,1747204200.0,2025-05-14,-280.0
2,False,42.45283018867925,True,False,True,True,0.4407029068490151,452.0,452.0,38840360.0,38.84036,930.2354125976562,0.48589850899978393,-0.5356014250267551,-0.28693279157400187,16.822976902595524,3.7218975448220184,-0.06029106029106024,-0.17818181818181822,29.93720641404582,15.367080212770395,23.827949260332364,"fund_low_adv20,fund_small_mcap",2,trend_break;di_bear,True,False,False,False,False,False,True,False,False,9564.T,,452.0,14.267676,2.3654146,31.68,191.087,9977326592.0,,1747191600.0,1747191600.0,True,,,False,1747191600.0,2025-05-14,-280.0
1,False,44.73684210526316,False,True,False,True,0.23758455207263618,650.0,650.0,2293205.0,2.293205,1139.0,0.5706760316066726,-0.5930479016532428,-0.19325311373269372,14.760426291491795,2.270834814075661,-0.07539118065433859,-0.2063492063492064,17.17442817695309,15.78107697339396,33.60116802793295,"fund_low_adv20,fund_small_mcap",3,trend_break;macd_sell_like;vol_distribution,True,False,True,False,False,False,False,True,False,9565.T,,650.0,464.28574,3.5240474,1.4,184.447,1804316800.0,,1749812340.0,1749812340.0,True,,,False,1749812340.0,2025-06-13,-258.0
1,False,58.73015873015873,True,False,True,True,0.20513610204239804,10550.0,10550.0,419372000.0,419.372,15247.3779296875,0.6919222471332962,-0.3428378278411728,-0.11423371385310033,260.18802703803897,2.466237223109374,-0.02405180388529138,-0.13595413595413597,14.717880684706548,24.011812931533623,18.57797977374013,,1,trend_break,True,False,False,False,False,False,False,False,False,9601.T,,10550.0,27.656172,1.3399861,381.47,7873.216,144995876864.0,1784010600.0,1784010600.0,1784010600.0,True,,,True,1784010600.0,2026-07-14,24.0
2,False,61.46926536731634,True,False,True,False,0.5123638883741134,1318.5,1318.5,5645944902.5,5645.9449025,2001.368896484375,0.658799086123548,-0.40091004606588243,-0.20123843350219028,46.769785463868374,3.547196470524715,0.0,-0.23653734800231618,38.991554253886825,20.218657452265372,19.07625761091515,,1,trend_break,True,False,False,False,False,False,False,False,False,9602.T,,1318.5,21.537079,2.1473732,61.22,614.006,1096795881472.0,1784097000.0,1784097000.0,1784097000.0,True,,,True,1784097000.0,2026-07-15,25.0
1,False,68.0672268907563,True,False,True,True,0.45094851748763787,1084.0,1084.0,685304560.0,685.30456,1605.6865234375,0.6751006402416218,-0.40981468889869355,-0.13455033813449557,24.779109935155347,2.2858957504755852,0.0,-0.04324801412180057,17.216945630385514,22.276913451286116,16.693102095243464,earnings_blackout,1,trend_break,True,False,False,False,False,False,False,False,False,9603.T,,1084.0,17.222752,1.3432716,62.94,806.985,81015357440.0,1781245800.0,1781245800.0,1781245800.0,True,,,True,1781245800.0,2026-06-12,2.0
6,True,50.0,False,False,True,False,0.189229255727456,5620.0,5620.0,836775200.0,836.7752,6000.0,0.9366666666666666,-0.2651435049769717,0.009943967359692163,177.98185179284098,3.1669368646412988,-0.058626465661641536,-0.06333333333333335,12.830642590409811,16.076402116233997,23.444111065751912,,0,,False,False,False,False,False,False,False,False,False,9605.T,,5620.0,15.011485,1.2064329,374.38,4658.361,351176556544.0,1778826600.0,1786084200.0,1786084200.0,True,,,True,1786084200.0,2026-08-07,42.0
0,False,18.181818181818187,False,False,False,True,0.4612530542393619,93.0,93.0,47411840.0,47.41184,303.0,0.3069306930693069,-0.693069306930693,-0.4715308557790657,10.56061408223442,11.35549901315529,-0.39610389610389607,-0.5255102040816326,18.431875368127553,19.278613395533377,33.56885312297104,"fund_neg_eps,fund_low_adv20,fund_small_mcap",3,trend_break;macd_sell_like;trailing_stop,True,False,True,False,True,False,False,False,False,9610.T,,93.0,-6.489881367759944,1.3204975,-14.33,70.428,1037412032.0,,1747288800.0,1747288800.0,True,,,False,1747288800.0,2025-05-15,-279.0
1,False,33.5593220338983,False,False,True,True,0.5176972031377484,1223.0,1223.0,61453310.0,61.45331,1941.0,0.6300875837197321,-0.5753247087086214,-0.18760418165281278,46.06797484082539,3.766800886412543,-0.11183732752360198,-0.2698507462686567,34.85931438906165,13.031716777062124,33.8773330078405,"fund_low_adv20,fund_small_mcap",3,trend_break;trailing_stop;di_bear,True,False,False,False,True,False,True,False,False,9612.T,,1223.0,6.0553546,1.052744,201.97,1161.726,13900433408.0,,1754980200.0,1755498600.0,True,,,False,1754980200.0,2025-08-12,-216.0
1,False,63.10947562097516,True,False,True,False,0.29699375578995535,2651.5,2651.5,2237376590.0,2237.37659,3715.81494140625,0.713571596489824,-0.36595335420327146,-0.05444840981507604,68.61540935759282,2.5877959403203024,0.0,0.0,14.526378017067355,24.078758599552604,16.3892183128998,,1,trend_break,True,False,False,False,False,False,False,False,False,9616.T,,2651.5,12.889504,1.649744,205.71,1607.219,241072029696.0,1778826600.0,1786084200.0,1786084200.0,True,,,True,1786084200.0,2026-08-07,42.0
6,True,63.55140186915888,True,False,True,True,0.4624605979104647,2170.0,2170.0,69380315.0,69.380315,2188.65673828125,0.9914757129544667,-0.20320301723096557,0.07036734345208195,30.98625608080656,1.4279380682399336,0.0,-0.0064102564102563875,18.85559349565701,21.986528940690476,22.617070963993047,fund_low_adv20,0,,False,False,False,False,False,False,False,False,False,9619.T,,2170.0,7.1669197,0.7182163,302.78,3021.374,51379757056.0,,1754460000.0,1754978400.0,True,,,False,1754460000.0,2025-08-06,-220.0
2,False,39.89361702127659,True,False,True,True,0.4265020957494229,2626.0,2626.0,182986380.0,182.98638,3570.0,0.7355742296918768,-0.27142857142857146,-0.10604801594245583,65.11735770143571,2.4797165918292348,-0.06281227694503921,-0.171608832807571,32.19979110367023,15.82038515837168,29.050346162826614,fund_low_adv20,2,trend_break;di_bear,True,False,False,False,False,False,True,False,False,9621.T,,2626.0,12.247562,1.0562333,214.41,2486.193,71704231936.0,,1754978400.0,1755496800.0,True,,,False,1754978400.0,2025-08-12,-216.0
4,False,39.310344827586206,True,False,True,True,0.5104201935860049,1399.0,1399.0,84296880.0,84.29688,1706.0,0.8200468933177022,-0.18581477139507618,-0.04362918576004171,29.502216520698486,2.108807471100678,-0.07166556071665564,-0.11790668348045397,21.331110253368426,16.10517369919193,25.558514471091488,fund_low_adv20,2,trend_break;di_bear,True,False,False,False,False,False,True,False,False,9622.T,,1399.0,9.099187,0.981461,153.75,1425.426,34321311744.0,,1754373600.0,1754978400.0,True,,,False,1754373600.0,2025-08-05,-221.0
6,True,48.275862068965516,False,False,True,True,0.3178891989699996,1075.0,1075.0,10445175.0,10.445175,1100.47265625,0.9768529857554105,-0.1292576798463948,0.018482220979790576,8.447877365042034,0.7858490572132124,-0.011039558417663242,-0.021838034576888044,13.753049689578718,17.3738911062467,24.06850537767027,"fund_low_adv20,fund_small_mcap",1,macd_sell_like,False,False,True,False,False,False,False,False,False,9625.T,,1075.0,7.6780233,0.6027846,140.01,1783.39,5892904960.0,,1747206000.0,1747206000.0,True,,,False,1747206000.0,2025-05-14,-280.0
2,False,61.567516525023606,True,False,True,False,0.4332452253512832,6017.0,6017.0,608945655.0,608.945655,7048.474609375,0.8536598815291097,-0.2468619235267826,-0.027682167880205055,153.17147425651203,2.545645242754064,0.0,-0.029224153150270937,18.305166197386963,30.612579675768963,15.793775456234274,earnings_blackout,1,trend_break;before_earnings,True,False,False,False,False,False,False,False,False,9627.T,,6017.0,20.02063,1.4020069,300.54,4291.705,211304529920.0,1781159400.0,1781159400.0,1781159400.0,True,,,True,1781159400.0,2026-06-11,1.0
3,False,48.30188679245283,True,False,True,False,0.3731813364738656,1346.0,1346.0,64262865.0,64.262865,1612.7117919921875,0.8346190600722788,-0.2079027592593784,-0.05515066414581893,32.098898441864485,2.3847621427833943,-0.035816618911174825,-0.06915629322268324,33.698450150051954,17.788809948234245,28.91633811271559,fund_low_adv20,2,trend_break;di_bear,True,False,False,False,False,False,True,False,False,9628.T,,1346.0,6.3094735,0.67927724,213.33,1981.518,32104398848.0,,1754463600.0,1754982000.0,True,,,False,1754463600.0,2025-08-06,-220.0
1,False,65.3061224489796,False,False,True,False,0.5322267267933045,1296.0,1296.0,104696975.0,104.696975,1935.302734375,0.6696626718809133,-0.3980269963416173,-0.24191823613635877,41.052037681001536,3.167595500077279,-0.013698630136986356,-0.24805295966703877,32.55714162710689,24.765082700246637,22.880526948642103,"fund_low_adv20,fund_small_mcap",1,trend_break,True,False,False,False,False,False,False,False,False,9629.T,,1296.0,11.086398,1.3677523,116.9,947.54,25987303424.0,,1753164000.0,1753682400.0,True,,,False,1753164000.0,2025-07-22,-231.0
5,True,66.875,True,False,True,True,0.5184071384995081,3810.0,3810.0,52833500.0,52.8335,3835.0,0.9934810951760105,-0.25552479973219633,0.11507637356168465,91.4025581852137,2.3990172752024597,0.0,-0.006518904823989535,12.296563388792677,27.06906347804996,14.727367957184576,fund_low_adv20,0,,False,False,False,False,False,False,False,False,False,9632.T,,3810.0,20.294024,1.3310555,187.74,2862.39,49166532608.0,,1749538800.0,1749538800.0,True,,,False,1749538800.0,2025-06-10,-261.0
4,True,61.34453781512605,False,False,True,False,0.595122895814883,1650.0,1650.0,9640040.0,9.64004,1694.0,0.974025974025974,-0.08500590318772139,0.10871432678556525,30.722880639557182,1.8619927660337685,-0.013157894736842146,-0.025974025974025983,15.925438813786656,25.068911116542758,16.986560204967702,"fund_low_adv20,fund_small_mcap",0,,False,False,False,False,False,False,False,False,False,9633.T,,1650.0,13.532354,0.6673885,121.93,2472.323,11177424896.0,,1754546400.0,1754892000.0,True,,,False,1754546400.0,2025-08-07,-219.0
5,True,30.337078651685403,False,False,True,True,0.5499245749180653,2500.0,2500.0,227800.0,0.2278,2654.0,0.9419743782969103,-0.1352,0.04546956219916609,13.195007593020101,0.527800303720804,-0.03288201160541582,-0.05802562170308967,11.135725367950474,37.93136637794458,44.46738102030851,"fund_low_adv20,fund_small_mcap",1,macd_sell_like,False,False,True,False,False,False,False,False,False,9635.T,,2500.0,7.2592115,0.6577497,344.39,3800.838,2615197440.0,,1747206000.0,1747206000.0,True,,,False,1747206000.0,2025-05-14,-280.0
6,True,50.0,False,False,True,True,0.36836725146503807,4180.0,4180.0,1944900.0,1.9449,4230.0,0.9881796690307328,-0.04255319148936165,0.01670702762571774,13.017231085669996,0.31141701161889945,-0.0023866348448687846,-0.0035756853396901045,20.406914707048582,16.682721635396693,27.95001208547749,"fund_low_adv20,fund_small_mcap",1,di_bear,False,False,False,False,False,False,True,False,False,9636.T,,4180.0,58.071682,6.139727,71.98,680.812,11653697536.0,,1749466740.0,1749466740.0,True,,,False,1749466740.0,2025-06-09,-262.0
6,True,45.26315789473685,False,True,False,True,0.4448759246575606,2141.0,2141.0,13839250.0,13.83925,2230.25634765625,0.9599793325327609,-0.09321790466791013,0.032142540442946954,29.034604123941516,1.3561234994834899,-0.02858439201451901,-0.03818508535489673,15.15529589486206,29.68383854055888,18.341338665285466,fund_low_adv20,0,,False,False,False,False,False,False,False,False,False,9639.T,,2141.0,8.5510025,0.90603095,250.38,2363.054,47583838208.0,,1747116000.0,1747116000.0,True,,,False,1747116000.0,2025-05-13,-281.0
3,False,35.0,False,False,True,False,0.45669072753438067,2060.0,2060.0,7192965.0,7.192965,2477.836669921875,0.8313703744100901,-0.19284429668923297,-0.020337150272641602,52.471538753497605,2.5471620754125053,-0.0703971119133574,-0.13080168776371304,41.22493855268893,14.243817306402704,31.035487369017588,fund_low_adv20,2,trend_break;di_bear,True,False,False,False,False,False,True,False,False,9640.T,,2060.0,30.764635,2.3620276,66.96,872.132,33370716160.0,,1747117800.0,1747117800.0,True,,,False,1747117800.0,2025-05-13,-281.0
6,True,52.56410256410256,False,True,False,True,0.38522803953554124,724.0,724.0,25415415.0,25.415415,770.74365234375,0.939352530245812,-0.18046013165805397,0.03111264869717223,11.6323088281565,1.6066724900768645,-0.016304347826086918,-0.016304347826086918,13.800578225454897,29.027566766576545,21.918722915214968,"fund_low_adv20,fund_small_mcap",0,,False,False,False,False,False,False,False,False,False,9644.T,,724.0,21.363234,0.58459747,33.89,1238.459,23247454208.0,,1754467200.0,1754985600.0,True,,,False,1754467200.0,2025-08-06,-220.0
3,False,42.35294117647059,True,False,True,True,0.4638838884816093,7010.0,7010.0,4610950.0,4.61095,10000.0,0.701,-0.30000000000000004,-0.06156811059603051,128.35189147036152,1.8309827599195652,-0.08842652795838757,-0.16943127962085303,43.5196370324254,15.634977250697585,56.12567088534613,"fund_low_adv20,fund_small_mcap",3,trend_break;trailing_stop;di_bear,True,False,False,False,True,False,True,False,False,9647.T,,7010.0,6.7114096,0.8911112,1044.49,7866.583,4099055360.0,,1752127200.0,1752472800.0,True,,,False,1752127200.0,2025-07-10,-239.0
2,False,22.029100295534718,False,False,True,True,0.4038908617226694,1651.0,1651.0,22605170.0,22.60517,1855.10986328125,0.8899742450184444,-0.11649437456981815,-0.02470820794581341,33.44451264679581,2.025712455893144,-0.08448778194916151,-0.10389449999602463,24.96698970915749,18.57727267841227,36.865262503374964,"fund_low_adv20,fund_small_mcap",3,trend_break;trailing_stop;di_bear,True,False,False,False,True,False,True,False,False,9651.T,,1651.0,10.16876,1.4103011,162.36,1170.672,16005512192.0,,1743402600.0,1743402600.0,True,,,False,1743402600.0,2025-03-31,-312.0
3,False,32.35294117647058,True,False,True,False,0.22564793303763558,606.0,606.0,4680855.0,4.680855,636.5172729492188,0.9520558604673507,-0.11236736857611385,-0.009540442447723674,4.691880859956449,0.7742377656693811,-0.01941747572815533,-0.021001615508885352,23.1633515611006,18.951164622422567,21.288142567673095,"fund_low_adv20,fund_small_mcap",2,trend_break;di_bear,True,False,False,False,False,False,True,False,False,9656.T,,606.0,12.858052,0.59193796,47.13,1023.756,6264478208.0,,1754548200.0,1754980200.0,True,,,False,1754548200.0,2025-08-07,-219.0
3,False,61.16504854368932,False,False,True,False,0.5963013498085666,1006.0,1006.0,104726950.0,104.72695,1178.407958984375,0.8536941662096658,-0.22268006337171586,-0.012948492078810547,19.648889486804602,1.9531699291058253,-0.02895752895752901,-0.02895752895752901,35.66760351176592,25.47249711684979,19.116506437007164,fund_low_adv20,2,trend_break;macd_sell_like,True,False,True,False,False,False,False,False,False,9658.T,,1006.0,10.928843,1.1011854,92.05,913.561,32650639360.0,,1754982000.0,1755500400.0,True,,,False,1754982000.0,2025-08-12,-216.0
3,False,55.55555555555556,True,False,False,True,0.47548299377326503,4465.0,4465.0,12551950.0,12.55195,4764.8544921875,0.9370695384971054,-0.07132526139984519,-0.02302005783523131,20.95096282105822,0.4692264909531516,-0.0022346368715083775,-0.01975850713501648,16.135240231647977,21.092626726193448,17.02012064239756,fund_low_adv20,1,trend_break,True,False,False,False,False,False,False,False,False,9661.T,,4465.0,189.27512,4.7606406,23.59,937.899,54114209792.0,,1744614000.0,1744614000.0,True,,,False,1744614000.0,2025-04-14,-302.0
2,False,37.65432098765432,True,False,True,False,0.47982219015512795,4820.0,4820.0,140602600.0,140.6026,6808.9248046875,0.7078944382939498,-0.30679216830965905,-0.18868840085723126,113.83989796025811,2.3618236091339857,-0.10074626865671643,-0.21370309951060362,56.88602156390393,9.885070467134502,30.01879456648256,fund_low_adv20,3,trend_break;trailing_stop;di_bear,True,False,False,False,True,False,True,False,False,9663.T,,4820.0,19.002563,1.2578483,253.65,3831.941,74707697664.0,,1753675200.0,1754020800.0,True,,,False,1753675200.0,2025-07-28,-227.0
2,False,43.33333333333333,True,False,True,False,0.4568131352975064,4720.0,4720.0,439702125.0,439.702125,6040.0,0.7814569536423841,-0.23013245033112584,-0.1337312706020758,107.29005013137542,2.2730942824443945,-0.09751434034416828,-0.19864176570458403,44.13023687641838,14.51324786846099,27.445363862187698,,3,trend_break;trailing_stop;di_bear,True,False,False,False,True,False,True,False,False,9672.T,,4720.0,12.037131,1.2931238,392.12,3650.076,122893107200.0,,1753768800.0,1754287200.0,True,,,True,1753768800.0,2025-07-29,-226.0
5,True,78.17460317460318,True,False,False,False,0.2169104739424636,5510.0,5510.0,744865450.0,744.86545,5560.0,0.9910071942446043,-0.09677420302674966,0.3873162992399437,152.7610003780863,2.772431948785595,-0.008992805755395739,-0.008992805755395739,39.4215645015066,42.11618963561071,10.03860113085351,,0,ext_dev200,False,False,False,False,False,True,False,False,False,9678.T,,5510.0,14.992382,1.2357469,367.52,4458.842,189189128192.0,,1756965600.0,1757311200.0,True,,,True,1756965600.0,2025-09-04,-199.0
5,True,66.66666666666666,False,False,True,False,0.4471135888248793,2353.0,2353.0,824620.0,0.82462,2399.0,0.9808253438932889,-0.15398886827458258,0.16026620556451987,37.63047562672367,1.5992552327549374,-0.019174656106711097,-0.019174656106711097,28.82717344318045,52.05203848731422,30.0870594636183,"fund_low_adv20,fund_small_mcap",0,,False,False,False,False,False,False,False,False,False,9679.T,,2353.0,16.399498,1.4116074,143.48,1666.894,9864124416.0,,1753686000.0,1754031600.0,True,,,False,1753686000.0,2025-07-28,-227.0
1,False,40.26845637583892,False,False,True,True,0.4114870106460548,1003.0,1003.0,483362980.0,483.36298,1329.492431640625,0.754423249151012,-0.27566342080515993,-0.13311873076175584,24.56437584264679,2.449090313324705,-0.039272030651340994,-0.0980215827338129,17.404515608558523,17.410330392500427,22.949434007401255,,1,trend_break,True,False,False,False,False,False,False,False,False,9682.T,,1003.0,16.115038,2.5163827,62.24,398.588,159818072064.0,1777617000.0,1785479400.0,1785479400.0,True,,,True,1785479400.0,2026-07-31,37.0
1,False,29.435813573180695,False,False,True,False,0.30237070374244507,2480.0,2480.0,5002610035.0,5002.610035,3738.187255859375,0.6634231594772988,-0.35423898785333874,-0.13092634282876192,86.09556731766162,3.471595456357323,-0.10839475103361496,-0.10839475103361496,14.874552797139836,18.431395859041533,27.821745008645355,,2,trend_break;trailing_stop,True,False,False,False,True,False,False,False,False,9684.T,,2480.0,30.225471,2.5634744,82.05,967.437,894334730240.0,1778740200.0,1785997800.0,1785997800.0,True,,,True,1785997800.0,2026-08-06,41.0
1,False,29.885057471264375,False,True,False,False,0.3281255969103617,546.0,546.0,4049275.0,4.049275,679.2523803710938,0.8038249342633228,-0.2050083067725379,-0.1445109050627965,12.564338102122418,2.3011608245645454,-0.13607594936708856,-0.15451333969283654,46.81645074033297,8.650029846844582,40.99978866985715,"fund_low_adv20,fund_small_mcap",3,trend_break;trailing_stop;di_bear,True,False,False,False,True,False,True,False,False,9685.T,,546.0,5.203965,0.5218015,104.92,1046.375,2773375232.0,,1747116000.0,1747116000.0,True,,,False,1747116000.0,2025-05-13,-281.0
6,False,53.93939393939394,False,False,True,False,0.5439347926974599,1595.0,1595.0,14600205.0,14.600205,1792.2745361328125,0.8899306260532656,-0.14298843785716864,0.0016701819040345622,54.897427845696726,3.4418450059997947,-0.05565423327412666,-0.05565423327412666,32.54083136829139,17.89636104385061,11.519214939221428,"fund_low_adv20,fund_small_mcap",1,trend_break,True,False,False,False,False,False,False,False,False,9686.T,,1595.0,8.436921,0.7209542,189.05,2212.346,16820578304.0,,1747204500.0,1747204500.0,True,,,False,1747204500.0,2025-05-14,-280.0
3,False,43.75,False,False,True,True,0.5756665660345024,4330.0,4330.0,7396400.0,7.3964,5508.09375,0.7861158862809843,-0.25348430789349763,-0.04382245293022735,41.28995106009817,0.9535785464225905,-0.008018327605956443,-0.02805836139169471,5.756968388617025,21.664936503771294,20.818973525241415,"fund_low_adv20,fund_small_mcap",1,trend_break,True,False,False,False,False,False,False,False,False,9687.T,,4330.0,12.2951975,1.4109166,352.17,3068.927,26254608384.0,,1745992800.0,1745992800.0,True,,,False,1745992800.0,2025-04-30,-290.0
5,True,50.0,False,False,True,False,0.47747353608350934,5190.0,5190.0,47629000.0,47.629,5190.0,1.0,-0.30214074516256517,0.21173225424859976,57.402028189651176,1.1060121038468433,0.0,0.0,54.555976514606996,53.47200944506739,10.926460649509941,"fund_low_adv20,fund_small_mcap",1,macd_sell_like;ext_dev200,False,False,True,False,False,True,False,False,False,9691.T,,5190.0,8.419584,1.1098548,616.42,4676.287,18157148160.0,,1747108800.0,1747108800.0,True,,,False,1747108800.0,2025-05-13,-281.0
3,False,54.46685878962536,False,False,True,True,0.4686418037282797,1978.0,1978.0,191217570.0,191.21757,2450.322265625,0.8072407567563259,-0.23765129746167002,-0.08135318843026906,50.294768652986946,2.5427082231034857,-0.05358851674641152,-0.05358851674641152,13.741833979177551,22.451651233812235,23.81715712214146,fund_low_adv20,2,trend_break;macd_sell_like,True,False,True,False,False,False,False,False,False,9692.T,,1978.0,11.944444,1.4490938,165.6,1364.991,61734297600.0,,1749621600.0,1749621600.0,True,,,False,1749621600.0,2025-06-11,-260.0
0,False,28.787878787878796,False,False,True,False,0.22837160343315815,2869.0,2869.0,10787928092.5,10787.9280925,4872.35546875,0.5888322431318913,-0.42173759322966065,-0.2101800458502202,121.93952394528739,4.250244822073454,-0.10650887573964496,-0.2341163908168713,22.116622547302043,18.592600108119033,31.560182853208723,,3,trend_break;trailing_stop;di_bear,True,False,False,False,True,False,True,False,False,9697.T,,2869.0,19.791666,4.4831276,144.96,639.955,1200128000000.0,1778653800.0,1785393000.0,1785393000.0,True,,,True,1785393000.0,2026-07-30,36.0
6,True,52.0,False,False,True,True,0.38450361576511927,1191.0,1191.0,4446470.0,4.44647,1238.8846435546875,0.9613485857591278,-0.10549187019252793,0.02780993165736456,8.732824045027122,0.733234596559792,-0.011618257261410747,-0.017326732673267342,13.079097682693273,22.29921652815242,26.51711273751892,"fund_low_adv20,fund_small_mcap",1,macd_sell_like,False,False,True,False,False,False,False,False,False,9698.T,,1191.0,11.413512,1.1911656,104.35,999.861,9193302016.0,,1746685800.0,1746685800.0,True,,,False,1746685800.0,2025-05-08,-284.0
2,False,50.495049504950494,True,False,True,True,0.4375359395620553,3890.0,3890.0,187024950.0,187.02495,4865.0,0.7995889003083247,-0.24152106885919833,-0.10378495867978477,91.88562250626917,2.3620982649426523,-0.0488997555012225,-0.15434782608695652,34.202931955260624,22.828179613367976,27.95395860463386,fund_low_adv20,2,trend_break;di_bear,True,False,False,False,False,False,True,False,False,9699.T,,3890.0,9.3674,0.7532614,415.27,5164.21,107998846976.0,,1753857000.0,1754289000.0,True,,,False,1753857000.0,2025-07-30,-225.0
2,False,60.16949152542372,True,False,False,True,0.5391847034478231,4150.0,4150.0,3898875.0,3.898875,5225.0,0.7942583732057417,-0.23444976076555024,-0.013155164043630374,76.87303992426254,1.8523624078135552,-0.009546539379474916,-0.20574162679425834,10.266369665014789,29.432333984063234,23.848058370804097,"fund_low_adv20,fund_small_mcap",1,trend_break,True,False,False,False,False,False,False,False,False,9701.T,,4150.0,13.836101,1.849312,299.94,2244.078,13690887168.0,,1746594000.0,1746594000.0,True,,,False,1746594000.0,2025-05-07,-285.0
4,True,55.09433962264151,False,False,True,True,0.5466286282756683,2313.0,2313.0,92471490.0,92.47149,2367.0,0.9771863117870723,-0.1294991710119403,0.24633512328867213,60.750771143270775,2.6264924834963588,-0.02281368821292773,-0.02281368821292773,25.26986383901958,22.128708337276564,12.77465821615093,"fund_low_adv20,fund_small_mcap",1,macd_sell_like;ext_dev200,False,False,True,False,False,True,False,False,False,9702.T,,2313.0,18.459696,1.8192601,125.3,1271.396,26549417984.0,,1753682400.0,1754028000.0,True,,,False,1753682400.0,2025-07-28,-227.0
3,False,43.75,True,False,True,False,0.3618439661852507,28.0,28.0,39816010.0,39.81601,72.0,0.3888888888888889,-0.6842105263157895,-0.44477493555423364,2.431561600315518,8.68414857255542,-0.26315789473684215,-0.34883720930232553,35.07349625621827,19.72703284296484,17.648722589364695,"fund_low_adv20,fund_small_mcap",3,trend_break;trailing_stop;natr_spike,True,False,False,False,True,False,False,False,True,9704.T,,28.0,5.8091283,1.3165938,4.82,21.267,7467708416.0,,1754985600.0,1755504000.0,True,,,False,1754985600.0,2025-08-12,-216.0
3,False,37.956204379562045,False,False,True,True,0.4100806746957754,4677.0,4677.0,1504820225.0,1504.820225,5684.05615234375,0.8228279022316655,-0.23969609538389247,-0.04096142185283691,134.1958851458604,2.8692727206726616,-0.07860520094562651,-0.1622783449758195,16.513761490740087,20.31348052900431,33.20541137481125,,1,trend_break,True,False,False,False,False,False,False,False,False,9706.T,,4677.0,14.895853,2.064261,313.98,2265.702,434138906624.0,1778221800.0,1785911400.0,1785911400.0,True,,,True,1785911400.0,2026-08-05,40.0
3,False,47.30290456431535,True,False,True,False,0.6361656535876311,1006.0,1006.0,233149125.0,233.149125,1640.0,0.6134146341463415,-0.3902439024390244,-0.16938338454530122,45.09567726457608,4.482671696279929,-0.12824956672443677,-0.38658536585365855,28.67350352485117,18.09964269279194,27.896624708549272,,3,trend_break;trailing_stop;di_bear,True,False,False,False,True,False,True,False,False,9708.T,,1006.0,27.782381,2.4258852,36.21,414.694,119037935616.0,,1753333200.0,1753678800.0,True,,,True,1753333200.0,2025-07-24,-229.0
2,False,35.39823008849558,False,False,True,False,0.52113146312752,1259.0,1259.0,22880740.0,22.88074,1704.98779296875,0.7384217090538875,-0.2668569211140911,-0.18752675062309487,45.05896403492718,3.5789486922102607,-0.10327635327635332,-0.2615782909461125,42.16380027315037,10.288123217800214,32.331666776412064,"fund_low_adv20,fund_small_mcap",3,trend_break;trailing_stop;di_bear,True,False,False,False,True,False,True,False,False,9709.T,,1259.0,9.504039,1.372207,132.47,917.5,18953510912.0,,1747220340.0,1747220340.0,True,,,False,1747220340.0,2025-05-14,-280.0
2,False,36.559139784946225,False,False,False,True,0.49725002421648884,892.0,892.0,9244880.0,9.24488,1075.21630859375,0.8296005118882783,-0.273455375098125,-0.05978601507972059,11.959709568560678,1.340774615309493,-0.02726281352235549,-0.07173966051949832,19.390987976824867,14.596748613685106,20.468709929034883,"fund_low_adv20,fund_small_mcap",2,trend_break;macd_sell_like,True,False,True,False,False,False,False,False,False,9713.T,,892.0,14.417327,0.5712174,61.87,1561.577,13623524352.0,,1747207800.0,1747207800.0,True,,,False,1747207800.0,2025-05-14,-280.0
6,True,48.913043478260875,False,False,True,True,0.2801890467238922,3765.0,3765.0,321562900.0,321.5629,4030.0,0.93424317617866,-0.08064516129032262,0.018767272039948324,74.81027319104501,1.9869926478365207,-0.03213367609254503,-0.06575682382133996,18.214640837871105,14.386051762882243,22.126883785651643,,1,macd_sell_like,False,False,True,False,False,False,False,False,False,9715.T,,3765.0,11.511649,1.0998529,327.06,3423.185,141084999680.0,1777530600.0,1785393000.0,1785393000.0,True,,,True,1785393000.0,2026-07-30,36.0
3,False,37.634408602150536,True,False,True,True,0.6175954044435606,1094.0,1094.0,384571950.0,384.57195,1466.0,0.7462482946793997,-0.27216916780354705,-0.07341518921884094,28.57188307538721,2.6116894950079717,-0.06335616438356162,-0.21294964028776975,31.036834743674284,19.833098778081908,23.485249316964246,,2,trend_break;di_bear,True,False,False,False,False,False,True,False,False,9716.T,,1094.0,13.367547,1.967962,81.84,555.905,122082516992.0,,1752044400.0,1752476400.0,True,,,True,1752044400.0,2025-07-09,-240.0
1,False,36.14457831325301,False,True,False,True,0.4690685337878101,5360.0,5360.0,807350.0,0.80735,7521.4013671875,0.7126331568187911,-0.2913554615962394,-0.14330142994808448,56.84877930679039,1.0606115542311638,-0.0662020905923345,-0.12131147540983611,13.386035245906887,33.84846142482288,54.56090656232549,"fund_low_adv20,fund_small_mcap",2,trend_break;macd_sell_like,True,False,True,False,False,False,False,False,False,9720.T,,5360.0,31.425892,1.6033134,170.56,3343.077,6328278528.0,,1751954400.0,1752472800.0,True,,,False,1751954400.0,2025-07-08,-241.0
2,False,39.130434782608695,True,False,True,False,0.44630410660212033,1787.0,1787.0,502966255.0,502.966255,2780.0,0.6428057553956834,-0.3633093525179856,-0.19836528551045507,72.2236523259111,4.041614567762233,-0.062434417628541405,-0.22940922811556708,28.987747008467597,16.738078282953968,26.185666845566335,,2,trend_break;di_bear,True,False,False,False,False,False,True,False,False,9722.T,,1787.0,11.594862,2.706157,154.12,660.346,107074379776.0,1778740200.0,1785997800.0,1785997800.0,True,,,True,1785997800.0,2026-08-06,41.0
5,False,45.283018867924525,True,False,True,True,0.3974896585616477,633.0,633.0,1465120.0,1.46512,694.9784545898438,0.9108196028516861,-0.2430189852566993,-0.006156648639512152,7.847465227157106,1.2397259442586266,-0.021638330757341562,-0.08918039714831394,19.11003525977222,22.94116580120608,12.170661927699095,"fund_low_adv20,fund_small_mcap",1,trend_break,True,False,False,False,False,False,False,False,False,9723.T,,633.0,9.159311,3.4124541,69.11,185.497,7637244928.0,,1747119600.0,1747119600.0,True,,,False,1747119600.0,2025-05-13,-281.0
4,True,54.016620498614955,False,False,True,True,0.5563743948474479,1946.0,1946.0,83946275.0,83.946275,2071.0,0.9396426846933849,-0.3200836941874661,0.16550765226478714,63.281650363168296,3.251883369124784,-0.029426433915211936,-0.060357315306615145,12.689291345948751,16.795789822036593,23.54893577309133,fund_low_adv20,1,macd_sell_like,False,False,True,False,False,False,False,False,False,9726.T,,1946.0,6.0715733,0.8571819,320.51,2270.23,53163270144.0,,,,True,,,False,,,
3,False,33.33333333333333,True,False,False,True,0.3325974566327808,2301.0,2301.0,85725920.0,85.72592,2840.0,0.8102112676056338,-0.20387323943661972,-0.034349661441330115,61.70711855625929,2.6817522188726333,-0.0695511524464214,-0.18978873239436622,33.96428244946881,13.243357038625456,29.57373543332823,fund_low_adv20,2,trend_break;di_bear,True,False,False,False,False,False,True,False,False,9729.T,,2301.0,12.389619,0.8488592,185.72,2710.697,71065632768.0,,1754460000.0,1754978400.0,True,,,False,1754460000.0,2025-08-06,-220.0
5,True,39.39393939393939,False,False,True,False,0.46288179717119954,3480.0,3480.0,10053875.0,10.053875,3810.0,0.9133858267716536,-0.19605263758752223,0.045991180835102785,67.33334464362382,1.9348662253914892,-0.03867403314917128,-0.05818673883626524,24.270804840911254,18.421597262858455,19.76179633828937,"fund_low_adv20,fund_small_mcap",1,di_bear,False,False,False,False,False,False,True,False,False,9731.T,,3480.0,6.184468,0.99351305,562.7,3502.722,13052258304.0,,1754978400.0,1755496800.0,True,,,False,1754978400.0,2025-08-12,-216.0
4,False,40.458015267175576,True,False,True,True,0.6314202190730818,2246.0,2246.0,56001530.0,56.00153,2694.894287109375,0.8334278679291451,-0.18846538416694547,-0.006206421632293568,41.207837772146185,1.8347211830875416,-0.03189655172413797,-0.16657213207085486,27.58371924186664,18.955924638385294,25.447082377221758,fund_low_adv20,2,trend_break;di_bear,True,False,False,False,False,False,True,False,False,9733.T,,2246.0,14.847623,1.6004436,151.27,1403.361,59128389632.0,,1745994600.0,1745994600.0,True,,,False,1745994600.0,2025-04-30,-290.0
4,True,55.1270815074496,False,False,True,True,0.31517579525057393,6547.0,6547.0,9792561640.0,9792.56164,6588.0,0.9937765634486946,-0.1160961224055832,0.15121989015914838,144.75025551217877,2.2109402094421684,-0.006223436551305417,-0.006223436551305417,27.333808991558357,26.473985242010016,16.457561350823926,,0,,False,False,False,False,False,False,False,False,False,9735.T,,6547.0,23.686686,2.0143723,276.4,3250.144,2648007245824.0,1778567400.0,1786084200.0,1786084200.0,True,,,True,1786084200.0,2026-08-07,42.0
6,True,42.768595041322314,False,False,True,False,0.3485103722017416,2492.0,2492.0,60492220.0,60.49222,2627.201904296875,0.9485376803070416,-0.2769407858749887,0.019707043576349337,62.997728600044155,2.5279987399696693,-0.043378119001919346,-0.043378119001919346,11.682134006404034,17.00930664945835,19.654862305114456,fund_low_adv20,1,macd_sell_like,False,False,True,False,False,False,False,False,False,9739.T,,2492.0,10.008032,0.9799222,249.0,2543.059,37129248768.0,,1754375400.0,1754980200.0,True,,,False,1754375400.0,2025-08-05,-221.0
2,False,60.42003231017771,False,False,True,True,0.4439634616473093,2713.0,2713.0,60652140.0,60.65214,3305.0,0.8208774583963692,-0.29101080959556436,-0.022442658849422648,78.779495298732,2.9037779321316624,-0.017385005432814182,-0.17912254160363084,18.611353737043615,25.437662750413654,20.85436185036717,fund_low_adv20,1,trend_break,True,False,False,False,False,False,False,False,False,9740.T,,2713.0,15.498428,0.9191728,175.05,2951.567,37986648064.0,,1752042600.0,1752474600.0,True,,,False,1752042600.0,2025-07-09,-240.0
4,True,55.52995391705069,False,False,True,True,0.37894090628600796,2138.0,2138.0,85533300.0,85.5333,2198.368408203125,0.9725394488121906,-0.1844802413264267,0.10668165032684396,62.847340134215294,2.9395388276059538,-0.011100832562442209,-0.027460551187809434,9.126170894389505,19.257099007707502,20.51258411842973,"fund_neg_eps,fund_low_adv20",0,,False,False,False,False,False,False,False,False,False,9742.T,,2138.0,-24.150005647803006,1.2037753,-88.53,1776.079,44497551360.0,,1753772400.0,1754290800.0,True,,,False,1753772400.0,2025-07-29,-226.0
2,False,31.25,False,False,False,True,0.5034918902583769,1324.0,1324.0,364838510.0,364.83851,1626.0,0.8142681426814268,-0.18942189421894218,-0.07937731572779794,28.321148720460414,2.139059571031753,-0.0702247191011236,-0.15776081424936383,35.15929159328658,14.159723493780756,30.142893273101308,,2,trend_break;di_bear,True,False,False,False,False,False,True,False,False,9743.T,,1324.0,10.43259,1.6633772,126.91,795.971,62649401344.0,,1749794400.0,1749794400.0,True,,,True,1749794400.0,2025-06-13,-258.0
4,False,75.59681697612731,True,False,True,True,0.5749513527947429,3072.0,3072.0,1230693630.0,1230.69363,3582.686279296875,0.8574571593812282,-0.17101309786385166,-0.04536492754910393,40.52434835470754,1.3191519646714696,0.0,-0.07078039927404722,27.803144490248766,21.89743561408968,22.461998417223576,,2,trend_break;di_bear,True,False,False,False,False,False,True,False,False,9744.T,,3072.0,15.765973,4.8638144,194.85,631.603,237179011072.0,1778567400.0,1785393000.0,1785393000.0,True,,,True,1785393000.0,2026-07-30,36.0
2,False,43.037974683544306,True,False,True,False,0.47341420838983184,3410.0,3410.0,420443050.0,420.44305,4464.72900390625,0.7637641606056149,-0.24855461617834662,-0.13651461363977635,67.81108326177963,1.9885948170609864,-0.03943661971830981,-0.10381077529566363,25.155958851389784,16.555973965727254,26.522578507278443,,2,trend_break;di_bear,True,False,False,False,False,False,True,False,False,9746.T,,3410.0,12.677052,1.5711325,268.99,2170.409,169798549504.0,1778653800.0,1786084200.0,1786084200.0,True,,,True,1786084200.0,2026-08-07,42.0
3,False,38.888888888888886,False,False,True,True,0.4929147137824664,1227.0,1227.0,11193355.0,11.193355,1514.4176025390625,0.8102124525908969,-0.2035623739884923,-0.08373374687809476,24.999844993865388,2.037477179614131,-0.06192660550458717,-0.1074603754877449,22.29493492763232,14.925552323071392,22.391309368231738,"fund_low_adv20,fund_small_mcap",2,trend_break;di_bear,True,False,False,False,False,False,True,False,False,9753.T,,1227.0,1.1665938,1.0141578,1051.78,1209.871,11742931968.0,,1747032000.0,1747032000.0,True,,,False,1747032000.0,2025-05-12,-282.0
2,False,39.04109589041096,False,False,True,True,0.37995904293666244,2788.0,2788.0,370199435.0,370.199435,3211.21875,0.8682061911852004,-0.20364746031977732,-0.020607385123756705,58.81344471290878,2.109520972485968,-0.03529411764705881,-0.06127946127946127,14.462450388361125,18.8361527679777,23.84971567867607,,1,trend_break,True,False,False,False,False,False,False,False,False,9755.T,,2788.0,14.741963,0.8080967,189.12,3450.082,63531757568.0,,1754541000.0,1754973000.0,True,,,True,1754541000.0,2025-08-07,-219.0
3,False,46.875,True,False,True,False,0.43553790872752735,1074.0,1074.0,429323350.0,429.32335,1283.55517578125,0.8367384747183135,-0.18897136668364578,-0.07744131076858307,18.08161860923045,1.6835771516974347,-0.02007299270072993,-0.09443507588532885,37.38511015305279,18.269957882774218,25.714728671135973,,2,trend_break;di_bear,True,False,False,False,False,False,True,False,False,9757.T,,1074.0,15.382412,3.8513951,69.82,278.86,97920745472.0,1778653800.0,1786084200.0,1786084200.0,True,,,True,1786084200.0,2026-08-07,42.0
2,False,41.51212553495007,True,False,True,False,0.47714638019609795,2557.5,2557.5,647496030.0,647.49603,3510.086181640625,0.728614588831724,-0.28292358940784,-0.16376161995484761,58.28926336973035,2.279150082882907,-0.05540166204986152,-0.10857441617288255,25.275973546426656,16.56735413581375,27.05005764564843,,2,trend_break;di_bear,True,False,False,False,False,False,True,False,False,9759.T,,2557.5,15.008803,2.6327248,170.4,971.427,193847443456.0,1778221800.0,1785393000.0,1785393000.0,True,,,True,1785393000.0,2026-07-30,36.0
1,False,39.285714285714285,False,False,True,False,0.5882398414484096,109.0,109.0,3935905.0,3.935905,177.0,0.615819209039548,-0.384180790960452,-0.3133209437112169,3.663824104354802,3.361306517756699,-0.12096774193548387,-0.3312883435582822,37.79736749973258,18.474551499121727,34.74310056018136,"fund_neg_eps,fund_low_adv20,fund_small_mcap",4,trend_break;trailing_stop;di_bear;natr_spike,True,False,False,False,True,False,True,False,True,9760.T,,109.0,-1.0348428747745182,0.24919526,-105.33,437.408,1814683648.0,,1754555400.0,1754987400.0,True,,,False,1754555400.0,2025-08-07,-219.0
4,False,43.10344827586207,True,False,True,True,0.6106058169214594,2177.0,2177.0,18826330.0,18.82633,2674.197265625,0.8140760698486477,-0.19863802586786772,-0.07601635451690802,36.678497974870254,1.6848184646242652,-0.06082830025884378,-0.16551110548774506,29.847806057705476,21.089568694786227,26.97699973600874,"fund_low_adv20,fund_small_mcap",2,trend_break;di_bear,True,False,False,False,False,False,True,False,False,9761.T,,2177.0,10.417764,0.4308712,208.97,5052.554,7540620800.0,,1747220340.0,1747220340.0,True,,,False,1747220340.0,2025-05-14,-280.0
2,False,35.0,False,False,True,True,0.6797655612153132,1188.0,1188.0,39643240.0,39.64324,1634.9730224609375,0.7266174937931635,-0.2758290297549616,-0.08110300469002918,29.30920882686671,2.467105120106625,-0.08049535603715174,-0.23352587143633807,35.227227190618486,12.929973199364788,27.05441432735551,"fund_low_adv20,fund_small_mcap",3,trend_break;trailing_stop;di_bear,True,False,False,False,True,False,True,False,False,9763.T,,1188.0,8.312343,0.62382376,142.92,1904.384,11306808320.0,,1753938000.0,1754283600.0,True,,,False,1753938000.0,2025-07-31,-224.0
2,False,20.83398564441218,False,False,True,False,0.3031462855270637,1069.0,1069.0,65933355.0,65.933355,1272.4678955078125,0.8400997807283671,-0.17404595926518818,-0.044166879454803465,22.252470657827317,2.081615590068037,-0.10393964794635369,-0.1599002192716329,33.07836790012024,15.060382231272124,43.779328181532776,"fund_low_adv20,fund_small_mcap",3,trend_break;trailing_stop;di_bear,True,False,False,False,True,False,True,False,False,9765.T,,1069.0,12.770279,1.2399867,83.71,862.106,16935587840.0,,1752044400.0,1752476400.0,True,,,False,1752044400.0,2025-07-09,-240.0
2,False,49.31906614785993,False,False,True,False,0.27919702589225426,19425.0,19425.0,12003509925.0,12003.509925,25558.390625,0.760024380447468,-0.30536128362933646,-0.08166533738087434,860.360277862844,4.42913913957706,-0.050354436568076255,-0.0880281690140845,8.327923514684914,20.807655870344675,23.067146895720235,,2,trend_break;macd_sell_like,True,False,True,False,False,False,False,False,False,9766.T,,19425.0,26.300825,4.664326,738.57,4164.589,2633184575488.0,1778221800.0,1785393000.0,1785393000.0,True,,,True,1785393000.0,2026-07-30,36.0
3,False,73.91304347826087,True,False,True,True,0.5367017695266286,1518.0,1518.0,10903350.0,10.90335,2097.0,0.7238912732474965,-0.3376251788268956,-0.030360209957359996,48.463233184842665,3.192571356050242,-0.025048169556840083,-0.27610872675250353,21.073944410008014,28.92922055808261,28.3890423478452,"fund_low_adv20,fund_small_mcap",1,trend_break,True,False,False,False,False,False,False,False,False,9767.T,,1518.0,9.842443,0.5615419,154.23,2703.271,2766161920.0,,1747276200.0,1747276200.0,True,,,False,1747276200.0,2025-05-15,-279.0
2,False,33.33333333333333,True,False,True,True,0.5208121662937024,3135.0,3135.0,77374275.0,77.374275,4720.0,0.6641949152542372,-0.3548728813559322,-0.1454775402875088,89.86111793739026,2.8663833472851756,-0.07658321060382911,-0.24910179640718566,43.297652908855895,20.653913256516848,27.876812893659817,"fund_low_adv20,fund_small_mcap",2,trend_break;di_bear,True,False,False,False,False,False,True,False,False,9768.T,,3135.0,9.400864,0.72683203,333.48,4313.239,22380595200.0,,1754290800.0,1754636400.0,True,,,False,1754290800.0,2025-08-04,-222.0
6,True,52.588555858310635,False,False,True,False,0.19550375308177678,2569.0,2569.0,43738300.0,43.7383,2583.0,0.994579945799458,-0.06640128941738555,0.10548604556234809,54.86333365018146,2.135591033483124,-0.005420054200542035,-0.005420054200542035,29.729323445079068,30.59609581651802,16.549127018341643,"fund_low_adv20,fund_small_mcap",0,,False,False,False,False,False,False,False,False,False,9769.T,,2569.0,15.100217,3.4170094,170.13,751.827,27920398336.0,,1754548200.0,1754980200.0,True,,,False,1754548200.0,2025-08-07,-219.0
2,False,56.25,True,False,True,True,0.4073463466844129,5560.0,5560.0,1167650.0,1.16765,7225.72607421875,0.7694728450664594,-0.29075752268969945,-0.0982749438171836,27.146612193754905,0.4882484207509875,-0.0035842293906810374,-0.01940035273368612,14.116816467296406,28.940332271742403,32.81587473569896,"fund_low_adv20,fund_small_mcap",1,trend_break,True,False,False,False,False,False,False,False,False,9778.T,,5560.0,80.64984,0.9622041,68.94,5778.4,3290285568.0,,1744353000.0,1744353000.0,True,,,False,1744353000.0,2025-04-11,-303.0
6,True,49.122807017543856,True,False,True,True,0.42575909143493146,903.0,903.0,5460950.0,5.46095,1023.6435546875,0.8821430036509825,-0.12664911930899414,0.012770874538999832,14.595996846539164,1.6163894625181796,-0.029032258064516148,-0.07432728994588711,30.30221677675641,12.953856981251674,26.559118264513366,"fund_low_adv20,fund_small_mcap",1,di_bear,False,False,False,False,False,False,True,False,False,9780.T,,903.0,8.001772,0.8267134,112.85,1092.277,8049909760.0,,1747292400.0,1747292400.0,True,,,False,1747292400.0,2025-05-15,-279.0
4,False,39.568345323741006,False,False,True,False,0.5843422941861989,3220.0,3220.0,113803685.0,113.803685,3946.734619140625,0.8158643310811542,-0.24215831855163594,-0.0033259238026863702,76.39499631572762,2.372515413531914,-0.06259097525473067,-0.09569507738013816,25.374160474648548,26.324631888565463,21.966720020432444,"fund_low_adv20,fund_small_mcap",2,trend_break;macd_sell_like,True,False,True,False,False,False,False,False,False,9782.T,,3220.0,16.056648,1.3005188,200.54,2475.935,17473288192.0,,1747290900.0,1747290900.0,True,,,False,1747290900.0,2025-05-15,-279.0
3,False,37.73584905660377,True,False,True,False,0.33577665704118137,492.0,492.0,34498610.0,34.49861,544.6661987304688,0.9033055496132762,-0.21631195711729012,-0.05344252246723291,6.353618264265252,1.2913858260701734,-0.0390625,-0.0803738317757009,32.50110553885926,19.772937785137728,25.236832729861824,"fund_low_adv20,fund_small_mcap",2,trend_break;di_bear,True,False,False,False,False,False,True,False,False,9788.T,,492.0,12.612151,0.8902496,39.01,552.654,20579215360.0,,1754289000.0,1754634600.0,True,,,False,1754289000.0,2025-08-04,-222.0
3,False,40.963855421686745,False,False,True,True,0.35761300695826764,3125.0,3125.0,104566475.0,104.566475,3440.0,0.9084302325581395,-0.17921352300953586,-0.011544912936512941,81.1105519741595,2.595537663173104,-0.03993855606758834,-0.09156976744186052,17.04748488895654,17.663967357478793,19.933892430501377,fund_low_adv20,2,trend_break;cross_sma25_down,True,True,False,False,False,False,False,False,False,9790.T,,3125.0,14.985853,2.1480808,208.53,1454.787,64609964032.0,,1754546400.0,1754892000.0,True,,,False,1754546400.0,2025-08-07,-219.0
3,False,44.93392070484581,True,False,True,False,0.5157232581050097,1140.0,1140.0,9881215.0,9.881215,1437.9542236328125,0.7927929702239976,-0.216943083796297,-0.11475527646131589,28.908199123106435,2.535806940623371,-0.12844036697247707,-0.19718309859154926,35.022895706042,13.534040659898208,35.81467141245043,"fund_low_adv20,fund_small_mcap",3,trend_break;trailing_stop;di_bear,True,False,False,False,True,False,True,False,False,9791.T,,1140.0,6.050313,0.37601686,188.42,3031.779,8599881728.0,,1747292400.0,1747292400.0,True,,,False,1747292400.0,2025-05-15,-279.0
4,True,10.377358490566024,False,False,True,True,0.5030494788409325,3865.0,3865.0,486013375.0,486.013375,4390.0,0.8804100227790432,-0.21201738355520106,0.06159857243590916,101.06209822699259,2.6148020239842844,-0.11958997722095677,-0.11958997722095677,29.751550593517067,11.312477160652454,31.113371619467898,,2,trailing_stop;di_bear,False,False,False,False,True,False,True,False,False,9793.T,,3865.0,20.02383,2.2357154,193.02,1728.753,182758555648.0,1782973800.0,1782973800.0,1782973800.0,True,,,True,1782973800.0,2026-07-02,16.0
3,False,65.0,True,False,True,False,0.4460886246903467,2286.0,2286.0,27107365.0,27.107365,2534.8447265625,0.9018303867077657,-0.13880326588667868,-0.034280772532910175,35.441176243951205,1.5503576659646197,0.0,-0.07449392712550607,37.58718014072757,23.08846976487357,22.022967316104307,fund_low_adv20,1,trend_break,True,False,False,False,False,False,False,False,False,9795.T,,2286.0,13.091285,1.2770522,174.62,1790.06,35429404672.0,,1753250400.0,1753682400.0,True,,,False,1753250400.0,2025-07-23,-230.0
0,False,24.66666666666667,False,False,True,True,0.6097317284027183,865.0,865.0,17940350.0,17.94035,1381.840576171875,0.6259766972513696,-0.3740233027486304,-0.19277465260030102,22.34655192544906,2.5834164075663653,-0.09424083769633507,-0.2119200473776841,31.031602365431063,12.374230894566423,32.066485665526145,"fund_low_adv20,fund_small_mcap",4,trend_break;macd_sell_like;trailing_stop;di_bear,True,False,True,False,True,False,True,False,False,9799.T,,865.0,10.505222,1.0873923,82.34,795.481,13157241856.0,,1746084600.0,1746084600.0,True,,,False,1746084600.0,2025-05-01,-289.0
1,False,39.473684210526315,False,False,True,True,0.4160535918264511,224.0,224.0,2099560.0,2.09956,386.0,0.5803108808290155,-0.5091786636313398,-0.18974154925756448,4.951449888268903,2.210468700120046,-0.08196721311475408,-0.17948717948717952,27.90894993864786,11.235812817332018,28.089602346896513,"fund_neg_eps,fund_low_adv20,fund_small_mcap",3,trend_break;trailing_stop;di_bear,True,False,False,False,True,False,True,False,False,9812.T,,224.0,-13.453453453453454,6.2144547,-16.65,36.045,1435525760.0,,1744353000.0,1744353000.0,True,,,False,1744353000.0,2025-04-11,-303.0
1,False,23.63636363636364,False,False,False,False,0.3309569367217685,255.0,255.0,7678800.0,7.6788,341.54400634765625,0.7466095005644354,-0.27974142298489757,-0.13731870831001025,16.905618976285176,6.6296545005039915,-0.19811320754716977,-0.2319277108433735,17.977270497430833,23.384728489218233,22.236804938105127,"fund_low_adv20,fund_small_mcap",3,trend_break;trailing_stop;natr_spike,True,False,False,False,True,False,False,False,True,9816.T,,255.0,10.841837,0.8066735,23.52,316.113,2269137920.0,,1747290600.0,1747290600.0,True,,,False,1747290600.0,2025-05-15,-279.0
1,False,30.83109919571045,False,True,False,False,0.3792471019268548,1684.0,1684.0,2059385.0,2.059385,2381.327880859375,0.7071684724878277,-0.29283152751217234,-0.013257610245784868,29.57151515673025,1.7560282159578535,-0.1251948051948052,-0.1251948051948052,26.715843842145116,17.817305416320696,57.4940125432814,"fund_low_adv20,fund_small_mcap",5,trend_break;macd_sell_like;trailing_stop;di_bear;vol_distribution,True,False,True,False,True,False,True,True,False,9818.T,,1684.0,13.448331,0.8101833,125.22,2078.542,12924046336.0,,1747198800.0,1747198800.0,True,,,False,1747198800.0,2025-05-14,-280.0
5,True,46.34146341463415,False,False,True,True,0.28681085455471067,3500.0,3500.0,1982850.0,1.98285,4093.871826171875,0.8549363899535671,-0.15821255080732033,0.006405022783822378,41.76506153462074,1.1932874724177356,-0.02777777777777779,-0.05277401894451961,10.53741925432008,28.230346733757145,28.2255383772698,"fund_low_adv20,fund_small_mcap",0,,False,False,False,False,False,False,False,False,False,9820.T,,3500.0,11.9621315,0.85612065,292.59,4088.209,3766930944.0,,1747031400.0,1747031400.0,True,,,False,1747031400.0,2025-05-12,-282.0
2,False,39.716312056737586,True,False,True,True,0.550509440262256,1000.0,1000.0,105049615.0,105.049615,1769.84130859375,0.5650224091529216,-0.44571301662098395,-0.2752537619838117,27.336616151832658,2.733661615183266,-0.0800367985280589,-0.3160658894374425,67.90793422151312,8.670690038475332,30.598591050131006,fund_low_adv20,3,trend_break;trailing_stop;di_bear,True,False,False,False,True,False,True,False,False,9823.T,,1000.0,9.270418,1.1076282,107.87,902.83,50022248448.0,,1754539200.0,1754971200.0,True,,,False,1754539200.0,2025-08-07,-219.0
3,True,71.21951219512195,False,True,False,False,0.3702330441991513,6880.0,6880.0,584966150.0,584.96615,7040.0,0.9772727272727273,-0.29318973139664495,0.2825172249153256,289.5746937753784,4.208934502549105,-0.022727272727272707,-0.022727272727272707,16.46182996153019,27.754703535282317,21.160045494290976,,1,ext_dev200;vol_distribution,False,False,False,False,False,True,False,True,False,9824.T,,6880.0,15.737226,1.9035892,437.18,3614.225,117579997184.0,,1756875600.0,1757307600.0,True,,,True,1756875600.0,2025-09-03,-200.0
2,False,34.61538461538461,False,False,False,True,0.3912228829147019,590.0,590.0,20288415.0,20.288415,693.0,0.8513708513708513,-0.16161616161616166,-0.07977897805740763,9.929160911467886,1.6829086290623536,-0.06349206349206349,-0.11676646706586824,45.3120629577886,8.469059936748724,31.035129157984464,"fund_low_adv20,fund_small_mcap",2,trend_break;di_bear,True,False,False,False,False,False,True,False,False,9827.T,,590.0,13.901979,0.9436436,42.44,625.236,7266998272.0,,1754550000.0,1754982000.0,True,,,False,1754550000.0,2025-08-07,-219.0
3,False,51.00222717149221,True,False,True,True,0.38858988057046134,2773.0,2773.0,147482100.0,147.4821,4123.4775390625,0.6724906280514044,-0.37188938815249284,-0.0819671141101368,61.2845886010155,2.2100464695642086,-0.008934953538241586,-0.058583184521527776,15.949476018792875,22.713465348922647,18.46581308957488,fund_low_adv20,1,trend_break,True,False,False,False,False,False,False,False,False,9828.T,,2773.0,14.027722,2.5216198,197.68,1099.69,48969867264.0,,1753689600.0,1754035200.0,True,,,False,1753689600.0,2025-07-28,-227.0
4,False,46.36363636363636,True,False,False,True,0.45189408641405177,2217.0,2217.0,262770735.0,262.770735,2719.0,0.8153732990069879,-0.20698173118295005,-0.05981226390650407,51.38776363635673,2.3178964202235783,-0.022055580061755675,-0.08426270136307312,22.611749545516442,15.673946210829945,19.90483694545636,,2,trend_break;di_bear,True,False,False,False,False,False,True,False,False,9830.T,,2217.0,9.2037525,0.7752307,240.88,2859.794,146189139968.0,1777530600.0,1777530600.0,1777530600.0,True,,,True,1777530600.0,2026-04-30,-29.0
5,True,79.12986471431506,True,False,True,False,0.4513288931297223,685.7000122070312,685.7000122070312,2847637005.6365967,2847.6370056365968,685.7000122070312,1.0,-0.10518907827327018,0.3517707537154242,18.597752529652258,2.7122287003893324,0.0,0.0,48.05004742464903,43.844661095998376,8.495282058429407,,0,ext_dev200,False,False,False,False,False,True,False,False,False,9831.T,,685.7,31.468563,0.71646875,21.79,957.055,455606763520.0,1778221800.0,1785997800.0,1785997800.0,True,,,True,1785997800.0,2026-08-06,41.0
5,False,53.17919075144508,True,False,True,False,0.4594533759990679,1490.0,1490.0,375624325.0,375.624325,1743.90869140625,0.8544025311316594,-0.17312184571016587,-0.04764660306761914,25.284244226104953,1.6969291426916076,-0.019736842105263164,-0.09642207398423286,22.51122663023815,22.380491937741684,21.05448560184067,,1,trend_break,True,False,False,False,False,False,False,False,False,9832.T,,1490.0,14.010344,0.8587916,106.35,1734.996,117006950400.0,1785479400.0,1785479400.0,1785479400.0,True,,,True,1785479400.0,2026-07-31,37.0
7,True,55.55555555555556,True,True,False,True,0.45424280343269086,513.0,513.0,2243940.0,2.24394,522.0,0.9827586206896551,-0.13581980071400057,0.035374911908319984,6.145888311384515,1.19802891060127,-0.0019455252918287869,-0.011560693641618491,21.748806460654023,34.18188215561799,10.458919180846022,"fund_neg_eps,fund_low_adv20,fund_small_mcap",1,vol_distribution,False,False,False,False,False,False,False,True,False,9835.T,,513.0,-11.512567324955116,0.37469077,-44.56,1369.129,4160299776.0,,1744353000.0,1744353000.0,True,,,False,1744353000.0,2025-04-11,-303.0
5,True,35.85434173669468,False,False,True,True,0.4318002495146573,1738.0,1738.0,134917835.0,134.917835,2069.760009765625,0.8397108803917838,-0.1659510903657463,0.018361106986750864,37.79214533597365,2.1744617569605094,-0.07050875031744264,-0.12593920721521346,24.97329618759364,17.89764396868043,27.020223819228136,fund_low_adv20,2,macd_sell_like;di_bear,False,False,True,False,False,False,True,False,False,9837.T,,1738.0,15.526175,1.0844254,111.94,1602.692,43399168000.0,,1752127200.0,1752472800.0,True,,,False,1752127200.0,2025-07-10,-239.0
4,False,58.718861209964416,True,False,True,True,0.33018607246400705,1896.0,1896.0,242200395.0,242.200395,2023.9114990234375,0.9367998555840231,-0.1279262947754215,0.02567411952533094,34.61729543786669,1.825806721406471,-0.0047244094488189115,-0.022176379577101613,16.41189297695042,24.438341827858913,13.737872335631012,,1,trend_break,True,False,False,False,False,False,False,False,False,9842.T,,1896.0,14.643188,0.9327739,129.48,2032.647,119112441856.0,,1751522400.0,1751868000.0,True,,,True,1751522400.0,2025-07-03,-244.0
3,False,65.23157208088715,False,False,True,False,0.3995454842471775,2707.5,2707.5,10335217322.5,10335.2173225,3411.97998046875,0.7935275164269967,-0.46705068598182675,0.02010417177503343,104.71698006717628,3.867663160375855,-0.011680963679503553,-0.041904496800551305,29.164994619977634,25.97849393154444,10.7341012278,,1,trend_break,True,False,False,False,False,False,False,False,False,9843.T,,2707.5,17.134993,1.5475984,158.01,1749.485,1529892438016.0,1778740200.0,1785997800.0,1785997800.0,True,,,True,1785997800.0,2026-08-06,41.0
2,False,39.37007874015748,False,False,True,False,0.5885432754142575,1288.0,1288.0,13982010.0,13.98201,1709.4791259765625,0.7534458774184873,-0.24830904310345014,-0.05811247555659105,40.39855866197148,3.136534057606481,-0.11416781292984868,-0.20484713876968708,27.489802839986716,14.454132636500965,32.132233571345864,fund_low_adv20,3,trend_break;trailing_stop;di_bear,True,False,False,False,True,False,True,False,False,9845.T,,1288.0,6.865306,0.6338679,187.61,2031.969,32236615680.0,,1747033200.0,1747033200.0,True,,,False,1747033200.0,2025-05-12,-282.0
7,True,85.18518518518519,True,True,False,True,0.2285646682740937,985.0,985.0,3492080.0,3.49208,995.3095703125,0.9896418454920883,-0.11472440028889264,0.02506194531316397,4.946144976010987,0.5021466980721814,0.0,0.0,38.47063620175596,40.57044947780538,6.521760787039551,"fund_low_adv20,fund_small_mcap",1,rsi_reversal,False,False,False,True,False,False,False,False,False,9846.T,,985.0,8.375851,0.40839157,117.6,2411.901,11316532224.0,,1744610400.0,1744610400.0,True,,,False,1744610400.0,2025-04-14,-302.0
3,False,36.111111111111114,False,True,False,False,0.46284541467527957,4450.0,4450.0,895925.0,0.895925,4698.9248046875,0.9470251568105154,-0.11198009256439634,-0.019100932611669452,18.78143451402152,0.42205470818025886,-0.011111111111111072,-0.03260869565217395,9.950230418790682,22.985089102300655,23.400091065521604,"fund_low_adv20,fund_small_mcap",2,trend_break;vol_distribution,True,False,False,False,False,False,False,True,False,9849.T,,4450.0,79.74911,0.7573055,55.8,5876.096,3008017664.0,,1746685800.0,1746685800.0,True,,,False,1746685800.0,2025-05-08,-284.0
1,False,22.41379310344827,False,False,False,True,0.40774197442213367,943.0,943.0,30164540.0,30.16454,1025.718017578125,0.9193559865766668,-0.18328827220323418,-0.033393975576403334,10.059874564429778,1.06679475762776,-0.04457953394123604,-0.05314583427941455,15.674761280995899,13.685697023196333,23.573284436660664,"fund_low_adv20,fund_small_mcap",1,trend_break,True,False,False,False,False,False,False,False,False,9850.T,,943.0,95.44534,2.308457,9.88,408.498,21570203648.0,,1754548200.0,1754980200.0,True,,,False,1754548200.0,2025-08-07,-219.0
4,False,23.80952380952381,True,False,True,True,0.43094123754928454,902.0,902.0,2067440.0,2.06744,969.921875,0.9299718082964157,-0.07209021345147004,-0.026470025021505084,4.908688557791652,0.5442005052984092,-0.012048192771084376,-0.05549738219895284,15.77260059801773,20.496716831098976,19.82354433433791,"fund_low_adv20,fund_small_mcap",1,trend_break,True,False,False,False,False,False,False,False,False,9853.T,,902.0,34.48012,1.7218275,26.16,523.862,5509847040.0,,1746772200.0,1746772200.0,True,,,False,1746772200.0,2025-05-09,-283.0
4,True,36.0,False,False,True,True,0.3961397913709634,222.0,222.0,17254265.0,17.254265,280.0,0.7928571428571428,-0.22142857142857142,0.021629084215370353,10.303919506384332,4.641405183056006,-0.11199999999999999,-0.20714285714285718,16.708611693520318,13.45187736989126,26.779781207642593,"fund_low_adv20,fund_small_mcap",1,trailing_stop,False,False,False,False,True,False,False,False,False,9854.T,,222.0,27.680796,0.3509521,8.02,632.565,4308291072.0,,1754548200.0,1754893800.0,True,,,False,1754548200.0,2025-08-07,-219.0
4,False,47.286821705426355,True,False,True,True,0.37482885611433686,1138.0,1138.0,43809895.0,43.809895,1292.8538818359375,0.8802232146945834,-0.13262650805749632,-0.034053479265325426,21.49344598787207,1.8887035138727655,-0.03148936170212768,-0.08887109687750205,15.494477995366895,19.29372059084267,24.94896368069491,fund_low_adv20,1,trend_break,True,False,False,False,False,False,False,False,False,9856.T,,1138.0,6.7818832,0.5104801,167.8,2229.274,35683069952.0,,1754978400.0,1755496800.0,True,,,False,1754978400.0,2025-08-12,-216.0
3,False,51.124744376278116,False,False,True,False,0.34736833458639965,2401.0,2401.0,4689190.0,4.68919,2725.56396484375,0.8809186028909226,-0.1293545003497878,-0.02414541427393979,46.569604696655276,1.9395920323471583,-0.07582755966127785,-0.10526685930571522,17.401549113275596,23.43744731203946,28.839877241225853,"fund_low_adv20,fund_small_mcap",1,trend_break,True,False,False,False,False,False,False,False,False,9857.T,,2421.0,7.4032173,0.8068639,327.02,3000.506,15321538560.0,,1747029600.0,1747029600.0,True,,,False,1747029600.0,2025-05-12,-282.0
2,False,37.06293706293707,False,False,False,False,0.37626604019526433,3107.0,3107.0,1035848105.0,1035.848105,3455.0,0.8992764109985528,-0.14190739007017195,-0.011411106988867936,62.06114405865607,1.9974619909448366,-0.044881647709806294,-0.10072358900144718,22.10390124204842,16.527206638818274,28.65498144895217,,2,trend_break;di_bear,True,False,False,False,False,False,True,False,False,9861.T,,3107.0,43.015366,2.9578278,72.23,1050.433,201105752064.0,1783492200.0,1783492200.0,1783492200.0,True,,,True,1783492200.0,2026-07-08,20.0
7,True,50.370370370370374,False,False,True,True,0.508863087894112,10320.0,10320.0,6011000.0,6.011,11797.6630859375,0.8747495096974895,-0.20747016321012335,0.10199553687834517,163.15676200357737,1.5809763760036566,-0.017142857142857126,-0.10413583366804924,21.885281925696212,35.428130107484755,25.296728056472755,"fund_low_adv20,fund_small_mcap",1,macd_sell_like,False,False,True,False,False,False,False,False,False,9867.T,,10320.0,5.243929,0.6954524,1967.99,14839.262,8915004416.0,,1746770400.0,1746770400.0,True,,,False,1746770400.0,2025-05-09,-283.0
4,False,45.00000000000001,True,False,True,True,0.4191013271905605,5960.0,5960.0,226587200.0,226.5872,6950.0,0.8575539568345324,-0.17410071942446048,-0.03286559664045996,133.54145192571409,2.240628388015337,-0.022950819672131195,-0.1424460431654676,24.642770903431014,19.69124187662198,22.813310847183217,,2,trend_break;di_bear,True,False,False,False,False,False,True,False,False,9869.T,,5960.0,12.293476,1.0226508,484.81,5827.991,179887341568.0,1778481000.0,1785997800.0,1785997800.0,True,,,True,1785997800.0,2026-08-06,41.0
4,False,53.33333333333333,False,True,False,True,0.34276137189838035,880.0,880.0,2069100.0,2.0691,966.3230590820312,0.9106685302904447,-0.12713554747846678,-0.020034806608829836,10.19795481387892,1.15885850157715,-0.012345679012345734,-0.03614457831325302,14.57885947939993,26.001628401158595,19.756455732077928,"fund_low_adv20,fund_small_mcap",3,trend_break;macd_sell_like;vol_distribution,True,False,True,False,False,False,False,True,False,9872.T,,880.0,14.819804,0.6718316,59.38,1309.852,8168536576.0,,1751351400.0,1751869800.0,True,,,False,1751351400.0,2025-07-01,-246.0
3,False,52.272727272727266,False,False,True,True,0.4613415978965016,221.0,221.0,7995050.0,7.99505,273.0,0.8095238095238095,-0.21611721611721613,-0.07714792775863866,6.647524158225027,3.0079294833597405,-0.04741379310344829,-0.16917293233082709,18.31279831268202,21.497292619776854,21.97234028170736,"fund_low_adv20,fund_small_mcap",1,trend_break,True,False,False,False,False,False,False,False,False,9876.T,,221.0,5.7283564,0.5791556,38.58,381.59,6104867328.0,,1744266600.0,1744266600.0,True,,,False,1744266600.0,2025-04-10,-304.0
0,False,26.530612244897966,False,False,True,True,0.30246298099394403,430.0,430.0,3337965.0,3.337965,1430.0,0.3006993006993007,-0.6993006993006994,-0.23775758918679368,8.12436512359997,1.8893872380465047,-0.06521739130434778,-0.28093645484949836,29.028483093608337,8.049842120999555,29.795453724071503,"fund_neg_eps,fund_low_adv20,fund_small_mcap",3,trend_break;macd_sell_like;di_bear,True,False,True,False,False,False,True,False,False,9878.T,,430.0,-1.0785862994456568,1.2444001,-398.67,345.548,1360353152.0,,1753941600.0,1754287200.0,True,,,False,1753941600.0,2025-07-31,-224.0
5,True,43.80664652567976,False,False,True,False,0.35104649730062554,4100.0,4100.0,1340097625.0,1340.097625,4585.0,0.8942202835332607,-0.2251974625066252,0.780351999144359,271.5361323429486,6.622832496169477,-0.10577971646673934,-0.10577971646673934,42.95072503303972,29.30575054865014,18.401037723096348,,2,macd_sell_like;trailing_stop;ext_dev200,False,False,True,False,True,True,False,False,False,9880.T,,4100.0,12.864762,1.8930606,318.7,2165.805,49766404096.0,,1754532000.0,1754964000.0,True,,,True,1754532000.0,2025-08-07,-219.0
5,False,65.7258064516129,True,False,True,True,0.334791966205458,1709.0,1709.0,271213415.0,271.213415,1722.60693359375,0.9921009643416663,-0.16666670236233194,0.06810642312006032,35.0271293254546,2.049568714186928,0.0,0.0,24.53108118183021,32.42398129298501,11.843772812216807,,1,trend_break,True,False,False,False,False,False,False,False,False,9882.T,,1709.0,12.444477,1.1802698,137.33,1447.974,145865211904.0,,1753768800.0,1754287200.0,True,,,True,1753768800.0,2025-07-29,-226.0
3,False,50.0,False,False,True,False,0.20844366935726708,339.0,339.0,3856240.0,3.85624,397.82818603515625,0.8521266514033332,-0.16826925241851354,-0.04499385548502999,4.189475138923501,1.235833374313717,-0.07377049180327866,-0.07377049180327866,9.071904067016973,23.29727053684909,20.18826297295553,"fund_neg_eps,fund_low_adv20,fund_small_mcap",1,trend_break,True,False,False,False,False,False,False,False,False,9885.T,,339.0,-1.4660093409444732,0.39308083,-231.24,862.418,5056124416.0,,1746772200.0,1746772200.0,True,,,False,1746772200.0,2025-05-09,-283.0
1,False,32.56880733944955,True,False,True,False,0.5559289922691308,4700.0,4700.0,438129475.0,438.129475,7449.9912109375,0.6308732274878156,-0.40738185120027537,-0.21884349740024622,138.25666039592994,2.9416310722538284,-0.08382066276803124,-0.20203735144312396,36.93947001793358,16.855734425909095,30.49090742987999,,3,trend_break;trailing_stop;di_bear,True,False,False,False,True,False,True,False,False,9887.T,,4700.0,23.88454,1.5905504,196.78,2954.952,96795262976.0,,1754546400.0,1754978400.0,True,,,True,1754546400.0,2025-08-07,-219.0
4,True,63.03317535545024,False,False,True,False,0.42082169315744145,939.0,939.0,95275145.0,95.275145,994.0,0.9446680080482898,-0.29188963343934504,0.19032531911901662,35.291302671497725,3.75839219078783,-0.055331991951710235,-0.055331991951710235,34.97064193577981,31.13560702969405,16.056743264904412,"fund_low_adv20,fund_small_mcap",1,macd_sell_like;ext_dev200,False,False,True,False,False,True,False,False,False,9888.T,,939.0,15.5104065,0.5455956,60.54,1721.055,10347222016.0,,1747112400.0,1747112400.0,True,,,False,1747112400.0,2025-05-13,-281.0
1,False,39.784946236559136,False,False,True,False,0.5933054971690152,1183.0,1183.0,256398455.0,256.398455,1638.6666259765625,0.7219284149971577,-0.2884458732995048,-0.1164738720005587,34.53691575389961,2.9194349749703816,-0.07578125000000002,-0.10388690880459672,10.481056853179268,25.000624640179453,23.69914355558415,,2,trend_break;macd_sell_like,True,False,True,False,False,False,False,False,False,9889.T,,1183.0,13.709584,2.9089925,86.29,406.67,71775617024.0,,1753756200.0,1754274600.0,True,,,True,1753756200.0,2025-07-29,-226.0
5,True,63.88415672913118,False,False,True,False,0.35069681901915506,1365.0,1365.0,35911770.0,35.91177,1500.0,0.91,-0.08999999999999997,0.11671260066439304,37.23295241451077,2.7276888215758808,-0.08999999999999997,-0.08999999999999997,39.06229118645095,43.21911482380299,18.36636288029421,"fund_low_adv20,fund_small_mcap",2,trailing_stop;natr_spike,False,False,False,False,True,False,False,False,True,9890.T,,1365.0,9.282557,0.6096801,147.05,2238.879,13656834048.0,,1747116000.0,1747116000.0,True,,,False,1747116000.0,2025-05-13,-281.0
5,True,56.666666666666664,False,True,False,True,0.4430589814707668,1258.0,1258.0,846695.0,0.846695,1304.5465087890625,0.9643197781945935,-0.08446450160386043,0.010775472801179298,9.331813712769705,0.7417975924300243,-0.007103393843725381,-0.023213792167387726,25.193535079674636,30.974593914888565,17.472563637394302,"fund_neg_eps,fund_low_adv20,fund_small_mcap",0,,False,False,False,False,False,False,False,False,False,9895.T,,1258.0,-15.662350597609564,0.27955356,-80.32,4500.032,2212342784.0,,1747206000.0,1747206000.0,True,,,False,1747206000.0,2025-05-14,-280.0
6,True,67.45762711864407,True,False,False,False,0.4937099204424689,1425.0,1425.0,32281645.0,32.281645,1533.5321044921875,0.9292273672169865,-0.17054230799999526,0.06639595273868992,41.20690549902268,2.891712666598083,0.0,-0.05753968253968256,24.19721597751113,32.66629046735657,18.367609915346723,fund_low_adv20,0,,False,False,False,False,False,False,False,False,False,9896.T,,1425.0,9.570182,0.582731,148.9,2445.382,37371703296.0,,1754373600.0,1754978400.0,True,,,False,1754373600.0,2025-08-05,-221.0
0,False,30.92485549132948,False,False,True,False,0.49708878518324867,1584.0,1584.0,169936420.0,169.93642,2010.6549072265625,0.7878030159759849,-0.23955125541207012,-0.12392311289127489,38.21241141188655,2.412399710346373,-0.09692132269099207,-0.15203426124197006,34.905598590638256,15.377681698895582,28.94801895906397,fund_low_adv20,3,trend_break;trailing_stop;di_bear,True,False,False,False,True,False,True,False,False,9900.T,,1584.0,29.469767,2.4273741,53.75,652.557,47968980992.0,,1754543400.0,1754975400.0,True,,,False,1754543400.0,2025-08-07,-219.0
3,False,41.43302180685358,False,False,True,True,0.42543756874935007,2496.0,2496.0,173044090.0,173.04409,2906.74462890625,0.8586925645887217,-0.28532530843143544,-0.01000098708758601,49.601821904525295,1.9872524801492506,-0.029926156237854662,-0.029926156237854662,18.717589001637712,15.286989184230345,22.298156530479236,fund_low_adv20,1,trend_break,True,False,False,False,False,False,False,False,False,9902.T,,2496.0,14.419411,0.80229455,173.1,3111.077,73727664128.0,,1753941600.0,1754287200.0,True,,,False,1753941600.0,2025-07-31,-224.0
4,True,56.07843137254902,False,False,True,False,0.3842537591353267,1190.0,1190.0,16829025.0,16.829025,1250.0,0.952,-0.12639999999999996,0.35329953186009466,72.2139075869492,6.06839559554195,-0.04800000000000004,-0.04800000000000004,60.789159078441116,25.499738603003486,4.6554120648010215,"fund_low_adv20,fund_small_mcap",1,ext_dev200;natr_spike,False,False,False,False,False,True,False,False,True,9903.T,,1190.0,29.10247,0.7920671,40.89,1502.398,8872732672.0,,1744266600.0,1744266600.0,True,,,False,1744266600.0,2025-04-10,-304.0
1,False,26.229508196721312,True,False,True,False,0.4922259405779091,238.0,238.0,25602060.0,25.60206,423.0,0.5626477541371159,-0.43971631205673756,-0.3511950419635671,10.003683231759835,4.203228248638586,-0.1282051282051282,-0.431980906921241,56.5862802231193,11.83090403210329,37.23790148209902,"fund_low_adv20,fund_small_mcap",4,trend_break;trailing_stop;di_bear;natr_spike,True,False,False,False,True,False,True,False,True,9904.T,,238.0,20.03367,0.8126056,11.88,292.885,6457947136.0,,1747195200.0,1747195200.0,True,,,False,1747195200.0,2025-05-14,-280.0
2,False,38.23529411764706,False,False,True,False,0.26821022718748305,3645.0,3645.0,38661300.0,38.6613,4875.0,0.7476923076923077,-0.2584615384615384,-0.04627367030080698,153.9259885235795,4.222935213266927,-0.25,-0.25230769230769234,22.420244166292377,19.166099111869812,30.65054791302985,fund_low_adv20,3,trend_break;trailing_stop;di_bear,True,False,False,False,True,False,True,False,False,9906.T,,3645.0,6.286109,0.7398808,579.85,4926.469,30824175616.0,,1747197000.0,1747197000.0,True,,,False,1747197000.0,2025-05-14,-280.0
6,True,49.67741935483871,False,False,True,False,0.45778759933866686,2435.0,2435.0,32395115.0,32.395115,2625.0,0.9276190476190476,-0.09913823433160951,0.08044284388041856,61.129811118333606,2.510464522313495,-0.0576625386996904,-0.07238095238095243,15.188415816010208,21.590220846255352,22.361553534534714,"fund_low_adv20,fund_small_mcap",1,macd_sell_like,False,False,True,False,False,False,False,False,False,9908.T,,2435.0,7.586851,0.8414437,320.95,2893.836,27644792832.0,,1746763200.0,1746763200.0,True,,,False,1746763200.0,2025-05-09,-283.0
3,True,61.06194690265487,False,False,True,False,0.40040094152933264,3565.0,3565.0,144392525.0,144.392525,4390.0,0.8120728929384966,-0.24487471526195903,0.17365429729688997,169.39965375419908,4.751743443315542,-0.1879271070615034,-0.1879271070615034,18.011815920325198,24.05586470593658,27.616011548976914,fund_low_adv20,2,cross_sma25_down;trailing_stop,False,True,False,False,True,False,False,False,False,9913.T,,3565.0,22.398844,1.7961969,159.16,1984.749,32323084288.0,,1747107000.0,1747107000.0,True,,,False,1747107000.0,2025-05-13,-281.0
1,False,76.72413793103448,True,False,True,False,0.45759156629117664,735.0,735.0,3460420.0,3.46042,1142.388916015625,0.643388595333629,-0.4178865089838595,-0.22724119232437723,23.10391357062322,3.1433896014453357,-0.05769230769230771,-0.3544137022397892,29.37455769815483,21.24244831433036,26.191370367993134,"fund_low_adv20,fund_small_mcap",2,trend_break;di_bear,True,False,False,False,False,False,True,False,False,9914.T,,735.0,13.276734,0.50396764,55.36,1458.427,1647974400.0,,1745474400.0,1745474400.0,True,,,False,1745474400.0,2025-04-24,-294.0
6,True,52.38095238095237,False,True,False,True,0.5279058773319588,965.0,965.0,753015.0,0.753015,972.0,0.992798353909465,-0.16630753660281927,0.15574398773593945,1.6414109906094672,0.1700944031719655,-0.007201646090534974,-0.007201646090534974,49.340414881713436,47.98660737270216,33.544157926190955,"fund_low_adv20,fund_small_mcap",1,macd_sell_like,False,False,True,False,False,False,False,False,False,9927.T,,965.0,21.73913,2.3277636,44.39,414.561,8442803200.0,,1747290600.0,1747290600.0,True,,,False,1747290600.0,2025-05-15,-279.0
4,False,53.2608695652174,True,False,False,False,0.38797106529919156,1748.0,1748.0,67284990.0,67.28499,1955.46728515625,0.893903985645215,-0.16501972509468021,-0.017961199792952964,34.85670595720741,1.9940907298173576,-0.021276595744680882,-0.043763676148796504,12.146170385413308,19.03297637132858,13.59494484906996,fund_low_adv20,1,trend_break,True,False,False,False,False,False,False,False,False,9928.T,,1748.0,9.94821,1.579666,175.71,1106.563,52341948416.0,,1753770600.0,1754289000.0,True,,,False,1753770600.0,2025-07-29,-226.0
6,True,48.57142857142856,False,False,True,True,0.23581982665043116,466.0,466.0,661770.0,0.66177,503.625,0.9252916356415984,-0.10736839675525955,0.029656924579158916,5.006838798784998,1.0744289267778966,-0.010615711252653925,-0.016877637130801704,13.734587096659485,27.517871363943048,30.120645378822513,"fund_low_adv20,fund_small_mcap",0,,False,False,False,False,False,False,False,False,False,9929.T,,468.0,55.78069,0.42255315,8.39,1107.553,4329478144.0,,1747119600.0,1747119600.0,True,,,False,1747119600.0,2025-05-13,-281.0
3,False,45.00000000000001,False,False,False,False,0.21890274091920542,347.0,347.0,1484105.0,1.484105,384.8450622558594,0.9016615620997663,-0.1303258314997051,-0.008916594141832546,5.64076396169332,1.6255803924188243,-0.049315068493150704,-0.08201058201058198,24.177195222710292,13.70725359761338,22.92570845842463,"fund_low_adv20,fund_small_mcap",2,trend_break;di_bear,True,False,False,False,False,False,True,False,False,9930.T,,347.0,29.332207,0.5680925,11.83,610.816,6450689024.0,,1754546400.0,1754892000.0,True,,,False,1754546400.0,2025-08-07,-219.0
2,False,38.888888888888886,True,False,True,True,0.4206422260721924,1148.0,1148.0,38252735.0,38.252735,1955.3958740234375,0.5870933938496384,-0.4251803356385073,-0.21371747280155928,23.574743786035825,2.053549110281866,-0.048881524440762214,-0.1256664127951257,39.427542016206075,18.052070032496196,32.31794463558395,"fund_low_adv20,fund_small_mcap",2,trend_break;di_bear,True,False,False,False,False,False,True,False,False,9932.T,,1148.0,9.792715,0.5900163,117.23,1945.709,20065046528.0,,1753669800.0,1754015400.0,True,,,False,1753669800.0,2025-07-28,-227.0
6,True,44.18181818181819,False,False,True,False,0.37795215382359065,2661.0,2661.0,593711340.0,593.71134,2829.0,0.9406150583244963,-0.11563206012272254,0.09050489924322891,65.9219985455903,2.477339291453976,-0.05938494167550368,-0.05938494167550368,13.65091251771122,22.25445629409854,21.982870284398476,,1,macd_sell_like,False,False,True,False,False,False,False,False,False,9934.T,,2661.0,12.914341,1.5087702,206.05,1763.688,298706960384.0,1778826600.0,1785393000.0,1785393000.0,True,,,True,1785393000.0,2026-07-30,36.0
1,False,32.65306122448979,True,False,True,False,0.5488512037226636,2675.0,2675.0,743929355.0,743.929355,3901.68603515625,0.6856010391140749,-0.3336214199265066,-0.1697144912957299,51.00490849523633,1.906725551223788,-0.0564373897707231,-0.14453533374817795,44.98086012746884,15.792794210215547,26.185692649777454,,2,trend_break;di_bear,True,False,False,False,False,False,True,False,False,9936.T,,2675.0,18.9824,2.1616912,140.92,1237.457,140521127936.0,1778826600.0,1785393000.0,1785393000.0,True,,,True,1785393000.0,2026-07-30,36.0
4,True,58.18505338078292,True,False,True,True,0.5147438414791031,1138.0,1138.0,145189935.0,145.189935,1649.0,0.6901152213462705,-0.4584596725288054,0.3525479126429951,107.49317245562132,9.445797228086231,-0.03148936170212768,-0.30988477865372954,39.90058763381137,32.06096500848453,17.493271488572258,"fund_low_adv20,fund_small_mcap",0,ext_dev200,False,False,False,False,False,True,False,False,False,9941.T,,1138.0,14.355999,1.999979,79.27,569.006,2199976960.0,,1754978400.0,1755496800.0,True,,,False,1754978400.0,2025-08-12,-216.0
3,False,36.65338645418326,False,True,False,True,0.4882560788802697,1815.0,1815.0,68250540.0,68.25054,2168.212890625,0.837094921743047,-0.18504312577412452,-0.078235377123417,28.528483653074254,1.571817281161116,-0.046242774566473965,-0.046242774566473965,18.640274407980556,14.78148697969279,26.55946646267231,"fund_neg_eps,fund_low_adv20",2,trend_break;vol_distribution,True,False,False,False,False,False,False,True,False,9946.T,,1815.0,-9.350368347844006,1.9898458,-194.11,912.131,52649267200.0,,1751954400.0,1752472800.0,True,,,False,1751954400.0,2025-07-08,-241.0
4,False,44.047619047619044,True,False,True,False,0.46730016593942664,3320.0,3320.0,226741400.0,226.7414,3960.0,0.8383838383838383,-0.19444444444444442,-0.01461596953682287,71.21936920861509,2.145161723151057,-0.040462427745664775,-0.14543114543114544,37.42116443697873,16.6489790448959,23.176198380283537,,2,trend_break;di_bear,True,False,False,False,False,False,True,False,False,9948.T,,3320.0,14.34745,0.9018504,231.4,3681.32,176890773504.0,1783060200.0,1783060200.0,1783060200.0,True,,,True,1783060200.0,2026-07-03,17.0
4,False,46.15384615384615,False,False,False,True,0.4284928634711716,3405.0,3405.0,2980450.0,2.98045,3499.691650390625,0.9729428590144347,-0.054371731923862465,-0.00611464666600281,10.333599476401977,0.303483097691688,-0.005839416058394109,-0.024277284214374806,22.2693719174229,21.157175738860502,20.303940244016232,"fund_low_adv20,fund_small_mcap",2,trend_break;macd_sell_like,True,False,True,False,False,False,False,False,False,9950.T,,3405.0,166.66667,2.629628,20.43,1294.86,10010996736.0,,1746000000.0,1746000000.0,True,,,False,1746000000.0,2025-04-30,-290.0
3,False,48.07162534435262,False,False,True,False,0.5420741974464138,2574.0,2574.0,7744325.0,7.744325,3152.792724609375,0.8164190369726616,-0.19436505287080008,-0.06752454611727399,66.42511691163253,2.5806183726352963,-0.07642626480086112,-0.15432817197601312,21.301715704065025,22.124497679031343,24.65900726705291,fund_low_adv20,3,trend_break;macd_sell_like;di_bear,True,False,True,False,False,False,True,False,False,9955.T,,2574.0,8.332524,0.7736044,308.91,3327.282,31544496128.0,,1746599400.0,1746599400.0,True,,,False,1746599400.0,2025-05-07,-285.0
8,True,50.318471337579616,True,False,True,False,0.360870463312334,3610.0,3610.0,455069650.0,455.06965,3935.0,0.9174078780177891,-0.16645489199491736,0.09860031395055935,101.04168630606385,2.798938678838334,-0.04244031830238726,-0.08259212198221089,25.029474809617117,27.036787894701213,24.49057191855016,,0,,False,False,False,False,False,False,False,False,False,9956.T,,3610.0,11.537232,1.0264819,312.9,3516.867,190151753728.0,1786084200.0,1786084200.0,1786084200.0,True,,,True,1786084200.0,2026-08-07,42.0
3,True,67.56756756756758,False,False,True,True,0.5574030394989165,890.0,890.0,2565150.0,2.56515,1235.618408203125,0.7202871000394578,-0.33312744895223223,0.10379813340878674,23.981936022635814,2.6945995531051476,-0.020902090209020896,-0.27971289996054216,16.31416722525532,23.52182903421956,21.29055085258945,"fund_low_adv20,fund_small_mcap",0,,False,False,False,False,False,False,False,False,False,9959.T,,890.0,12.06289,1.3834506,73.78,643.319,10979066880.0,,1747112400.0,1747112400.0,True,,,False,1747112400.0,2025-05-13,-281.0
6,True,61.19402985074626,True,False,True,True,0.4643168332435625,3790.0,3790.0,337482925.0,337.482925,4460.74267578125,0.8496343043002863,-0.1918386102895694,0.055367839232803195,128.00046275389647,3.377320916989353,-0.05838509316770191,-0.0710936058759859,7.327862239796829,26.25033255628242,23.231661762860657,,0,,False,False,False,False,False,False,False,False,False,9960.T,,3790.0,11.872689,2.113131,319.22,1793.547,155413528576.0,,1754548200.0,1754980200.0,True,,,True,1754548200.0,2025-08-07,-219.0
4,True,67.37109044801352,False,False,True,True,0.30711199835477737,3638.0,3638.0,4944025035.0,4944.025035,3828.0,0.9503657262277951,-0.35370415393149623,0.36368247474798654,150.01529773477682,4.123565083418825,-0.04963427377220486,-0.04963427377220486,25.931288146589832,27.317643615931342,21.248449605200452,,1,macd_sell_like;ext_dev200,False,False,True,False,False,True,False,False,False,9962.T,,3638.0,24.422663,2.5289125,148.96,1438.563,963758850048.0,1777530600.0,1784874600.0,1784874600.0,True,,,True,1784874600.0,2026-07-24,32.0
2,False,56.52173913043478,True,False,True,True,0.5358341654010086,228.0,228.0,2539390.0,2.53939,262.4321594238281,0.8687959604515536,-0.15406709113927675,-0.07600441283315384,3.2643143061842648,1.431716800958011,-0.004366812227074246,-0.1312040395484464,33.91613635234584,20.401771779607238,23.602803099483534,"fund_neg_eps,fund_low_adv20,fund_small_mcap",2,trend_break;di_bear,True,False,False,False,False,False,True,False,False,9969.T,,228.0,-108.0568720379147,1.451037,-2.11,157.129,3496989440.0,,1747117800.0,1747117800.0,True,,,False,1747117800.0,2025-05-13,-281.0
6,False,48.275862068965516,True,False,True,True,0.38749592557835194,267.0,267.0,1964230.0,1.96423,302.3049621582031,0.8832140832020904,-0.1719192975711059,-0.017556087908835116,5.84990493519829,2.1909756311604083,-0.011111111111111072,-0.05319148936170215,21.410945365881076,21.716404028920223,16.410602552635876,"fund_neg_eps,fund_low_adv20,fund_small_mcap",1,trend_break,True,False,False,False,False,False,False,False,False,9972.T,,267.0,-1.4169718197739214,0.42516804,-188.43,627.987,3676426752.0,,1751527800.0,1751873400.0,True,,,False,1751527800.0,2025-07-03,-244.0
0,False,33.33333333333333,False,False,True,False,0.34439554746939827,20.0,20.0,34202400.0,34.2024,40.0,0.5,-0.5,-0.23736892278360344,1.2883891840251382,6.441945920125692,-0.13043478260869568,-0.2592592592592593,49.350974685814904,2.7009451151339325,13.533127408004656,"fund_neg_eps,fund_low_adv20,fund_small_mcap",3,trend_break;trailing_stop;di_bear,True,False,False,False,True,False,True,False,False,9973.T,,20.0,-7.874015748031496,10.598834,-2.54,1.887,5892285952.0,,1754982000.0,1755500400.0,True,,,False,1754982000.0,2025-08-12,-216.0
2,False,45.87155963302752,True,False,True,False,0.42702444995364897,6400.0,6400.0,194676650.0,194.67665,8070.0,0.7930607187112764,-0.241635687732342,-0.1280325696892446,143.90927886067993,2.248582482198124,-0.03903903903903905,-0.18575063613231557,46.297489075876086,18.544855837202135,26.893528442323888,fund_low_adv20,2,trend_break;di_bear,True,False,False,False,False,False,True,False,False,9974.T,,6400.0,10.511275,1.1055273,608.87,5789.093,133317738496.0,1783665000.0,1783665000.0,1783665000.0,True,,,False,1783665000.0,2026-07-10,22.0
7,True,38.53211009174312,True,False,True,False,0.08231440714446193,1040.0,1040.0,927065.0,0.927065,1288.8636474609375,0.8069123541879708,-0.24452829892035433,0.01614861839074755,9.597605396027568,0.9228466726949585,-0.04147465437788023,-0.04147465437788023,13.703764372181318,46.005358115511086,39.04818096972003,"fund_low_adv20,fund_small_mcap",0,,False,False,False,False,False,False,False,False,False,9976.T,,1040.0,14.230979,0.52820355,73.08,1968.938,5646292992.0,,1742972400.0,1742972400.0,True,,,False,1742972400.0,2025-03-26,-315.0
1,False,50.0,False,False,True,True,0.3478127265061991,45.0,45.0,7518050.0,7.51805,66.0,0.6818181818181818,-0.48453608247422686,-0.105812220566319,1.531269287097688,3.4028206379948625,-0.04255319148936165,-0.08163265306122447,33.8022321754835,7.365666253828341,11.645926363036532,"fund_neg_eps,fund_low_adv20,fund_small_mcap",2,trend_break;di_bear,True,False,False,False,False,False,True,False,False,9978.T,,45.0,-10.76555023923445,1.7044163,-4.18,26.402,1971980672.0,,1752129000.0,1752474600.0,True,,,False,1752129000.0,2025-07-10,-239.0
3,False,66.19718309859155,True,False,True,True,0.4854488133317111,1089.0,1089.0,36297545.0,36.297545,1242.6632080078125,0.8763436408050101,-0.18320588115970127,-0.03847280938861852,18.098397619399474,1.661928156051375,-0.010000000000000009,-0.022441651705565557,20.947127815163743,31.988409273540974,13.983766829135243,"fund_low_adv20,fund_small_mcap",1,trend_break,True,False,False,False,False,False,False,False,False,9979.T,,1089.0,27.500002,1.9896189,39.6,547.341,22852745216.0,,1752476400.0,1752822000.0,True,,,False,1752476400.0,2025-07-14,-237.0
2,False,52.94117647058823,False,False,True,True,0.3323373657716074,97.0,97.0,17093040.0,17.09304,157.5,0.6158730158730159,-0.3904761904761904,-0.018211576544112207,2.7796202440733637,2.8655878804880035,-0.0490196078431373,-0.20387146634549302,8.156186673789827,19.484706355495728,20.082446294161446,"fund_low_adv20,fund_small_mcap",2,trend_break;cross_sma25_down,True,True,False,False,False,False,False,False,False,9980.T,,97.0,10.221286,0.6125091,9.49,158.365,8937421824.0,,1754980200.0,1755498600.0,True,,,False,1754980200.0,2025-08-12,-216.0
5,True,41.194029850746276,False,False,True,True,0.3199325819171887,2665.0,2665.0,58507820.0,58.50782,2920.0,0.9126712328767124,-0.10346319804997184,0.22056688909504096,85.71374244340636,3.216275513823878,-0.08732876712328763,-0.08732876712328763,16.29155498906724,20.710967985320348,26.196750094527914,"fund_low_adv20,fund_small_mcap",1,trailing_stop;ext_dev200,False,False,False,False,True,True,False,False,False,9982.T,,2665.0,14.327188,0.6948185,186.01,3835.534,22525472768.0,,1752134400.0,1752480000.0,True,,,False,1752134400.0,2025-07-10,-239.0
4,True,67.82874617737002,False,False,True,True,0.24600847404097084,79130.0,79130.0,78821469450.0,78821.46945,82330.0,0.9611320296368274,-0.2004606113800026,0.3115822423674579,2073.1821571382243,2.6199698687453865,-0.03886797036317258,-0.03886797036317258,23.908576016751013,26.561629120317555,15.983633768136796,,1,macd_sell_like;ext_dev200,False,False,True,False,False,True,False,False,False,9983.T,,79130.0,50.68537,9.223399,1561.2,8579.267,24280228167680.0,1783578600.0,1783578600.0,1783578600.0,True,,,True,1783578600.0,2026-07-09,21.0
4,True,53.27741534638087,False,False,True,False,0.5293486891358619,6461.0,6461.0,564594746150.0,564594.74615,8632.0,0.7484939759036144,-0.4864359953363172,0.355063886279088,619.2944476323564,9.585117592204867,-0.25150602409638556,-0.25150602409638556,33.947167462106506,32.38258337973019,26.86213785738929,,3,macd_sell_like;trailing_stop;ext_dev200;natr_spike,False,False,True,False,True,True,False,False,True,9984.T,,6461.0,7.4048185,2.1126592,872.54,3058.231,36820746240000.0,1778653800.0,1785997800.0,1785997800.0,True,,,True,1785997800.0,2026-08-06,41.0
6,True,42.019543973941374,True,True,False,False,0.5258355227374748,2498.0,2498.0,8241880.0,8.24188,2701.0,0.9248426508700481,-0.10699740836727134,0.005011818954993474,34.01300592489688,1.3616095246155677,-0.03923076923076918,-0.07515734912995187,52.337256213796266,8.980806957824207,32.02696916977085,"fund_low_adv20,fund_small_mcap",1,di_bear,False,False,False,False,False,False,True,False,False,9986.T,,2498.0,18.898474,1.2102467,132.18,2064.042,13584304128.0,,1754460000.0,1754978400.0,True,,,False,1754460000.0,2025-08-06,-220.0
1,False,30.317460317460316,True,False,False,False,0.4865942872625691,5096.0,5096.0,1374194340.0,1374.19434,6550.9501953125,0.7779024184379264,-0.23385160162088847,-0.13458369268178527,121.68993236170193,2.387950007097762,-0.05769230769230771,-0.1845095215234438,49.90626997289014,9.57568072986941,27.927084374987288,,2,trend_break;di_bear,True,False,False,False,False,False,True,False,False,9987.T,,5096.0,9.338978,0.82881063,545.67,6148.57,344682463232.0,1786084200.0,1786084200.0,1786084200.0,True,,,True,1786084200.0,2026-08-07,42.0
4,False,63.49809885931559,True,False,True,False,0.4058458368119429,3858.0,3858.0,2368199640.0,2368.19964,4690.23828125,0.8225594881656633,-0.23244837807247598,-0.05971375702457382,76.6607074872716,1.9870582552429132,-0.004387096774193577,-0.03114013058764442,23.591255679537777,29.37544869101545,16.729000147934116,,1,trend_break,True,False,False,False,False,False,False,False,False,9989.T,,3858.0,14.375675,1.5780355,268.37,2444.812,451320020992.0,1786689000.0,1786689000.0,1786689000.0,True,,,True,1786689000.0,2026-08-14,47.0
3,False,61.038961038961034,True,False,True,False,0.537923022531318,737.0,737.0,40929710.0,40.92971,814.3712158203125,0.9049926933598987,-0.23244400297576195,-0.026974653720644004,9.95685402434923,1.3509978323404654,0.0,-0.07874999999999999,39.36846126190683,21.34788031288233,20.63877265089417,"fund_low_adv20,fund_small_mcap",1,trend_break,True,False,False,False,False,False,False,False,False,9990.T,,737.0,11.233044,0.69326663,65.61,1063.083,21414297600.0,,1753855200.0,1754287200.0,True,,,False,1753855200.0,2025-07-30,-225.0
3,False,39.77900552486188,True,False,True,True,0.596027895844398,1469.0,1469.0,76954810.0,76.95481,1885.221923828125,0.7792186062726524,-0.2313902243096846,-0.025540774441675795,32.89746124114983,2.239445966041513,-0.08187500000000003,-0.19921708044389308,20.908735119113995,19.051018061564072,28.664045178720848,fund_low_adv20,3,trend_break;trailing_stop;di_bear,True,False,False,False,True,False,True,False,False,9991.T,,1469.0,8.447384,0.69341123,173.9,2118.512,49426350080.0,,1753254000.0,1753686000.0,True,,,False,1753254000.0,2025-07-23,-230.0
7,True,60.0,True,True,False,True,0.37142771204010533,1161.0,1161.0,3332865.0,3.332865,1203.4888916015625,0.9646952357449518,-0.1317701245539623,0.002695182295308074,6.099926237584292,0.52540277670838,0.0,-0.02926421404682278,22.21602757751843,23.14197434172924,11.2612465691088,"fund_low_adv20,fund_small_mcap",0,,False,False,False,False,False,False,False,False,False,9993.T,,1161.0,9.016075,0.44570038,128.77,2604.889,11919811584.0,,1752040800.0,1752472800.0,True,,,False,1752040800.0,2025-07-09,-240.0
1,False,37.68115942028985,False,False,True,False,0.1279689336799394,2038.0,2038.0,52667935.0,52.667935,2693.216064453125,0.7567161160587497,-0.2721804365719872,-0.09432922276302347,45.13867764493578,2.2148516999477814,-0.11159546643417606,-0.15295095594347463,29.287119099949116,13.419063328623732,31.08200474272231,"fund_low_adv20,fund_small_mcap",3,trend_break;trailing_stop;di_bear,True,False,False,False,True,False,True,False,False,9994.T,,2038.0,10.632858,0.5954348,191.67,3422.709,22094800896.0,,1754546400.0,1754978400.0,True,,,False,1754546400.0,2025-08-07,-219.0
2,False,31.159420289855078,False,False,True,False,0.48366265528919933,1995.0,1995.0,1816555.0,1.816555,2415.380126953125,0.825956948861953,-0.17485822494620873,-0.07585036800996736,39.63358421590881,1.9866458253588375,-0.08275862068965523,-0.17098395132744715,46.96724376483386,9.73759302323201,42.6894471809613,"fund_low_adv20,fund_small_mcap",3,trend_break;trailing_stop;di_bear,True,False,False,False,True,False,True,False,False,9996.T,,1995.0,13.27787,0.6115604,150.25,3262.147,16638727168.0,,1747117800.0,1747117800.0,True,,,False,1747117800.0,2025-05-13,-281.0
4,False,59.4059405940594,False,False,True,False,0.3789351244943241,952.0,952.0,385399400.0,385.3994,1031.3179931640625,0.923090653232262,-0.19229567842177075,0.0070819885500696955,19.44566964567694,2.0426123577391744,0.0,0.0,28.92114863449979,29.45028128399954,11.303743379305816,,1,trend_break,True,False,False,False,False,False,False,False,False,9997.T,,952.0,7.933995,0.6054023,119.99,1572.508,91558215680.0,,1753768800.0,1754287200.0,True,,,True,1753768800.0,2025-07-29,-226.0
